0 3
1 25
2 32
3 1
4 67
5 65
6 31
7 22
8 42
9 28
10 77
11 74
12 31
13 80
14 71
15 18
16 76
17 9
18 58
19 45
20 48
21 53
22 28
23 50
24 37
25 47
26 59
27 58
28 2
29 8
30 46
31 11
32 62
33 53
34 34
35 7
36 51
37 2
38 15
39 25
40 52
41 41
42 24
43 47
44 12
45 61
46 67
47 45
48 6
49 69
50 59
51 60
52 32
53 44
54 49
55 73
56 43
57 0
58 51
59 53
60 59
61 74
62 12
63 61
64 13
65 81
66 25
67 50
68 12
69 14
70 10
71 6
72 65
73 70
74 47
75 9
76 70
77 42
78 74
79 81
80 6
81 30
82 8
0 3
1 25
2 67
3 36
4 67
5 65
6 62
7 77
8 27
9 28
10 9
11 74
12 36
13 80
14 71
15 25
16 41
17 55
18 80
19 5
20 48
21 53
22 55
23 32
24 37
25 47
26 23
27 53
28 58
29 34
30 3
31 11
32 62
33 33
34 17
35 7
36 51
37 38
38 15
39 25
40 61
41 15
42 24
43 18
44 51
45 63
46 4
47 45
48 6
49 14
50 59
51 72
52 44
53 72
54 79
55 73
56 43
57 0
58 51
59 53
60 5
61 74
62 12
63 61
64 13
65 81
66 42
67 50
68 12
69 80
70 10
71 6
72 65
73 39
74 21
75 45
76 70
77 42
78 50
79 81
80 2
81 30
82 12
