0 15
1 18
2 57
3 81
4 71
5 81
6 16
7 43
8 16
9 2
10 43
11 65
12 21
13 22
14 62
15 9
16 36
17 79
18 76
19 81
20 38
21 21
22 53
23 48
24 19
25 60
26 1
27 30
28 50
29 60
30 68
31 70
32 42
33 73
34 39
35 81
36 71
37 7
38 15
39 68
40 60
41 15
42 76
43 63
44 20
45 53
46 68
47 54
48 78
49 78
50 53
51 0
52 7
53 40
54 82
55 16
56 74
57 43
58 35
59 43
60 24
61 39
62 41
63 22
64 50
65 79
66 7
67 15
68 33
69 76
70 1
71 5
72 15
73 43
74 73
75 3
76 20
77 81
78 54
79 61
80 38
81 79
82 10
0 57
1 56
2 57
3 40
4 12
5 81
6 24
7 43
8 16
9 32
10 43
11 65
12 21
13 22
14 74
15 9
16 36
17 2
18 31
19 81
20 38
21 8
22 53
23 42
24 33
25 70
26 65
27 30
28 50
29 45
30 68
31 36
32 42
33 73
34 73
35 81
36 41
37 0
38 15
39 68
40 60
41 77
42 44
43 33
44 20
45 53
46 79
47 21
48 78
49 26
50 30
51 0
52 59
53 40
54 62
55 36
56 74
57 43
58 66
59 43
60 78
61 35
62 36
63 37
64 50
65 79
66 64
67 15
68 33
69 76
70 1
71 21
72 15
73 39
74 82
75 3
76 35
77 60
78 42
79 61
80 38
81 27
82 36
