0 45
1 22
2 41
3 67
4 43
5 81
6 3
7 53
8 19
9 11
10 48
11 29
12 31
13 73
14 74
15 42
16 31
17 13
18 42
19 74
20 80
21 1
22 51
23 52
24 19
25 30
26 55
27 6
28 13
29 28
30 80
31 23
32 46
33 40
34 70
35 8
36 41
37 23
38 81
39 57
40 76
41 23
42 21
43 23
44 62
45 43
46 32
47 16
48 62
49 40
50 13
51 31
52 77
53 32
54 37
55 54
56 77
57 27
58 40
59 20
60 33
61 28
62 9
63 78
64 14
65 60
66 75
67 42
68 63
69 53
70 25
71 39
72 81
73 23
74 6
75 47
76 12
77 51
78 32
79 26
80 60
81 59
82 31
0 51
1 67
2 41
3 67
4 43
5 81
6 45
7 53
8 60
9 11
10 48
11 16
12 31
13 14
14 66
15 42
16 57
17 4
18 42
19 74
20 80
21 1
22 51
23 52
24 19
25 30
26 55
27 60
28 13
29 28
30 80
31 59
32 32
33 40
34 77
35 8
36 64
37 48
38 81
39 63
40 75
41 23
42 39
43 23
44 62
45 81
46 32
47 7
48 16
49 40
50 55
51 70
52 10
53 51
54 37
55 54
56 11
57 27
58 42
59 20
60 33
61 28
62 9
63 78
64 73
65 60
66 75
67 53
68 17
69 74
70 25
71 39
72 81
73 23
74 6
75 60
76 12
77 51
78 57
79 26
80 22
81 59
82 31
