0 56
1 33
2 59
3 57
4 8
5 75
6 67
7 16
8 77
9 50
10 31
11 1
12 31
13 21
14 52
15 5
16 5
17 5
18 52
19 29
20 72
21 60
22 8
23 43
24 49
25 22
26 39
27 14
28 56
29 29
30 62
31 24
32 37
33 47
34 63
35 25
36 11
37 70
38 64
39 37
40 5
41 82
42 78
43 2
44 54
45 17
46 23
47 38
48 64
49 59
50 9
51 61
52 66
53 11
54 12
55 1
56 27
57 78
58 71
59 17
60 17
61 15
62 51
63 39
64 62
65 8
66 8
67 65
68 31
69 39
70 5
71 2
72 39
73 77
74 58
75 14
76 7
77 28
78 77
79 53
80 20
81 51
82 73
0 48
1 52
2 59
3 57
4 8
5 75
6 67
7 80
8 77
9 50
10 5
11 1
12 31
13 21
14 52
15 5
16 5
17 43
18 52
19 4
20 72
21 60
22 8
23 43
24 51
25 40
26 39
27 71
28 56
29 56
30 62
31 24
32 37
33 47
34 63
35 25
36 11
37 12
38 64
39 26
40 54
41 5
42 76
43 2
44 5
45 28
46 23
47 22
48 4
49 59
50 9
51 61
52 10
53 9
54 46
55 36
56 27
57 78
58 71
59 17
60 3
61 15
62 51
63 39
64 62
65 74
66 37
67 30
68 4
69 62
70 5
71 2
72 32
73 6
74 58
75 13
76 46
77 28
78 74
79 53
80 47
81 76
82 22
