0 26
1 81
2 2
3 21
4 19
5 34
6 37
7 22
8 9
9 40
10 71
11 40
12 42
13 38
14 81
15 70
16 50
17 37
18 66
19 65
20 6
21 57
22 38
23 27
24 9
25 70
26 44
27 20
28 42
29 29
30 36
31 64
32 17
33 60
34 32
35 11
36 18
37 53
38 11
39 69
40 80
41 1
42 25
43 51
44 81
45 66
46 62
47 65
48 30
49 54
50 50
51 19
52 29
53 54
54 14
55 52
56 34
57 72
58 71
59 44
60 73
61 68
62 53
63 2
64 16
65 13
66 19
67 28
68 70
69 22
70 1
71 70
72 8
73 79
74 63
75 4
76 37
77 17
78 24
79 44
80 46
81 11
82 19
0 46
1 81
2 28
3 61
4 19
5 20
6 55
7 22
8 68
9 40
10 71
11 45
12 42
13 32
14 51
15 40
16 27
17 37
18 18
19 65
20 72
21 57
22 38
23 60
24 15
25 36
26 44
27 13
28 42
29 29
30 36
31 64
32 17
33 60
34 18
35 20
36 18
37 12
38 66
39 15
40 80
41 1
42 16
43 44
44 81
45 51
46 2
47 65
48 8
49 54
50 80
51 68
52 29
53 71
54 39
55 52
56 34
57 72
58 71
59 78
60 70
61 68
62 53
63 2
64 16
65 22
66 6
67 42
68 70
69 78
70 1
71 4
72 8
73 45
74 63
75 73
76 37
77 17
78 24
79 27
80 46
81 11
82 19
