0 58
1 14
2 64
3 5
4 23
5 46
6 11
7 27
8 41
9 29
10 4
11 34
12 53
13 81
14 34
15 68
16 30
17 0
18 13
19 58
20 20
21 74
22 7
23 82
24 68
25 1
26 42
27 30
28 73
29 25
30 62
31 58
32 66
33 61
34 28
35 23
36 6
37 69
38 41
39 32
40 6
41 38
42 11
43 62
44 1
45 38
46 23
47 27
48 17
49 22
50 49
51 69
52 35
53 26
54 62
55 37
56 7
57 39
58 39
59 33
60 78
61 53
62 75
63 30
64 46
65 7
66 66
67 1
68 50
69 46
70 50
71 54
72 7
73 40
74 59
75 23
76 75
77 46
78 9
79 11
80 31
81 17
82 79
0 58
1 14
2 34
3 22
4 26
5 46
6 46
7 27
8 41
9 29
10 4
11 66
12 53
13 81
14 20
15 2
16 23
17 28
18 13
19 58
20 20
21 74
22 7
23 82
24 68
25 1
26 30
27 41
28 73
29 25
30 59
31 45
32 66
33 61
34 28
35 23
36 78
37 6
38 41
39 32
40 6
41 43
42 11
43 26
44 33
45 49
46 69
47 27
48 17
49 22
50 40
51 6
52 35
53 26
54 62
55 29
56 7
57 39
58 0
59 33
60 78
61 53
62 60
63 30
64 46
65 7
66 7
67 1
68 50
69 28
70 56
71 54
72 27
73 40
74 59
75 23
76 75
77 39
78 9
79 55
80 65
81 42
82 79
