0 47
1 14
2 47
3 77
4 7
5 45
6 4
7 55
8 81
9 76
10 0
11 4
12 51
13 3
14 82
15 11
16 64
17 45
18 37
19 2
20 64
21 23
22 36
23 65
24 25
25 78
26 21
27 59
28 5
29 61
30 50
31 41
32 67
33 29
34 11
35 16
36 50
37 78
38 63
39 63
40 55
41 28
42 67
43 44
44 15
45 0
46 42
47 78
48 17
49 14
50 26
51 9
52 47
53 11
54 31
55 40
56 78
57 26
58 45
59 43
60 28
61 77
62 30
63 12
64 73
65 59
66 10
67 24
68 69
69 22
70 73
71 6
72 35
73 31
74 5
75 8
76 60
77 36
78 55
79 21
80 49
81 25
82 62
0 47
1 32
2 47
3 77
4 7
5 45
6 46
7 55
8 76
9 5
10 0
11 4
12 41
13 27
14 27
15 11
16 51
17 65
18 40
19 2
20 13
21 15
22 36
23 65
24 25
25 78
26 21
27 50
28 2
29 61
30 24
31 19
32 67
33 14
34 11
35 16
36 70
37 5
38 63
39 38
40 69
41 28
42 67
43 36
44 40
45 0
46 79
47 78
48 62
49 14
50 26
51 9
52 37
53 12
54 31
55 54
56 81
57 13
58 45
59 43
60 28
61 23
62 58
63 12
64 73
65 59
66 10
67 5
68 69
69 45
70 73
71 6
72 46
73 0
74 5
75 8
76 2
77 36
78 55
79 13
80 49
81 19
82 40
