0 26
1 59
2 24
3 19
4 49
5 10
6 7
7 23
8 46
9 70
10 26
11 79
12 67
13 39
14 29
15 51
16 47
17 71
18 18
19 43
20 68
21 3
22 17
23 5
24 72
25 14
26 15
27 38
28 79
29 63
30 55
31 32
32 69
33 54
34 73
35 37
36 52
37 72
38 17
39 8
40 6
41 45
42 70
43 8
44 52
45 59
46 48
47 47
48 48
49 0
50 75
51 33
52 76
53 11
54 5
55 7
56 16
57 29
58 43
59 81
60 2
61 17
62 64
63 8
64 39
65 0
66 5
67 44
68 77
69 19
70 68
71 45
72 33
73 32
74 2
75 27
76 55
77 20
78 41
79 66
80 43
81 12
82 32
0 26
1 40
2 24
3 10
4 49
5 18
6 7
7 40
8 20
9 11
10 29
11 53
12 67
13 0
14 3
15 57
16 73
17 71
18 15
19 43
20 68
21 3
22 17
23 50
24 72
25 59
26 15
27 38
28 22
29 63
30 55
31 32
32 46
33 54
34 73
35 65
36 52
37 72
38 17
39 8
40 6
41 59
42 44
43 8
44 74
45 59
46 48
47 47
48 77
49 0
50 75
51 33
52 76
53 31
54 73
55 7
56 55
57 29
58 43
59 67
60 2
61 17
62 64
63 8
64 39
65 0
66 5
67 44
68 77
69 19
70 68
71 12
72 11
73 32
74 49
75 27
76 55
77 20
78 41
79 69
80 13
81 12
82 32
