0 25
1 14
2 46
3 76
4 66
5 80
6 7
7 17
8 57
9 9
10 79
11 40
12 1
13 32
14 52
15 57
16 45
17 5
18 48
19 54
20 54
21 24
22 8
23 58
24 44
25 56
26 67
27 4
28 31
29 56
30 75
31 68
32 9
33 47
34 23
35 37
36 81
37 15
38 35
39 69
40 35
41 29
42 24
43 12
44 59
45 28
46 74
47 76
48 78
49 20
50 21
51 27
52 74
53 42
54 36
55 48
56 82
57 29
58 79
59 54
60 75
61 53
62 41
63 28
64 17
65 80
66 39
67 28
68 60
69 34
70 77
71 72
72 47
73 56
74 7
75 45
76 68
77 52
78 34
79 33
80 74
81 67
82 22
0 6
1 9
2 49
3 76
4 62
5 80
6 14
7 17
8 57
9 9
10 79
11 40
12 1
13 32
14 52
15 57
16 47
17 5
18 48
19 54
20 51
21 16
22 31
23 57
24 44
25 17
26 34
27 4
28 31
29 56
30 33
31 68
32 9
33 47
34 7
35 59
36 38
37 60
38 35
39 69
40 35
41 29
42 24
43 35
44 59
45 28
46 74
47 76
48 78
49 12
50 59
51 27
52 74
53 42
54 36
55 48
56 6
57 74
58 79
59 54
60 75
61 53
62 24
63 28
64 17
65 80
66 10
67 28
68 13
69 33
70 82
71 30
72 47
73 44
74 74
75 14
76 68
77 69
78 22
79 65
80 74
81 11
82 22
