0 15
1 36
2 39
3 17
4 22
5 79
6 0
7 55
8 64
9 55
10 58
11 60
12 73
13 80
14 44
15 41
16 10
17 54
18 62
19 32
20 35
21 72
22 33
23 58
24 54
25 35
26 43
27 54
28 63
29 69
30 45
31 16
32 50
33 77
34 50
35 14
36 57
37 74
38 47
39 19
40 28
41 55
42 40
43 35
44 29
45 38
46 79
47 8
48 40
49 24
50 31
51 57
52 40
53 41
54 34
55 57
56 3
57 1
58 51
59 11
60 26
61 62
62 54
63 38
64 58
65 27
66 70
67 49
68 43
69 37
70 39
71 40
72 34
73 73
74 32
75 10
76 58
77 48
78 25
79 82
80 5
81 23
82 66
0 15
1 9
2 70
3 17
4 22
5 41
6 0
7 4
8 18
9 55
10 65
11 60
12 66
13 80
14 44
15 7
16 63
17 54
18 62
19 32
20 45
21 72
22 34
23 58
24 54
25 35
26 43
27 54
28 79
29 69
30 75
31 16
32 15
33 36
34 59
35 14
36 68
37 35
38 47
39 13
40 28
41 28
42 50
43 35
44 29
45 38
46 28
47 8
48 18
49 37
50 14
51 76
52 5
53 41
54 34
55 57
56 3
57 1
58 36
59 77
60 26
61 15
62 53
63 38
64 14
65 3
66 70
67 49
68 43
69 37
70 78
71 40
72 34
73 73
74 32
75 51
76 58
77 48
78 25
79 82
80 5
81 23
82 66
