0 1073
1 837
2 1165
3 80
4 1113
5 2160
6 1906
7 1559
8 2352
9 2501
10 2160
11 2062
12 943
13 615
14 1895
15 811
16 816
17 1595
18 1633
19 599
20 85
21 2118
22 1879
23 1918
24 1408
25 134
26 2494
27 106
28 830
29 1202
30 211
31 819
32 372
33 1001
34 1016
35 133
36 854
37 17
38 1365
39 2387
40 1499
41 2505
42 2551
43 772
44 1200
45 2505
46 1059
47 1674
48 1750
49 641
50 1483
51 2213
52 386
53 224
54 127
55 1391
56 2423
57 2119
58 2211
59 1168
60 920
61 944
62 669
63 2571
64 680
65 773
66 2477
67 994
68 871
69 1098
70 1278
71 542
72 637
73 1499
74 2082
75 2443
76 1567
77 440
78 224
79 411
80 245
81 2357
82 2433
83 1275
84 1697
85 1192
86 8
87 2094
88 1826
89 1141
90 2233
91 1217
92 831
93 1124
94 929
95 275
96 2571
97 686
98 1738
99 1276
100 1863
101 427
102 476
103 842
104 666
105 2399
106 127
107 689
108 7
109 2159
110 179
111 1585
112 573
113 131
114 2055
115 2662
116 232
117 549
118 600
119 2424
120 1416
121 1249
122 416
123 196
124 1255
125 2451
126 1593
127 1123
128 1136
129 2287
130 2242
131 2414
132 538
133 895
134 1036
135 1077
136 1482
137 2713
138 2067
139 1517
140 1635
141 41
142 2511
143 1424
144 854
145 513
146 1613
147 451
148 1004
149 225
150 1696
151 510
152 1662
153 731
154 845
155 2238
156 2601
157 372
158 822
159 1309
160 2430
161 1212
162 892
163 1820
164 2277
165 1910
166 1066
167 198
168 786
169 927
170 2178
171 1136
172 2457
173 421
174 2127
175 444
176 2651
177 608
178 1717
179 1855
180 1365
181 699
182 938
183 437
184 827
185 1290
186 753
187 2648
188 2539
189 237
190 439
191 599
192 2325
193 2059
194 2148
195 2041
196 1159
197 2043
198 1792
199 2465
200 515
201 2145
202 1792
203 2021
204 1081
205 730
206 1707
207 701
208 1879
209 1587
210 871
211 1341
212 2029
213 1361
214 281
215 481
216 1446
217 117
218 1737
219 1869
220 644
221 947
222 2430
223 1977
224 1856
225 1802
226 534
227 507
228 2173
229 2546
230 2592
231 2222
232 553
233 281
234 1507
235 641
236 2179
237 774
238 823
239 752
240 348
241 2268
242 2280
243 1627
244 1691
245 2571
246 1716
247 1588
248 1417
249 1773
250 2356
251 1134
252 2234
253 1167
254 2480
255 1267
256 1364
257 173
258 2350
259 1055
260 2559
261 1862
262 134
263 536
264 85
265 1181
266 2071
267 1641
268 1307
269 2051
270 319
271 700
272 1544
273 873
274 420
275 2504
276 1668
277 968
278 580
279 2500
280 1376
281 1775
282 1359
283 2084
284 1998
285 2448
286 1804
287 2288
288 1002
289 984
290 915
291 1202
292 2313
293 2614
294 964
295 1178
296 2384
297 1995
298 327
299 1822
300 383
301 2162
302 740
303 2005
304 1428
305 2681
306 2542
307 1502
308 2092
309 1215
310 1947
311 1047
312 495
313 2646
314 433
315 1671
316 2249
317 2270
318 918
319 1939
320 2415
321 587
322 642
323 1942
324 1768
325 436
326 1845
327 2532
328 1159
329 782
330 682
331 1153
332 977
333 132
334 2642
335 439
336 774
337 1610
338 2510
339 517
340 1109
341 5
342 1021
343 2451
344 1803
345 2308
346 2517
347 70
348 25
349 2456
350 852
351 2088
352 700
353 360
354 2137
355 1610
356 473
357 2646
358 2071
359 2366
360 1519
361 2189
362 2303
363 31
364 2487
365 2345
366 2630
367 1465
368 542
369 2726
370 2422
371 428
372 1485
373 562
374 2071
375 835
376 1805
377 1049
378 665
379 460
380 2654
381 568
382 45
383 442
384 565
385 1458
386 1314
387 2618
388 1798
389 240
390 2030
391 1024
392 574
393 1359
394 1168
395 2446
396 453
397 1837
398 205
399 1571
400 2409
401 1724
402 2393
403 1137
404 420
405 1042
406 2361
407 753
408 783
409 721
410 2285
411 1445
412 2633
413 2558
414 324
415 829
416 1324
417 2102
418 2403
419 930
420 480
421 562
422 420
423 1348
424 944
425 429
426 1018
427 215
428 1814
429 2644
430 56
431 351
432 1293
433 1135
434 467
435 107
436 1528
437 1440
438 1164
439 1866
440 429
441 2431
442 2345
443 2229
444 36
445 2546
446 2209
447 2677
448 1210
449 1553
450 1051
451 2420
452 75
453 244
454 1687
455 2020
456 413
457 474
458 1137
459 1570
460 1180
461 817
462 2617
463 2200
464 438
465 598
466 2587
467 2279
468 2530
469 2416
470 486
471 2343
472 192
473 1687
474 1424
475 970
476 2163
477 2001
478 1403
479 492
480 2659
481 2385
482 1079
483 2084
484 789
485 551
486 2666
487 2627
488 1223
489 33
490 2681
491 803
492 122
493 1883
494 871
495 671
496 230
497 497
498 599
499 2049
500 683
501 848
502 1611
503 2574
504 401
505 916
506 1147
507 2222
508 2188
509 1952
510 2570
511 2141
512 2584
513 2060
514 621
515 1915
516 295
517 1430
518 2469
519 551
520 68
521 1506
522 1795
523 1554
524 2044
525 1356
526 2605
527 104
528 1965
529 1176
530 2477
531 1541
532 1438
533 2158
534 2168
535 788
536 841
537 1223
538 1777
539 1664
540 2096
541 135
542 797
543 1412
544 2550
545 2166
546 713
547 1997
548 190
549 1076
550 406
551 365
552 362
553 2118
554 577
555 2062
556 804
557 627
558 1329
559 2475
560 168
561 610
562 1113
563 2045
564 1353
565 1551
566 1034
567 1169
568 1340
569 1987
570 75
571 186
572 433
573 1104
574 678
575 2306
576 2265
577 130
578 2223
579 1053
580 144
581 2487
582 1806
583 395
584 1288
585 1443
586 1641
587 633
588 1009
589 2559
590 64
591 42
592 42
593 2074
594 2713
595 561
596 227
597 2331
598 100
599 2413
600 2356
601 2065
602 2689
603 1717
604 1371
605 678
606 1379
607 2106
608 2275
609 2196
610 2126
611 1949
612 935
613 745
614 2126
615 2173
616 2303
617 1482
618 366
619 337
620 1362
621 1043
622 948
623 1625
624 969
625 227
626 1608
627 1366
628 1777
629 200
630 911
631 124
632 2722
633 2174
634 2566
635 1420
636 1221
637 1626
638 2619
639 396
640 393
641 523
642 57
643 1132
644 2670
645 1904
646 2321
647 947
648 48
649 2568
650 2598
651 549
652 1368
653 595
654 1208
655 1243
656 1766
657 2419
658 2066
659 2110
660 1384
661 1139
662 1336
663 2664
664 2434
665 1908
666 27
667 234
668 1370
669 1638
670 1786
671 1838
672 2461
673 694
674 77
675 1507
676 2709
677 1663
678 479
679 178
680 2573
681 1366
682 1629
683 83
684 392
685 1868
686 1917
687 618
688 1077
689 1817
690 1390
691 842
692 1841
693 1161
694 2391
695 939
696 2296
697 2268
698 1625
699 2609
700 2053
701 608
702 162
703 305
704 1214
705 2148
706 334
707 2394
708 944
709 246
710 617
711 2351
712 2632
713 2706
714 2342
715 828
716 2050
717 1185
718 2570
719 404
720 1303
721 387
722 1449
723 905
724 1029
725 894
726 570
727 678
728 1905
729 94
730 937
731 150
732 465
733 31
734 1193
735 1518
736 2065
737 2623
738 2237
739 871
740 920
741 1118
742 979
743 2699
744 2515
745 955
746 1257
747 1189
748 2128
749 1726
750 1334
751 2030
752 622
753 436
754 2101
755 700
756 1391
757 521
758 2634
759 1271
760 1712
761 709
762 0
763 1571
764 248
765 2512
766 591
767 726
768 1170
769 2565
770 243
771 208
772 2600
773 443
774 1589
775 2171
776 2274
777 1203
778 2024
779 2453
780 1456
781 1948
782 243
783 384
784 265
785 2330
786 2221
787 571
788 1311
789 1089
790 1551
791 605
792 283
793 903
794 758
795 1420
796 1472
797 528
798 187
799 2537
800 2099
801 753
802 1120
803 2208
804 889
805 827
806 2020
807 1634
808 413
809 1128
810 707
811 2280
812 2061
813 266
814 1221
815 2613
816 1215
817 933
818 2264
819 1496
820 2550
821 2319
822 30
823 1087
824 782
825 1622
826 1715
827 594
828 749
829 284
830 157
831 1807
832 2648
833 1901
834 1534
835 1407
836 779
837 1748
838 821
839 1135
840 458
841 1574
842 1623
843 565
844 1483
845 833
846 1878
847 2167
848 98
849 109
850 1350
851 2704
852 214
853 1352
854 275
855 604
856 828
857 1948
858 1106
859 2699
860 1133
861 96
862 1066
863 2522
864 1746
865 1272
866 1010
867 2062
868 1463
869 1161
870 25
871 66
872 2058
873 129
874 791
875 281
876 884
877 533
878 1482
879 1897
880 643
881 1283
882 2495
883 228
884 1487
885 1760
886 165
887 1675
888 350
889 288
890 2462
891 2052
892 2241
893 363
894 333
895 2435
896 1903
897 2138
898 1286
899 2214
900 2557
901 941
902 1126
903 1644
904 1605
905 2430
906 1828
907 2316
908 1864
909 1178
910 1301
911 3
912 2384
913 2363
914 955
915 1297
916 1778
917 1342
918 922
919 1652
920 2416
921 2584
922 1255
923 2512
924 1607
925 2670
926 2312
927 766
928 199
929 2351
930 1650
931 2372
932 2609
933 2376
934 36
935 2230
936 37
937 218
938 1886
939 671
940 2016
941 916
942 2706
943 1134
944 1071
945 968
946 2128
947 1356
948 1786
949 2119
950 371
951 101
952 2079
953 975
954 1371
955 275
956 1135
957 1914
958 2551
959 1287
960 2706
961 2424
962 883
963 285
964 1285
965 1113
966 1495
967 2346
968 1045
969 1011
970 1845
971 972
972 524
973 611
974 1150
975 1731
976 91
977 2594
978 1310
979 2250
980 2390
981 1204
982 1313
983 898
984 2
985 1996
986 2405
987 184
988 610
989 1698
990 2708
991 1350
992 1719
993 1605
994 520
995 1334
996 1923
997 1956
998 901
999 2506
1000 2224
1001 2266
1002 556
1003 1680
1004 303
1005 955
1006 1178
1007 1987
1008 2394
1009 128
1010 606
1011 2491
1012 1994
1013 717
1014 1408
1015 930
1016 535
1017 561
1018 1811
1019 629
1020 152
1021 944
1022 2159
1023 1166
1024 64
1025 2713
1026 644
1027 1824
1028 397
1029 1986
1030 1570
1031 408
1032 1108
1033 264
1034 705
1035 2444
1036 549
1037 1229
1038 2464
1039 67
1040 1087
1041 1192
1042 1230
1043 138
1044 2604
1045 1781
1046 417
1047 2604
1048 169
1049 2085
1050 1987
1051 1856
1052 1311
1053 2053
1054 2697
1055 465
1056 564
1057 1261
1058 367
1059 2385
1060 1903
1061 1528
1062 1283
1063 2381
1064 1891
1065 710
1066 2411
1067 1726
1068 615
1069 1454
1070 2421
1071 960
1072 523
1073 1378
1074 1511
1075 961
1076 941
1077 601
1078 1810
1079 776
1080 22
1081 1851
1082 895
1083 1418
1084 2321
1085 312
1086 2551
1087 940
1088 1214
1089 1546
1090 1289
1091 2654
1092 365
1093 2722
1094 631
1095 1256
1096 2437
1097 1651
1098 589
1099 499
1100 864
1101 1179
1102 737
1103 1656
1104 1361
1105 1753
1106 556
1107 2113
1108 292
1109 927
1110 1670
1111 2152
1112 1077
1113 493
1114 2157
1115 797
1116 2482
1117 2299
1118 2633
1119 746
1120 149
1121 2637
1122 1308
1123 134
1124 418
1125 226
1126 1309
1127 1921
1128 1447
1129 1820
1130 1261
1131 445
1132 315
1133 2239
1134 1959
1135 2055
1136 2468
1137 1999
1138 2324
1139 1307
1140 1042
1141 1603
1142 867
1143 751
1144 459
1145 1373
1146 2298
1147 1641
1148 564
1149 1852
1150 2320
1151 514
1152 589
1153 923
1154 1881
1155 1369
1156 1581
1157 1413
1158 873
1159 2611
1160 1631
1161 1302
1162 1363
1163 1844
1164 159
1165 1075
1166 1498
1167 1900
1168 580
1169 1552
1170 1857
1171 198
1172 2356
1173 2147
1174 1593
1175 251
1176 585
1177 1004
1178 1154
1179 1130
1180 2034
1181 1642
1182 259
1183 2444
1184 782
1185 2613
1186 1325
1187 1833
1188 1117
1189 622
1190 2079
1191 2527
1192 1146
1193 2272
1194 169
1195 1657
1196 211
1197 2493
1198 80
1199 955
1200 2204
1201 882
1202 1498
1203 1263
1204 1370
1205 2498
1206 352
1207 2525
1208 2373
1209 676
1210 500
1211 1038
1212 2354
1213 2054
1214 1464
1215 1984
1216 553
1217 1882
1218 605
1219 106
1220 633
1221 1552
1222 2189
1223 2017
1224 1694
1225 47
1226 2621
1227 1238
1228 2666
1229 744
1230 475
1231 934
1232 1656
1233 1968
1234 23
1235 387
1236 1710
1237 1405
1238 1074
1239 794
1240 1709
1241 1559
1242 2058
1243 1060
1244 593
1245 824
1246 2061
1247 1309
1248 191
1249 526
1250 2691
1251 1231
1252 1899
1253 1076
1254 1511
1255 837
1256 740
1257 624
1258 681
1259 1693
1260 549
1261 2387
1262 303
1263 575
1264 2262
1265 2346
1266 1345
1267 4
1268 2376
1269 2686
1270 170
1271 849
1272 526
1273 828
1274 414
1275 2527
1276 2498
1277 2369
1278 701
1279 697
1280 253
1281 2551
1282 592
1283 1495
1284 2322
1285 694
1286 51
1287 1471
1288 1926
1289 897
1290 432
1291 1478
1292 1123
1293 2089
1294 2394
1295 2283
1296 664
1297 2056
1298 1648
1299 1543
1300 2655
1301 1992
1302 2112
1303 1552
1304 1606
1305 276
1306 981
1307 2245
1308 1797
1309 1156
1310 2465
1311 31
1312 2033
1313 1629
1314 1191
1315 2060
1316 558
1317 1110
1318 2550
1319 1322
1320 815
1321 838
1322 1278
1323 2363
1324 635
1325 2499
1326 2606
1327 21
1328 2242
1329 908
1330 2022
1331 1202
1332 2316
1333 1944
1334 2428
1335 1620
1336 1293
1337 1666
1338 71
1339 874
1340 1431
1341 678
1342 2453
1343 863
1344 94
1345 1841
1346 2379
1347 1004
1348 366
1349 1460
1350 79
1351 1622
1352 412
1353 1630
1354 1838
1355 976
1356 2473
1357 2297
1358 2090
1359 577
1360 61
1361 2306
1362 1982
1363 458
1364 16
1365 2322
1366 531
1367 1057
1368 100
1369 41
1370 645
1371 128
1372 951
1373 1961
1374 2622
1375 391
1376 2580
1377 1929
1378 2649
1379 2461
1380 2328
1381 46
1382 372
1383 613
1384 528
1385 2327
1386 200
1387 1101
1388 1112
1389 2478
1390 2315
1391 2676
1392 1499
1393 351
1394 2226
1395 1300
1396 1989
1397 1281
1398 135
1399 2470
1400 2044
1401 2149
1402 1086
1403 1537
1404 1065
1405 1382
1406 8
1407 1464
1408 2188
1409 2709
1410 1575
1411 1118
1412 1464
1413 2724
1414 2557
1415 2538
1416 1460
1417 1515
1418 1675
1419 391
1420 1420
1421 2449
1422 2448
1423 2500
1424 100
1425 1057
1426 448
1427 299
1428 1406
1429 642
1430 2575
1431 2720
1432 1114
1433 2557
1434 2301
1435 158
1436 2398
1437 953
1438 1669
1439 2481
1440 1300
1441 460
1442 1446
1443 2197
1444 2544
1445 1420
1446 2332
1447 48
1448 1905
1449 272
1450 1759
1451 825
1452 2151
1453 2169
1454 2284
1455 792
1456 1907
1457 2541
1458 1302
1459 1699
1460 1736
1461 1753
1462 1311
1463 870
1464 1182
1465 2083
1466 1059
1467 1094
1468 1453
1469 1782
1470 1876
1471 807
1472 653
1473 1477
1474 1373
1475 2177
1476 1125
1477 269
1478 251
1479 924
1480 1293
1481 2196
1482 1880
1483 1386
1484 1931
1485 1966
1486 1916
1487 1375
1488 1333
1489 1435
1490 2486
1491 347
1492 91
1493 2584
1494 240
1495 2193
1496 1704
1497 1784
1498 345
1499 2648
1500 764
1501 741
1502 699
1503 2501
1504 2232
1505 1252
1506 2698
1507 2617
1508 876
1509 803
1510 219
1511 795
1512 1610
1513 1855
1514 1186
1515 2039
1516 1357
1517 1113
1518 491
1519 1247
1520 1394
1521 626
1522 1128
1523 30
1524 1298
1525 1416
1526 2594
1527 1072
1528 1842
1529 184
1530 1036
1531 1058
1532 1807
1533 1094
1534 1986
1535 610
1536 374
1537 2196
1538 2634
1539 756
1540 783
1541 1239
1542 1751
1543 100
1544 2607
1545 71
1546 2513
1547 2450
1548 2609
1549 2338
1550 1804
1551 565
1552 162
1553 859
1554 2224
1555 1533
1556 1040
1557 1549
1558 1423
1559 1199
1560 1384
1561 89
1562 1064
1563 1810
1564 1056
1565 1638
1566 1228
1567 2362
1568 187
1569 863
1570 1965
1571 2273
1572 1762
1573 2437
1574 2085
1575 2643
1576 2638
1577 2175
1578 2325
1579 2431
1580 445
1581 2366
1582 124
1583 2469
1584 1304
1585 1464
1586 1296
1587 1545
1588 414
1589 2519
1590 252
1591 2296
1592 395
1593 249
1594 341
1595 1833
1596 571
1597 2610
1598 1949
1599 1478
1600 2415
1601 597
1602 1417
1603 1111
1604 707
1605 1919
1606 1984
1607 1491
1608 1161
1609 2643
1610 2566
1611 594
1612 600
1613 1170
1614 398
1615 922
1616 2699
1617 2
1618 2214
1619 2612
1620 337
1621 1088
1622 630
1623 797
1624 2103
1625 556
1626 1547
1627 1628
1628 2594
1629 1178
1630 612
1631 1840
1632 2718
1633 2007
1634 2314
1635 1554
1636 2034
1637 147
1638 2180
1639 885
1640 1943
1641 929
1642 156
1643 649
1644 1725
1645 570
1646 187
1647 1939
1648 2561
1649 1654
1650 650
1651 815
1652 637
1653 2590
1654 2187
1655 903
1656 2490
1657 397
1658 640
1659 2101
1660 2173
1661 1201
1662 1718
1663 142
1664 1898
1665 1391
1666 6
1667 1826
1668 1132
1669 1178
1670 961
1671 474
1672 1110
1673 1409
1674 1723
1675 451
1676 1239
1677 934
1678 1214
1679 401
1680 1058
1681 1709
1682 1198
1683 323
1684 62
1685 2477
1686 871
1687 1293
1688 693
1689 678
1690 632
1691 925
1692 1805
1693 257
1694 847
1695 158
1696 1889
1697 2583
1698 1189
1699 237
1700 1110
1701 1359
1702 1462
1703 308
1704 344
1705 2356
1706 2384
1707 686
1708 443
1709 2023
1710 41
1711 1523
1712 657
1713 2641
1714 1130
1715 123
1716 2342
1717 1585
1718 2211
1719 2166
1720 697
1721 158
1722 2604
1723 2486
1724 401
1725 2254
1726 507
1727 1490
1728 1957
1729 1632
1730 2088
1731 1424
1732 1753
1733 992
1734 1354
1735 2361
1736 2399
1737 1013
1738 245
1739 1548
1740 244
1741 126
1742 2099
1743 182
1744 304
1745 1729
1746 2555
1747 2358
1748 2011
1749 532
1750 698
1751 721
1752 2603
1753 2315
1754 770
1755 2189
1756 2133
1757 120
1758 1531
1759 1488
1760 1971
1761 46
1762 2656
1763 1358
1764 2195
1765 908
1766 2407
1767 1442
1768 1508
1769 868
1770 1147
1771 241
1772 732
1773 445
1774 141
1775 964
1776 623
1777 662
1778 433
1779 2694
1780 136
1781 2054
1782 1490
1783 2607
1784 2670
1785 1597
1786 339
1787 1887
1788 946
1789 846
1790 1806
1791 2084
1792 148
1793 155
1794 1015
1795 772
1796 2688
1797 1525
1798 2561
1799 2005
1800 316
1801 1155
1802 127
1803 1989
1804 55
1805 1409
1806 2661
1807 1993
1808 1836
1809 2326
1810 2543
1811 740
1812 816
1813 216
1814 1410
1815 174
1816 704
1817 123
1818 2033
1819 2547
1820 2497
1821 853
1822 2686
1823 2178
1824 1058
1825 581
1826 824
1827 125
1828 2677
1829 1677
1830 1547
1831 478
1832 1840
1833 2673
1834 635
1835 1986
1836 1848
1837 512
1838 2314
1839 1343
1840 926
1841 1021
1842 2715
1843 741
1844 1594
1845 116
1846 339
1847 1293
1848 2604
1849 1907
1850 1889
1851 219
1852 2094
1853 2368
1854 684
1855 693
1856 1621
1857 2417
1858 2257
1859 2549
1860 2373
1861 1054
1862 1082
1863 1547
1864 1377
1865 1477
1866 294
1867 974
1868 1811
1869 2290
1870 1314
1871 1713
1872 246
1873 526
1874 280
1875 1711
1876 1465
1877 1888
1878 295
1879 2318
1880 1277
1881 760
1882 1157
1883 2040
1884 70
1885 2418
1886 634
1887 2165
1888 1378
1889 265
1890 2654
1891 1563
1892 1981
1893 1756
1894 2140
1895 1321
1896 2668
1897 5
1898 1335
1899 1021
1900 945
1901 1458
1902 780
1903 1594
1904 463
1905 841
1906 813
1907 590
1908 2278
1909 748
1910 1469
1911 661
1912 401
1913 2306
1914 2344
1915 388
1916 2529
1917 999
1918 636
1919 293
1920 1853
1921 1571
1922 426
1923 1922
1924 1912
1925 730
1926 2207
1927 1263
1928 1322
1929 64
1930 1447
1931 1087
1932 1893
1933 2286
1934 238
1935 1209
1936 1868
1937 2182
1938 411
1939 1147
1940 571
1941 2458
1942 2023
1943 961
1944 2464
1945 2416
1946 2522
1947 2528
1948 645
1949 2027
1950 405
1951 1981
1952 1702
1953 57
1954 1470
1955 1984
1956 397
1957 1651
1958 1437
1959 507
1960 2129
1961 2559
1962 1788
1963 1273
1964 1282
1965 72
1966 1036
1967 1856
1968 944
1969 101
1970 282
1971 2498
1972 237
1973 1069
1974 1579
1975 1038
1976 757
1977 1717
1978 1493
1979 547
1980 1566
1981 2670
1982 2683
1983 1949
1984 664
1985 1413
1986 134
1987 2322
1988 542
1989 496
1990 385
1991 2687
1992 1443
1993 866
1994 25
1995 1587
1996 802
1997 819
1998 2280
1999 44
2000 753
2001 1064
2002 236
2003 367
2004 2428
2005 271
2006 2722
2007 959
2008 1452
2009 2718
2010 1974
2011 2552
2012 357
2013 202
2014 1245
2015 1529
2016 598
2017 2289
2018 2175
2019 1528
2020 491
2021 1508
2022 148
2023 2065
2024 2331
2025 1250
2026 899
2027 936
2028 752
2029 1389
2030 2467
2031 319
2032 1496
2033 2560
2034 2666
2035 1083
2036 686
2037 199
2038 980
2039 415
2040 824
2041 1141
2042 708
2043 2528
2044 916
2045 4
2046 323
2047 1126
2048 484
2049 1992
2050 872
2051 710
2052 1787
2053 368
2054 1780
2055 2697
2056 1313
2057 1930
2058 1946
2059 1359
2060 592
2061 792
2062 1563
2063 1482
2064 599
2065 1073
2066 2125
2067 1451
2068 1802
2069 1000
2070 952
2071 677
2072 1524
2073 1230
2074 1813
2075 1308
2076 1372
2077 848
2078 1973
2079 2375
2080 1546
2081 667
2082 170
2083 708
2084 1503
2085 759
2086 225
2087 1786
2088 2549
2089 2124
2090 1609
2091 330
2092 1327
2093 2130
2094 455
2095 1526
2096 1824
2097 32
2098 1505
2099 1649
2100 1065
2101 1381
2102 79
2103 650
2104 1993
2105 2549
2106 1281
2107 773
2108 2173
2109 1131
2110 1425
2111 244
2112 2406
2113 252
2114 1904
2115 2267
2116 660
2117 1026
2118 1730
2119 541
2120 2354
2121 1753
2122 1534
2123 567
2124 1965
2125 1010
2126 1056
2127 1835
2128 2359
2129 2499
2130 449
2131 910
2132 521
2133 914
2134 2413
2135 1662
2136 1211
2137 461
2138 683
2139 515
2140 1312
2141 508
2142 1613
2143 1278
2144 222
2145 1578
2146 195
2147 382
2148 2247
2149 998
2150 1380
2151 512
2152 997
2153 537
2154 488
2155 2592
2156 632
2157 192
2158 2713
2159 535
2160 1006
2161 1616
2162 68
2163 2543
2164 2403
2165 224
2166 1238
2167 1143
2168 184
2169 1771
2170 2623
2171 1595
2172 324
2173 1313
2174 473
2175 2634
2176 125
2177 1835
2178 2628
2179 1999
2180 1715
2181 2047
2182 734
2183 1884
2184 360
2185 2683
2186 589
2187 2017
2188 801
2189 1202
2190 1913
2191 503
2192 326
2193 2430
2194 1239
2195 1117
2196 1488
2197 1854
2198 1607
2199 2475
2200 384
2201 191
2202 1785
2203 1241
2204 2372
2205 2396
2206 2302
2207 2057
2208 1382
2209 1355
2210 224
2211 2582
2212 1826
2213 398
2214 368
2215 2187
2216 449
2217 2465
2218 243
2219 1175
2220 951
2221 1305
2222 2623
2223 1779
2224 2267
2225 821
2226 250
2227 540
2228 2112
2229 1059
2230 798
2231 1116
2232 2018
2233 1586
2234 1916
2235 1984
2236 2454
2237 2523
2238 901
2239 2702
2240 1627
2241 749
2242 466
2243 2158
2244 2113
2245 7
2246 2466
2247 2405
2248 2605
2249 351
2250 2340
2251 86
2252 988
2253 1424
2254 825
2255 1387
2256 1471
2257 646
2258 2298
2259 2434
2260 2294
2261 1258
2262 2539
2263 334
2264 229
2265 71
2266 1187
2267 1539
2268 367
2269 2189
2270 2560
2271 1114
2272 2579
2273 1230
2274 1708
2275 2600
2276 672
2277 1993
2278 555
2279 2700
2280 194
2281 151
2282 1852
2283 820
2284 678
2285 2037
2286 2673
2287 1155
2288 1444
2289 2269
2290 1529
2291 1207
2292 1634
2293 1953
2294 928
2295 116
2296 1875
2297 257
2298 373
2299 441
2300 250
2301 2438
2302 2278
2303 530
2304 417
2305 153
2306 1876
2307 2140
2308 1505
2309 1151
2310 1434
2311 435
2312 2431
2313 29
2314 1528
2315 1842
2316 1867
2317 2334
2318 701
2319 2538
2320 306
2321 2615
2322 908
2323 551
2324 1659
2325 1576
2326 1396
2327 587
2328 2446
2329 1342
2330 277
2331 435
2332 1339
2333 2529
2334 1699
2335 157
2336 1580
2337 234
2338 611
2339 2230
2340 28
2341 1404
2342 8
2343 2113
2344 1635
2345 2109
2346 1518
2347 1916
2348 2032
2349 1915
2350 613
2351 1338
2352 922
2353 1141
2354 854
2355 1532
2356 659
2357 2717
2358 1729
2359 2245
2360 508
2361 1782
2362 1099
2363 616
2364 1983
2365 2295
2366 1315
2367 539
2368 849
2369 1363
2370 396
2371 1508
2372 1809
2373 1535
2374 218
2375 699
2376 1383
2377 2465
2378 2675
2379 1815
2380 194
2381 1028
2382 528
2383 1708
2384 1713
2385 2280
2386 1792
2387 1722
2388 2507
2389 1475
2390 1480
2391 1550
2392 1852
2393 1335
2394 474
2395 1155
2396 666
2397 1089
2398 1919
2399 2133
2400 210
2401 529
2402 2259
2403 1047
2404 732
2405 1960
2406 2534
2407 2437
2408 684
2409 844
2410 915
2411 2551
2412 377
2413 458
2414 2252
2415 376
2416 679
2417 340
2418 2128
2419 1483
2420 1232
2421 726
2422 962
2423 805
2424 1871
2425 91
2426 2247
2427 1426
2428 773
2429 395
2430 982
2431 1844
2432 2385
2433 2211
2434 72
2435 1439
2436 2662
2437 648
2438 187
2439 868
2440 502
2441 2539
2442 1931
2443 1826
2444 445
2445 632
2446 800
2447 1055
2448 1821
2449 1708
2450 2334
2451 793
2452 1280
2453 164
2454 186
2455 2027
2456 973
2457 1953
2458 1611
2459 2056
2460 717
2461 2002
2462 2414
2463 1066
2464 2420
2465 2045
2466 2185
2467 2338
2468 2047
2469 2191
2470 998
2471 2242
2472 2516
2473 2457
2474 1456
2475 2670
2476 1729
2477 145
2478 1373
2479 2062
2480 530
2481 2246
2482 2482
2483 1541
2484 2701
2485 779
2486 115
2487 1067
2488 2294
2489 596
2490 2672
2491 111
2492 1608
2493 1815
2494 2397
2495 1005
2496 2640
2497 2316
2498 2222
2499 29
2500 2023
2501 690
2502 1458
2503 2446
2504 2401
2505 1687
2506 2136
2507 815
2508 1992
2509 277
2510 148
2511 480
2512 929
2513 1131
2514 1856
2515 960
2516 1502
2517 249
2518 2230
2519 157
2520 1090
2521 2656
2522 2040
2523 1124
2524 505
2525 94
2526 1875
2527 638
2528 157
2529 691
2530 1809
2531 273
2532 471
2533 2402
2534 1531
2535 1547
2536 2058
2537 1033
2538 1994
2539 905
2540 646
2541 407
2542 484
2543 869
2544 2326
2545 1152
2546 246
2547 804
2548 2713
2549 2064
2550 1977
2551 2401
2552 1055
2553 695
2554 1928
2555 1094
2556 838
2557 998
2558 1767
2559 1738
2560 1820
2561 76
2562 742
2563 870
2564 1645
2565 670
2566 1798
2567 469
2568 1828
2569 198
2570 378
2571 1479
2572 1722
2573 1133
2574 2349
2575 2486
2576 782
2577 269
2578 325
2579 1280
2580 377
2581 599
2582 112
2583 477
2584 728
2585 414
2586 1645
2587 865
2588 2020
2589 1198
2590 2055
2591 2100
2592 814
2593 1670
2594 265
2595 156
2596 1227
2597 1966
2598 2713
2599 94
2600 284
2601 1067
2602 1785
2603 1085
2604 2602
2605 1407
2606 858
2607 1012
2608 2039
2609 319
2610 1107
2611 1339
2612 659
2613 849
2614 1987
2615 541
2616 1476
2617 341
2618 1515
2619 1732
2620 2466
2621 638
2622 1676
2623 1404
2624 432
2625 1079
2626 702
2627 2565
2628 2612
2629 1272
2630 636
2631 1167
2632 1679
2633 1639
2634 2465
2635 2548
2636 15
2637 1008
2638 1620
2639 113
2640 1970
2641 921
2642 2368
2643 2452
2644 1986
2645 2282
2646 1080
2647 690
2648 2632
2649 2118
2650 724
2651 2563
2652 450
2653 1671
2654 219
2655 1191
2656 175
2657 2388
2658 2403
2659 1701
2660 830
2661 2574
2662 1999
2663 2296
2664 1730
2665 1918
2666 1225
2667 2443
2668 2493
2669 2233
2670 1633
2671 1178
2672 1342
2673 1877
2674 2525
2675 2632
2676 2206
2677 2535
2678 605
2679 1852
2680 382
2681 2235
2682 1468
2683 1004
2684 1465
2685 695
2686 950
2687 2296
2688 417
2689 307
2690 2117
2691 772
2692 2413
2693 1506
2694 1546
2695 793
2696 1529
2697 1464
2698 1073
2699 2332
2700 2058
2701 1052
2702 2216
2703 1816
2704 2163
2705 1143
2706 713
2707 23
2708 1724
2709 1945
2710 601
2711 2358
2712 2044
2713 1824
2714 2644
2715 1652
2716 752
2717 564
2718 105
2719 1309
2720 2254
2721 1794
2722 1623
2723 1209
2724 49
2725 1130
2726 2566
0 1073
1 837
2 1530
3 80
4 2049
5 2292
6 1362
7 1559
8 2352
9 132
10 1766
11 2336
12 1038
13 448
14 1356
15 1919
16 816
17 1806
18 1633
19 599
20 386
21 1001
22 852
23 2266
24 1408
25 1710
26 743
27 106
28 69
29 1202
30 1005
31 1114
32 372
33 199
34 2014
35 133
36 854
37 1634
38 48
39 2597
40 2040
41 1042
42 378
43 772
44 1207
45 127
46 1059
47 1674
48 455
49 1879
50 1483
51 2213
52 386
53 2391
54 127
55 1170
56 2423
57 2549
58 2211
59 1704
60 920
61 944
62 985
63 2436
64 491
65 618
66 2477
67 772
68 871
69 2317
70 1207
71 965
72 637
73 1499
74 2082
75 678
76 1567
77 440
78 224
79 1758
80 245
81 1056
82 2433
83 1275
84 630
85 1747
86 8
87 256
88 1524
89 2102
90 2233
91 1217
92 831
93 2076
94 749
95 275
96 2571
97 28
98 490
99 48
100 1161
101 427
102 476
103 1713
104 666
105 2399
106 127
107 689
108 7
109 2159
110 179
111 2625
112 941
113 2307
114 2012
115 1302
116 2360
117 990
118 384
119 2424
120 1731
121 1407
122 534
123 380
124 1255
125 583
126 165
127 1904
128 1768
129 2287
130 646
131 2644
132 538
133 1296
134 1036
135 2028
136 1929
137 2713
138 13
139 2636
140 1635
141 41
142 2511
143 2564
144 2158
145 513
146 1613
147 451
148 851
149 225
150 504
151 510
152 866
153 1479
154 845
155 2028
156 175
157 1180
158 1741
159 55
160 1635
161 2208
162 2665
163 2468
164 1739
165 1910
166 1066
167 985
168 2222
169 242
170 2020
171 2191
172 2457
173 421
174 1666
175 444
176 2651
177 1519
178 1717
179 610
180 1643
181 1083
182 938
183 1863
184 827
185 1290
186 882
187 508
188 2536
189 182
190 2725
191 1995
192 1847
193 1005
194 240
195 2041
196 1159
197 2223
198 1464
199 879
200 515
201 2145
202 2655
203 1936
204 1081
205 1194
206 1707
207 701
208 2034
209 1587
210 963
211 328
212 329
213 1842
214 281
215 1385
216 2641
217 117
218 1737
219 181
220 1608
221 1539
222 1190
223 1977
224 1856
225 980
226 2331
227 219
228 2173
229 1864
230 2592
231 2494
232 1233
233 281
234 1507
235 641
236 2201
237 1806
238 823
239 189
240 249
241 809
242 2165
243 2189
244 1691
245 454
246 1716
247 1400
248 1417
249 1109
250 821
251 428
252 2234
253 1424
254 803
255 1962
256 2154
257 529
258 2035
259 429
260 2623
261 1705
262 2050
263 2007
264 141
265 1131
266 688
267 27
268 1428
269 2051
270 298
271 126
272 254
273 1071
274 420
275 2504
276 352
277 863
278 2541
279 1389
280 1376
281 2061
282 829
283 1939
284 1540
285 1075
286 1804
287 1092
288 1537
289 1765
290 915
291 1202
292 368
293 2614
294 215
295 1178
296 2384
297 1995
298 1
299 2443
300 1357
301 644
302 740
303 2020
304 875
305 2681
306 73
307 2343
308 921
309 1215
310 461
311 463
312 122
313 2646
314 1535
315 1671
316 1654
317 2274
318 918
319 2416
320 2415
321 584
322 1065
323 1942
324 1768
325 943
326 1845
327 2532
328 1084
329 1234
330 682
331 2330
332 1473
333 132
334 2642
335 2254
336 113
337 1777
338 2510
339 1692
340 1109
341 5
342 1964
343 2451
344 1803
345 2308
346 85
347 390
348 25
349 2154
350 265
351 2132
352 1878
353 360
354 2137
355 1610
356 27
357 2646
358 2334
359 2366
360 1519
361 202
362 653
363 31
364 1323
365 1646
366 2250
367 2071
368 823
369 1157
370 1378
371 428
372 2392
373 378
374 1384
375 835
376 1805
377 1049
378 1003
379 2257
380 2515
381 568
382 570
383 442
384 1331
385 1011
386 1314
387 1805
388 2120
389 240
390 1155
391 1024
392 2480
393 1765
394 673
395 1903
396 1044
397 2082
398 68
399 1571
400 2409
401 1724
402 2097
403 1137
404 587
405 1042
406 259
407 1048
408 1990
409 2315
410 1153
411 1445
412 1709
413 2558
414 2460
415 829
416 629
417 2102
418 2403
419 965
420 480
421 1175
422 2325
423 369
424 944
425 2506
426 1018
427 1089
428 1220
429 1738
430 1528
431 351
432 125
433 1135
434 2097
435 153
436 2126
437 1637
438 663
439 1895
440 429
441 2069
442 249
443 2229
444 1927
445 698
446 2209
447 2052
448 703
449 1553
450 1971
451 1488
452 2560
453 244
454 2315
455 2180
456 413
457 2658
458 680
459 1241
460 1777
461 817
462 2617
463 2200
464 438
465 598
466 434
467 2279
468 2530
469 695
470 1797
471 1614
472 192
473 1687
474 1424
475 1442
476 1420
477 1779
478 1054
479 492
480 2659
481 2385
482 1079
483 2084
484 716
485 1619
486 2666
487 1781
488 1149
489 717
490 340
491 989
492 1372
493 1883
494 871
495 671
496 2186
497 850
498 2472
499 2308
500 1114
501 848
502 1242
503 1999
504 995
505 2375
506 1544
507 2222
508 1811
509 2527
510 293
511 2141
512 2584
513 1127
514 2522
515 1915
516 504
517 186
518 2031
519 551
520 68
521 1506
522 469
523 1554
524 116
525 1246
526 853
527 1727
528 1808
529 1176
530 2324
531 2442
532 1438
533 2158
534 2168
535 1721
536 841
537 135
538 1777
539 1306
540 1306
541 2641
542 550
543 1412
544 76
545 2037
546 713
547 1032
548 190
549 927
550 406
551 569
552 2469
553 2118
554 1443
555 2062
556 2404
557 718
558 738
559 1510
560 297
561 2573
562 1792
563 2352
564 1353
565 2407
566 1034
567 1169
568 689
569 1987
570 2351
571 2007
572 2107
573 214
574 1551
575 2270
576 2265
577 130
578 179
579 1053
580 142
581 2487
582 1414
583 395
584 1617
585 598
586 1641
587 951
588 1009
589 2559
590 1479
591 42
592 1105
593 876
594 623
595 561
596 686
597 567
598 1228
599 2413
600 1259
601 2065
602 275
603 904
604 1371
605 678
606 1379
607 1323
608 2275
609 645
610 2541
611 485
612 935
613 1763
614 1248
615 1119
616 432
617 853
618 2679
619 776
620 2413
621 1043
622 948
623 1625
624 1761
625 2651
626 1608
627 2717
628 124
629 2721
630 660
631 2519
632 2272
633 2174
634 891
635 1669
636 1221
637 1626
638 2619
639 396
640 1227
641 523
642 516
643 959
644 2720
645 38
646 2321
647 2087
648 1874
649 1394
650 210
651 549
652 220
653 595
654 1748
655 1885
656 1766
657 163
658 2066
659 2110
660 1384
661 1139
662 1336
663 2664
664 653
665 352
666 27
667 1555
668 1370
669 2289
670 2564
671 1838
672 1614
673 292
674 77
675 1507
676 1201
677 1663
678 1887
679 823
680 416
681 2715
682 1629
683 572
684 392
685 1868
686 1917
687 1570
688 1578
689 1817
690 1005
691 638
692 2569
693 1081
694 2391
695 939
696 1971
697 1198
698 1625
699 1252
700 444
701 1703
702 2424
703 1084
704 1214
705 71
706 2202
707 1204
708 970
709 1914
710 617
711 361
712 2110
713 1881
714 2536
715 1435
716 392
717 148
718 2645
719 404
720 847
721 387
722 1749
723 905
724 1029
725 1687
726 1850
727 1721
728 607
729 94
730 937
731 150
732 465
733 31
734 412
735 2358
736 2145
737 2287
738 2237
739 791
740 1908
741 1118
742 979
743 1416
744 2308
745 955
746 1257
747 485
748 1929
749 1726
750 1334
751 838
752 622
753 436
754 957
755 1238
756 1391
757 1042
758 2634
759 1271
760 1712
761 200
762 0
763 1571
764 523
765 2410
766 591
767 726
768 1170
769 1312
770 243
771 208
772 1635
773 443
774 64
775 1520
776 2274
777 1203
778 900
779 2582
780 1456
781 1948
782 243
783 719
784 2091
785 740
786 2221
787 571
788 2220
789 944
790 1551
791 2622
792 1753
793 903
794 758
795 154
796 1253
797 528
798 187
799 2537
800 1012
801 1184
802 1120
803 2208
804 183
805 2000
806 841
807 278
808 2013
809 1769
810 845
811 2698
812 2061
813 266
814 873
815 2613
816 1215
817 933
818 2264
819 1496
820 289
821 111
822 2215
823 1087
824 782
825 2120
826 968
827 594
828 1327
829 284
830 212
831 2212
832 1448
833 1901
834 1534
835 28
836 1850
837 1748
838 821
839 2644
840 1992
841 2250
842 1623
843 565
844 2197
845 359
846 1878
847 157
848 1254
849 109
850 255
851 2704
852 1085
853 1352
854 835
855 604
856 828
857 1948
858 133
859 2699
860 1614
861 1404
862 376
863 1253
864 1284
865 74
866 2725
867 774
868 1243
869 1771
870 25
871 1487
872 2058
873 1601
874 791
875 615
876 1598
877 2291
878 1482
879 1897
880 1331
881 1283
882 2495
883 1344
884 1741
885 1760
886 2549
887 1016
888 1130
889 288
890 30
891 2073
892 2241
893 363
894 333
895 901
896 467
897 1439
898 1286
899 2214
900 486
901 1371
902 454
903 1644
904 1605
905 768
906 2250
907 1615
908 1370
909 1178
910 1301
911 1755
912 830
913 680
914 955
915 1992
916 812
917 1342
918 2626
919 2074
920 1500
921 307
922 2376
923 2654
924 208
925 2697
926 2725
927 1133
928 199
929 2351
930 1650
931 2372
932 2609
933 2376
934 660
935 2230
936 37
937 421
938 1886
939 2560
940 2016
941 2072
942 1537
943 1134
944 1071
945 1946
946 2695
947 1683
948 192
949 2119
950 802
951 101
952 2079
953 699
954 888
955 275
956 1135
957 2273
958 2551
959 1287
960 2706
961 2424
962 883
963 2433
964 1285
965 1822
966 1495
967 2346
968 1017
969 1577
970 1845
971 2420
972 524
973 611
974 1150
975 1731
976 91
977 2367
978 1655
979 2189
980 2390
981 1204
982 1313
983 2275
984 439
985 14
986 2405
987 2453
988 610
989 1698
990 1686
991 756
992 503
993 1605
994 2550
995 1743
996 1391
997 753
998 901
999 2506
1000 2224
1001 2411
1002 82
1003 1680
1004 1390
1005 2166
1006 599
1007 1987
1008 1587
1009 1594
1010 1219
1011 1147
1012 2094
1013 949
1014 1824
1015 166
1016 1823
1017 931
1018 2592
1019 629
1020 1542
1021 944
1022 2159
1023 2626
1024 64
1025 2713
1026 85
1027 1824
1028 397
1029 2154
1030 2465
1031 2461
1032 1108
1033 264
1034 2064
1035 2444
1036 1378
1037 1229
1038 1983
1039 1134
1040 1087
1041 1292
1042 472
1043 138
1044 1418
1045 1781
1046 417
1047 312
1048 1449
1049 360
1050 840
1051 75
1052 1112
1053 1998
1054 2134
1055 60
1056 848
1057 696
1058 2332
1059 1865
1060 1939
1061 2204
1062 1791
1063 2381
1064 1471
1065 2386
1066 2411
1067 2597
1068 337
1069 1116
1070 2421
1071 2551
1072 1323
1073 149
1074 1511
1075 961
1076 567
1077 1861
1078 295
1079 1882
1080 1211
1081 1851
1082 580
1083 136
1084 2321
1085 312
1086 1379
1087 940
1088 2688
1089 1546
1090 2110
1091 1884
1092 2318
1093 2722
1094 1710
1095 1256
1096 2437
1097 1651
1098 589
1099 860
1100 271
1101 1179
1102 1882
1103 1899
1104 211
1105 1478
1106 556
1107 440
1108 622
1109 1028
1110 2374
1111 2152
1112 2051
1113 493
1114 2370
1115 77
1116 509
1117 904
1118 1310
1119 746
1120 2314
1121 236
1122 2725
1123 1730
1124 418
1125 226
1126 1309
1127 2086
1128 1851
1129 1623
1130 1000
1131 445
1132 315
1133 284
1134 1490
1135 870
1136 2468
1137 1999
1138 629
1139 1772
1140 1042
1141 343
1142 667
1143 1901
1144 668
1145 2007
1146 2298
1147 1300
1148 1249
1149 2545
1150 2320
1151 1982
1152 2257
1153 2536
1154 929
1155 1578
1156 1860
1157 65
1158 524
1159 1087
1160 1631
1161 1302
1162 1363
1163 79
1164 159
1165 1075
1166 1211
1167 2453
1168 580
1169 1552
1170 1862
1171 1588
1172 2356
1173 1229
1174 1593
1175 641
1176 2687
1177 1004
1178 1154
1179 1151
1180 1547
1181 2362
1182 1428
1183 2444
1184 2588
1185 2613
1186 1641
1187 2122
1188 1117
1189 1561
1190 2708
1191 2527
1192 1449
1193 2272
1194 584
1195 1657
1196 211
1197 1953
1198 80
1199 71
1200 2204
1201 475
1202 909
1203 1263
1204 130
1205 1654
1206 1638
1207 1774
1208 989
1209 1483
1210 500
1211 1038
1212 359
1213 76
1214 1464
1215 1984
1216 553
1217 1882
1218 605
1219 2482
1220 633
1221 1552
1222 1881
1223 2017
1224 88
1225 2592
1226 316
1227 1238
1228 2666
1229 744
1230 475
1231 784
1232 1656
1233 1477
1234 23
1235 387
1236 1669
1237 345
1238 1074
1239 667
1240 228
1241 1559
1242 2058
1243 2376
1244 593
1245 824
1246 2013
1247 1309
1248 1465
1249 526
1250 2691
1251 818
1252 1958
1253 855
1254 1511
1255 837
1256 829
1257 524
1258 681
1259 1693
1260 1243
1261 2387
1262 1397
1263 575
1264 2262
1265 2346
1266 1345
1267 4
1268 658
1269 2686
1270 170
1271 2167
1272 526
1273 1852
1274 577
1275 2527
1276 1251
1277 1511
1278 2148
1279 697
1280 253
1281 1276
1282 646
1283 2156
1284 1830
1285 1337
1286 1686
1287 1471
1288 383
1289 897
1290 432
1291 2274
1292 2208
1293 74
1294 2394
1295 2283
1296 664
1297 1292
1298 1648
1299 1543
1300 2655
1301 2225
1302 1913
1303 1047
1304 1606
1305 615
1306 981
1307 1026
1308 1797
1309 88
1310 2465
1311 31
1312 2024
1313 1629
1314 275
1315 2060
1316 1693
1317 584
1318 2482
1319 1175
1320 815
1321 838
1322 2276
1323 352
1324 635
1325 2499
1326 2606
1327 21
1328 2157
1329 908
1330 2263
1331 2222
1332 2316
1333 2190
1334 2428
1335 1620
1336 1293
1337 1666
1338 614
1339 1679
1340 1150
1341 1584
1342 2453
1343 1354
1344 94
1345 1841
1346 977
1347 1004
1348 716
1349 1460
1350 79
1351 2000
1352 412
1353 1563
1354 1838
1355 976
1356 1060
1357 1657
1358 2077
1359 1752
1360 2510
1361 2306
1362 1982
1363 458
1364 16
1365 2322
1366 998
1367 2529
1368 2428
1369 682
1370 233
1371 1926
1372 1329
1373 950
1374 1853
1375 391
1376 1462
1377 978
1378 42
1379 1627
1380 2328
1381 46
1382 1911
1383 613
1384 2224
1385 2327
1386 850
1387 125
1388 827
1389 2478
1390 2315
1391 1443
1392 1499
1393 351
1394 992
1395 592
1396 1135
1397 1281
1398 1115
1399 2470
1400 385
1401 2149
1402 1486
1403 1304
1404 1065
1405 1382
1406 1178
1407 1581
1408 2366
1409 1563
1410 2173
1411 1118
1412 2504
1413 1734
1414 343
1415 2538
1416 1439
1417 2058
1418 1675
1419 187
1420 1420
1421 225
1422 2448
1423 2500
1424 957
1425 1462
1426 620
1427 1235
1428 2093
1429 642
1430 1137
1431 1001
1432 393
1433 94
1434 1620
1435 1413
1436 2398
1437 769
1438 2082
1439 2481
1440 1300
1441 460
1442 1446
1443 2290
1444 2544
1445 1185
1446 1535
1447 1475
1448 1905
1449 1597
1450 1725
1451 1095
1452 2151
1453 2169
1454 2284
1455 792
1456 1907
1457 907
1458 1883
1459 1699
1460 2399
1461 1753
1462 704
1463 870
1464 1631
1465 2461
1466 1689
1467 1094
1468 314
1469 1782
1470 1170
1471 2297
1472 1977
1473 1097
1474 1373
1475 951
1476 1125
1477 269
1478 328
1479 924
1480 1160
1481 726
1482 1880
1483 1386
1484 2415
1485 1966
1486 347
1487 1375
1488 1137
1489 1435
1490 1351
1491 347
1492 91
1493 2584
1494 240
1495 2450
1496 1540
1497 2266
1498 348
1499 1310
1500 764
1501 243
1502 916
1503 2501
1504 451
1505 1949
1506 1382
1507 1250
1508 1254
1509 828
1510 1145
1511 795
1512 1518
1513 231
1514 1186
1515 1976
1516 2315
1517 487
1518 1610
1519 133
1520 1394
1521 626
1522 822
1523 30
1524 1298
1525 1408
1526 2594
1527 1072
1528 2152
1529 184
1530 2085
1531 1058
1532 1807
1533 1094
1534 1122
1535 675
1536 2026
1537 2196
1538 1884
1539 1573
1540 783
1541 1239
1542 1676
1543 2400
1544 2607
1545 71
1546 2596
1547 603
1548 2609
1549 1094
1550 495
1551 1842
1552 2595
1553 2258
1554 778
1555 1533
1556 1598
1557 629
1558 1423
1559 770
1560 287
1561 2122
1562 61
1563 1529
1564 2656
1565 558
1566 1228
1567 19
1568 187
1569 2480
1570 1965
1571 2273
1572 1674
1573 2089
1574 2085
1575 2643
1576 104
1577 15
1578 1558
1579 2081
1580 1678
1581 1300
1582 1251
1583 2469
1584 2162
1585 2468
1586 719
1587 1063
1588 414
1589 1853
1590 2536
1591 2296
1592 395
1593 249
1594 1482
1595 583
1596 1967
1597 2476
1598 664
1599 1478
1600 2415
1601 597
1602 701
1603 1421
1604 1289
1605 1451
1606 82
1607 2526
1608 2457
1609 2643
1610 2566
1611 594
1612 600
1613 269
1614 2385
1615 922
1616 1630
1617 2
1618 2214
1619 2612
1620 337
1621 1088
1622 1178
1623 2501
1624 2103
1625 345
1626 973
1627 1408
1628 2594
1629 1178
1630 1077
1631 310
1632 93
1633 1562
1634 2370
1635 1554
1636 1592
1637 147
1638 529
1639 885
1640 1187
1641 929
1642 2259
1643 649
1644 854
1645 570
1646 579
1647 1011
1648 2561
1649 1654
1650 344
1651 815
1652 637
1653 1669
1654 1711
1655 903
1656 2490
1657 128
1658 640
1659 2101
1660 2378
1661 1962
1662 2625
1663 142
1664 1671
1665 859
1666 1758
1667 1826
1668 504
1669 2229
1670 2397
1671 474
1672 775
1673 1409
1674 1937
1675 451
1676 723
1677 495
1678 1214
1679 1442
1680 1058
1681 874
1682 1385
1683 842
1684 675
1685 2566
1686 2471
1687 1123
1688 1079
1689 286
1690 632
1691 925
1692 699
1693 257
1694 765
1695 158
1696 1889
1697 1574
1698 2079
1699 1074
1700 1110
1701 2660
1702 849
1703 1312
1704 344
1705 492
1706 1195
1707 599
1708 443
1709 2023
1710 1408
1711 1538
1712 657
1713 2641
1714 1579
1715 2400
1716 2003
1717 1585
1718 1408
1719 1685
1720 697
1721 1409
1722 993
1723 1289
1724 1703
1725 2254
1726 507
1727 1939
1728 1768
1729 949
1730 2088
1731 1424
1732 1753
1733 2719
1734 657
1735 2361
1736 2399
1737 914
1738 245
1739 1548
1740 244
1741 1329
1742 496
1743 182
1744 304
1745 624
1746 1249
1747 2358
1748 2011
1749 2481
1750 698
1751 2134
1752 2603
1753 244
1754 938
1755 2178
1756 2663
1757 1126
1758 1306
1759 1488
1760 2443
1761 1202
1762 2656
1763 1358
1764 2659
1765 1059
1766 25
1767 2076
1768 2281
1769 868
1770 1757
1771 241
1772 666
1773 1593
1774 44
1775 1059
1776 1827
1777 662
1778 1788
1779 1986
1780 242
1781 2054
1782 852
1783 2607
1784 1461
1785 1153
1786 1741
1787 1727
1788 946
1789 55
1790 1746
1791 25
1792 2022
1793 2440
1794 808
1795 1496
1796 2387
1797 1691
1798 1094
1799 1050
1800 1413
1801 1155
1802 1831
1803 1696
1804 998
1805 1204
1806 2661
1807 1993
1808 2300
1809 2326
1810 1979
1811 534
1812 816
1813 216
1814 1410
1815 174
1816 704
1817 2724
1818 2033
1819 2547
1820 473
1821 853
1822 2686
1823 418
1824 2361
1825 581
1826 824
1827 974
1828 2213
1829 2612
1830 1361
1831 1580
1832 983
1833 2673
1834 1495
1835 333
1836 1848
1837 512
1838 273
1839 2711
1840 926
1841 1021
1842 2715
1843 741
1844 1594
1845 85
1846 339
1847 1293
1848 699
1849 1384
1850 1889
1851 2027
1852 2094
1853 2368
1854 684
1855 693
1856 1223
1857 477
1858 2396
1859 79
1860 600
1861 2306
1862 1082
1863 1996
1864 1377
1865 1544
1866 294
1867 974
1868 1200
1869 2290
1870 1314
1871 1713
1872 2241
1873 1458
1874 280
1875 1711
1876 1465
1877 1888
1878 2322
1879 2318
1880 689
1881 1606
1882 520
1883 2040
1884 1801
1885 2006
1886 2066
1887 2165
1888 548
1889 265
1890 2654
1891 1563
1892 430
1893 2279
1894 1917
1895 1213
1896 2051
1897 5
1898 374
1899 1109
1900 2724
1901 2229
1902 780
1903 406
1904 463
1905 841
1906 1392
1907 1243
1908 1049
1909 353
1910 945
1911 661
1912 1604
1913 2306
1914 2008
1915 2477
1916 1366
1917 1332
1918 2662
1919 293
1920 2461
1921 2024
1922 426
1923 1349
1924 1442
1925 82
1926 1501
1927 1263
1928 1322
1929 1231
1930 1042
1931 655
1932 499
1933 1552
1934 2589
1935 845
1936 1868
1937 2182
1938 1448
1939 11
1940 571
1941 1539
1942 31
1943 27
1944 2464
1945 2416
1946 922
1947 2012
1948 645
1949 2027
1950 1052
1951 1832
1952 914
1953 57
1954 1470
1955 2286
1956 1884
1957 1651
1958 1800
1959 19
1960 2129
1961 806
1962 1788
1963 182
1964 1737
1965 239
1966 859
1967 1856
1968 944
1969 525
1970 282
1971 304
1972 237
1973 176
1974 1260
1975 2217
1976 757
1977 1717
1978 1493
1979 45
1980 1566
1981 371
1982 2683
1983 1949
1984 1262
1985 1971
1986 1340
1987 1289
1988 542
1989 496
1990 1093
1991 2687
1992 883
1993 510
1994 25
1995 2444
1996 1680
1997 2623
1998 747
1999 2725
2000 1401
2001 1408
2002 1399
2003 127
2004 2428
2005 1026
2006 146
2007 1655
2008 1452
2009 374
2010 182
2011 2552
2012 1813
2013 2552
2014 1245
2015 1529
2016 613
2017 2289
2018 402
2019 1528
2020 721
2021 2511
2022 2189
2023 2065
2024 2331
2025 1250
2026 899
2027 422
2028 2255
2029 48
2030 1480
2031 398
2032 1496
2033 2075
2034 2666
2035 2336
2036 2724
2037 331
2038 980
2039 415
2040 265
2041 2392
2042 2153
2043 275
2044 2369
2045 4
2046 2642
2047 1126
2048 119
2049 1992
2050 872
2051 710
2052 133
2053 940
2054 1780
2055 86
2056 443
2057 1930
2058 1946
2059 1359
2060 592
2061 366
2062 1563
2063 1844
2064 599
2065 1073
2066 2125
2067 2128
2068 1802
2069 1393
2070 952
2071 609
2072 1524
2073 2058
2074 1813
2075 2518
2076 683
2077 848
2078 898
2079 2375
2080 1546
2081 1089
2082 170
2083 708
2084 1503
2085 1764
2086 225
2087 1786
2088 133
2089 2164
2090 1609
2091 330
2092 1327
2093 2701
2094 827
2095 1526
2096 2356
2097 221
2098 1959
2099 2581
2100 1444
2101 1381
2102 79
2103 650
2104 587
2105 2549
2106 1281
2107 299
2108 2173
2109 1433
2110 650
2111 881
2112 2406
2113 252
2114 904
2115 1172
2116 660
2117 704
2118 1730
2119 541
2120 2172
2121 1753
2122 1943
2123 1069
2124 1965
2125 137
2126 1056
2127 195
2128 508
2129 2660
2130 8
2131 910
2132 2491
2133 1467
2134 17
2135 1662
2136 1211
2137 461
2138 2660
2139 407
2140 2203
2141 508
2142 758
2143 1278
2144 694
2145 2300
2146 195
2147 714
2148 886
2149 1877
2150 693
2151 512
2152 997
2153 367
2154 2234
2155 2592
2156 462
2157 720
2158 2713
2159 2332
2160 1006
2161 2239
2162 2123
2163 2543
2164 2647
2165 224
2166 1514
2167 1143
2168 184
2169 1104
2170 1896
2171 1595
2172 324
2173 1553
2174 743
2175 1313
2176 364
2177 1835
2178 2628
2179 1495
2180 1120
2181 934
2182 2522
2183 2491
2184 360
2185 2400
2186 589
2187 175
2188 868
2189 1202
2190 1913
2191 503
2192 326
2193 240
2194 1835
2195 1262
2196 1488
2197 1854
2198 1087
2199 2475
2200 384
2201 489
2202 1531
2203 1241
2204 1995
2205 429
2206 609
2207 770
2208 716
2209 1528
2210 224
2211 1664
2212 1826
2213 398
2214 880
2215 2686
2216 491
2217 2465
2218 243
2219 549
2220 951
2221 1305
2222 2400
2223 771
2224 1975
2225 1051
2226 1943
2227 540
2228 2051
2229 2123
2230 2534
2231 1074
2232 2018
2233 2169
2234 357
2235 1958
2236 1651
2237 2523
2238 882
2239 2702
2240 1627
2241 749
2242 411
2243 570
2244 2066
2245 352
2246 1228
2247 2405
2248 2605
2249 1297
2250 799
2251 86
2252 2525
2253 1424
2254 2108
2255 2011
2256 1510
2257 646
2258 2710
2259 2434
2260 2174
2261 1258
2262 633
2263 334
2264 2230
2265 2550
2266 1520
2267 2242
2268 1194
2269 1932
2270 278
2271 2048
2272 2579
2273 101
2274 225
2275 2399
2276 672
2277 1993
2278 555
2279 674
2280 194
2281 151
2282 1852
2283 120
2284 678
2285 298
2286 2544
2287 1155
2288 2246
2289 577
2290 1949
2291 1977
2292 1634
2293 1953
2294 928
2295 2033
2296 1875
2297 2436
2298 521
2299 1206
2300 250
2301 2520
2302 2278
2303 530
2304 668
2305 481
2306 1553
2307 2696
2308 2029
2309 1926
2310 2105
2311 435
2312 2431
2313 1872
2314 302
2315 2186
2316 531
2317 2370
2318 220
2319 468
2320 306
2321 2615
2322 1800
2323 693
2324 834
2325 1576
2326 246
2327 110
2328 1924
2329 2666
2330 277
2331 1693
2332 304
2333 2529
2334 2269
2335 779
2336 1580
2337 234
2338 611
2339 223
2340 28
2341 256
2342 801
2343 2629
2344 1635
2345 1657
2346 1473
2347 22
2348 2032
2349 1457
2350 613
2351 411
2352 655
2353 2328
2354 237
2355 1064
2356 1148
2357 1053
2358 1729
2359 1597
2360 2544
2361 2312
2362 1114
2363 616
2364 2468
2365 2295
2366 820
2367 539
2368 1572
2369 1363
2370 109
2371 2212
2372 1809
2373 2154
2374 218
2375 699
2376 207
2377 1090
2378 437
2379 1815
2380 194
2381 253
2382 535
2383 1432
2384 1713
2385 2280
2386 1792
2387 488
2388 2507
2389 1475
2390 1988
2391 1894
2392 1852
2393 1517
2394 474
2395 2070
2396 666
2397 1089
2398 1856
2399 1205
2400 210
2401 237
2402 2259
2403 1496
2404 732
2405 1960
2406 1900
2407 1440
2408 1278
2409 844
2410 915
2411 559
2412 1283
2413 458
2414 1884
2415 2203
2416 679
2417 340
2418 1522
2419 1779
2420 2102
2421 726
2422 1423
2423 805
2424 1871
2425 1949
2426 1296
2427 1426
2428 836
2429 395
2430 505
2431 1844
2432 1235
2433 164
2434 72
2435 2211
2436 1201
2437 1909
2438 1367
2439 868
2440 2549
2441 2539
2442 1931
2443 2577
2444 2554
2445 801
2446 800
2447 1240
2448 820
2449 1708
2450 2334
2451 793
2452 1280
2453 473
2454 43
2455 2027
2456 973
2457 1953
2458 2687
2459 2056
2460 1761
2461 727
2462 2408
2463 1066
2464 2420
2465 1620
2466 338
2467 851
2468 2047
2469 1188
2470 998
2471 678
2472 2516
2473 2457
2474 757
2475 361
2476 486
2477 826
2478 1373
2479 1984
2480 530
2481 1760
2482 1177
2483 1541
2484 1693
2485 779
2486 2677
2487 2299
2488 341
2489 596
2490 2672
2491 2319
2492 1608
2493 1815
2494 2397
2495 2128
2496 282
2497 2316
2498 386
2499 29
2500 93
2501 1298
2502 1042
2503 112
2504 645
2505 243
2506 2642
2507 1607
2508 1861
2509 1781
2510 148
2511 1431
2512 1482
2513 2239
2514 1856
2515 1386
2516 1537
2517 2326
2518 2230
2519 1324
2520 1090
2521 997
2522 2040
2523 2602
2524 505
2525 464
2526 667
2527 529
2528 111
2529 2565
2530 2407
2531 273
2532 471
2533 594
2534 1787
2535 1547
2536 2058
2537 1218
2538 802
2539 905
2540 2332
2541 407
2542 651
2543 1594
2544 2283
2545 1152
2546 1260
2547 804
2548 870
2549 1774
2550 76
2551 2401
2552 1041
2553 1981
2554 194
2555 1094
2556 294
2557 998
2558 1767
2559 1982
2560 1712
2561 76
2562 2686
2563 870
2564 1645
2565 442
2566 1798
2567 1291
2568 334
2569 1779
2570 378
2571 1479
2572 1722
2573 1133
2574 1306
2575 1294
2576 2271
2577 1612
2578 2298
2579 2683
2580 1706
2581 520
2582 1950
2583 291
2584 728
2585 2152
2586 40
2587 865
2588 728
2589 2489
2590 116
2591 2271
2592 814
2593 1511
2594 301
2595 156
2596 2520
2597 1966
2598 1790
2599 914
2600 1094
2601 1548
2602 1785
2603 1143
2604 2602
2605 1407
2606 858
2607 154
2608 1214
2609 2002
2610 1107
2611 521
2612 659
2613 1592
2614 1987
2615 1730
2616 1476
2617 341
2618 371
2619 473
2620 2466
2621 1326
2622 1676
2623 1404
2624 432
2625 1079
2626 702
2627 2485
2628 2627
2629 2710
2630 700
2631 2435
2632 1979
2633 1440
2634 2465
2635 2340
2636 15
2637 1008
2638 187
2639 696
2640 1575
2641 921
2642 2368
2643 2452
2644 1986
2645 835
2646 1080
2647 690
2648 2632
2649 1810
2650 1557
2651 2292
2652 25
2653 1671
2654 2338
2655 1191
2656 793
2657 2388
2658 2403
2659 1701
2660 690
2661 1015
2662 1999
2663 2710
2664 1730
2665 1918
2666 1225
2667 322
2668 2520
2669 2233
2670 1088
2671 1178
2672 1342
2673 1417
2674 2525
2675 2504
2676 2206
2677 2535
2678 592
2679 501
2680 1505
2681 289
2682 1120
2683 523
2684 1465
2685 695
2686 2334
2687 2296
2688 417
2689 606
2690 2117
2691 772
2692 2413
2693 733
2694 1282
2695 250
2696 1529
2697 1464
2698 1257
2699 2527
2700 2058
2701 1052
2702 2224
2703 1816
2704 1675
2705 1143
2706 562
2707 2107
2708 1011
2709 694
2710 1193
2711 2358
2712 2044
2713 1824
2714 2644
2715 1652
2716 230
2717 1404
2718 2422
2719 1309
2720 447
2721 719
2722 2208
2723 1515
2724 49
2725 1130
2726 2566
