0 536
1 2343
2 2336
3 1241
4 1070
5 753
6 239
7 2712
8 1120
9 385
10 1628
11 298
12 1077
13 172
14 610
15 2657
16 1868
17 385
18 2187
19 1446
20 307
21 112
22 1736
23 258
24 1764
25 2414
26 1240
27 520
28 2058
29 972
30 762
31 658
32 1437
33 1340
34 2586
35 70
36 201
37 1492
38 2462
39 1176
40 1247
41 2435
42 1884
43 2545
44 2208
45 1846
46 1276
47 2485
48 174
49 2079
50 28
51 1138
52 1737
53 935
54 556
55 176
56 807
57 786
58 89
59 1783
60 1693
61 649
62 1676
63 665
64 1584
65 295
66 1099
67 2389
68 1521
69 1868
70 1857
71 1811
72 222
73 191
74 681
75 706
76 2500
77 739
78 2225
79 2611
80 1024
81 1888
82 1911
83 2677
84 1892
85 1336
86 1111
87 1
88 2636
89 1556
90 2711
91 1046
92 1323
93 2588
94 426
95 1273
96 2021
97 2500
98 33
99 2219
100 2466
101 2694
102 1915
103 2538
104 884
105 919
106 2550
107 903
108 1198
109 2604
110 1166
111 224
112 2636
113 231
114 594
115 1424
116 2675
117 1291
118 2552
119 1812
120 2048
121 228
122 316
123 1462
124 880
125 1171
126 212
127 467
128 604
129 1639
130 2185
131 2045
132 1217
133 872
134 1373
135 2526
136 2524
137 756
138 2626
139 2125
140 904
141 2569
142 795
143 1570
144 401
145 1713
146 2614
147 482
148 2223
149 516
150 1076
151 1280
152 2175
153 1208
154 2374
155 263
156 2512
157 969
158 1727
159 388
160 1188
161 1604
162 1348
163 194
164 254
165 2278
166 1949
167 2473
168 1728
169 1200
170 1467
171 2217
172 238
173 2671
174 2714
175 553
176 659
177 529
178 2234
179 1963
180 1041
181 188
182 625
183 242
184 2302
185 149
186 435
187 1639
188 299
189 928
190 1205
191 237
192 274
193 1337
194 1395
195 1420
196 1158
197 909
198 965
199 804
200 319
201 874
202 800
203 80
204 1239
205 652
206 1323
207 2391
208 1146
209 978
210 1814
211 1491
212 1133
213 160
214 2402
215 157
216 1034
217 1217
218 448
219 1584
220 1614
221 511
222 365
223 1571
224 2363
225 2515
226 2215
227 142
228 2048
229 937
230 668
231 2463
232 586
233 648
234 501
235 1101
236 702
237 270
238 1917
239 1210
240 1840
241 1877
242 1986
243 340
244 446
245 2527
246 2060
247 1212
248 182
249 2598
250 1439
251 2439
252 2402
253 1328
254 468
255 2172
256 1446
257 381
258 2048
259 427
260 878
261 959
262 84
263 2264
264 2155
265 248
266 1700
267 2719
268 70
269 1604
270 1821
271 2434
272 2375
273 1579
274 700
275 595
276 310
277 1188
278 798
279 283
280 1460
281 687
282 627
283 2304
284 1732
285 1276
286 731
287 1712
288 2340
289 895
290 1373
291 2390
292 1955
293 1935
294 1204
295 1065
296 1285
297 869
298 2088
299 401
300 1933
301 1209
302 2219
303 2274
304 2085
305 1008
306 2096
307 2281
308 134
309 1931
310 1546
311 2206
312 1288
313 343
314 1915
315 2581
316 2080
317 2480
318 557
319 319
320 991
321 1109
322 1401
323 394
324 2212
325 2621
326 1839
327 806
328 669
329 1654
330 918
331 2634
332 450
333 2560
334 1474
335 687
336 242
337 843
338 358
339 1960
340 1099
341 656
342 2293
343 629
344 1576
345 1281
346 333
347 31
348 2534
349 15
350 204
351 99
352 1567
353 269
354 767
355 553
356 671
357 1729
358 1706
359 1591
360 2548
361 2712
362 996
363 552
364 2537
365 1654
366 1248
367 1183
368 1991
369 415
370 1441
371 1163
372 1426
373 1329
374 861
375 331
376 1636
377 1092
378 319
379 445
380 433
381 1923
382 2515
383 1767
384 2016
385 41
386 2147
387 1232
388 2276
389 1676
390 1787
391 71
392 1498
393 2698
394 1479
395 838
396 1260
397 396
398 1303
399 2396
400 2415
401 1896
402 1904
403 1081
404 976
405 1096
406 171
407 292
408 726
409 1097
410 2566
411 1023
412 284
413 28
414 1277
415 1995
416 2334
417 1502
418 2551
419 1815
420 1132
421 1968
422 1569
423 2149
424 1392
425 2677
426 1203
427 197
428 1869
429 1064
430 2397
431 1670
432 1487
433 1414
434 1798
435 1796
436 2001
437 1681
438 2651
439 2459
440 1890
441 2319
442 390
443 1339
444 304
445 2650
446 818
447 1589
448 1740
449 509
450 1973
451 1635
452 2257
453 499
454 575
455 1901
456 2040
457 695
458 1140
459 940
460 1053
461 1167
462 1090
463 2718
464 2288
465 1906
466 950
467 804
468 1621
469 83
470 2087
471 841
472 2360
473 1286
474 957
475 523
476 1265
477 2142
478 141
479 2344
480 1913
481 1109
482 79
483 160
484 933
485 1039
486 304
487 607
488 634
489 1243
490 1374
491 319
492 2240
493 640
494 1145
495 1751
496 1398
497 2569
498 39
499 1335
500 875
501 1392
502 1473
503 504
504 263
505 895
506 2013
507 1120
508 655
509 2563
510 1737
511 1071
512 1958
513 763
514 2400
515 1005
516 2593
517 1355
518 974
519 2647
520 2315
521 1829
522 2681
523 600
524 646
525 1771
526 794
527 2411
528 154
529 1317
530 824
531 965
532 1284
533 293
534 1229
535 378
536 20
537 600
538 170
539 1160
540 1734
541 1584
542 911
543 1878
544 2425
545 2622
546 690
547 1879
548 1924
549 1664
550 358
551 981
552 2694
553 2225
554 1478
555 2416
556 1223
557 1249
558 2711
559 1854
560 1512
561 2240
562 2361
563 2589
564 1277
565 2524
566 451
567 1979
568 2417
569 367
570 205
571 1934
572 863
573 1018
574 822
575 542
576 1279
577 2711
578 2634
579 2098
580 1937
581 1061
582 233
583 2304
584 1377
585 1397
586 889
587 1472
588 2116
589 1939
590 1909
591 947
592 307
593 703
594 2599
595 1169
596 356
597 45
598 2619
599 2461
600 1725
601 610
602 913
603 1124
604 1435
605 1697
606 2171
607 1734
608 1823
609 2549
610 105
611 1079
612 514
613 1335
614 773
615 1489
616 2699
617 378
618 758
619 790
620 1341
621 1648
622 2093
623 1093
624 158
625 1871
626 1984
627 2339
628 917
629 843
630 2350
631 2606
632 1883
633 2439
634 648
635 1383
636 614
637 1613
638 1051
639 2701
640 1348
641 987
642 1270
643 1697
644 18
645 1239
646 336
647 1958
648 2615
649 2410
650 808
651 81
652 1587
653 2063
654 300
655 1863
656 2054
657 141
658 2206
659 790
660 1368
661 2500
662 2565
663 270
664 931
665 1077
666 589
667 1328
668 2341
669 1768
670 912
671 1357
672 1074
673 2088
674 553
675 450
676 179
677 6
678 336
679 1200
680 2094
681 2109
682 358
683 2604
684 200
685 974
686 1693
687 1092
688 112
689 364
690 1728
691 1354
692 1680
693 2693
694 2280
695 1580
696 2004
697 2212
698 193
699 1544
700 441
701 2521
702 1600
703 2118
704 1496
705 477
706 122
707 1154
708 152
709 1898
710 1928
711 2720
712 907
713 2561
714 96
715 1706
716 2126
717 2223
718 886
719 306
720 1547
721 1395
722 2117
723 1251
724 601
725 14
726 2354
727 2137
728 1288
729 2191
730 2399
731 1159
732 1844
733 1773
734 692
735 134
736 829
737 2410
738 132
739 647
740 477
741 222
742 2396
743 2149
744 2469
745 776
746 1008
747 1388
748 1120
749 1583
750 1215
751 1827
752 2492
753 2533
754 2634
755 2214
756 1108
757 2059
758 480
759 1391
760 89
761 1906
762 2405
763 136
764 2391
765 1142
766 2146
767 1415
768 2549
769 2147
770 1446
771 1052
772 2624
773 1939
774 2712
775 366
776 2003
777 1573
778 2440
779 2480
780 338
781 706
782 593
783 717
784 722
785 711
786 1841
787 2382
788 1665
789 1324
790 1530
791 1065
792 2311
793 1821
794 1765
795 1799
796 176
797 2161
798 2573
799 675
800 1900
801 1705
802 2508
803 2172
804 968
805 1916
806 1492
807 173
808 2709
809 2237
810 2719
811 793
812 448
813 23
814 114
815 2712
816 624
817 2519
818 735
819 88
820 1495
821 1278
822 700
823 1394
824 2182
825 2532
826 41
827 600
828 1031
829 2008
830 964
831 120
832 469
833 1643
834 809
835 1971
836 2121
837 2282
838 1939
839 1824
840 2682
841 1845
842 2494
843 1753
844 993
845 510
846 1844
847 749
848 493
849 105
850 1631
851 988
852 186
853 569
854 2702
855 2511
856 1870
857 1407
858 1804
859 44
860 2515
861 2197
862 662
863 492
864 2560
865 2072
866 1374
867 690
868 221
869 2130
870 2519
871 1014
872 725
873 2661
874 2278
875 547
876 333
877 1858
878 2145
879 334
880 2312
881 2095
882 164
883 1865
884 67
885 434
886 635
887 1804
888 249
889 627
890 1129
891 327
892 705
893 2124
894 1311
895 1079
896 2172
897 1753
898 44
899 237
900 1000
901 2131
902 1989
903 2266
904 2255
905 648
906 1345
907 682
908 2688
909 279
910 694
911 2711
912 981
913 418
914 1800
915 2570
916 2312
917 1230
918 2383
919 1785
920 585
921 695
922 792
923 2224
924 742
925 2262
926 761
927 381
928 2383
929 1557
930 204
931 2370
932 180
933 1756
934 665
935 2631
936 826
937 965
938 191
939 2652
940 2457
941 894
942 807
943 2339
944 1725
945 221
946 1979
947 1304
948 2182
949 756
950 1363
951 4
952 849
953 2204
954 470
955 865
956 1598
957 296
958 1961
959 207
960 641
961 1676
962 1738
963 2048
964 2421
965 895
966 1368
967 286
968 392
969 1281
970 1233
971 813
972 2373
973 279
974 1692
975 2215
976 191
977 140
978 1293
979 115
980 347
981 796
982 434
983 1791
984 133
985 2088
986 2424
987 941
988 792
989 1405
990 2058
991 1302
992 1561
993 1059
994 576
995 2085
996 1217
997 1633
998 373
999 2210
1000 1585
1001 139
1002 2071
1003 2319
1004 146
1005 2443
1006 1872
1007 706
1008 784
1009 1481
1010 687
1011 164
1012 839
1013 30
1014 1452
1015 1043
1016 1510
1017 2131
1018 2081
1019 2164
1020 2053
1021 1687
1022 2288
1023 2584
1024 1094
1025 2662
1026 2210
1027 2571
1028 849
1029 1710
1030 1604
1031 2126
1032 2448
1033 628
1034 16
1035 2526
1036 147
1037 54
1038 47
1039 2314
1040 2356
1041 2426
1042 2395
1043 2664
1044 2232
1045 1582
1046 912
1047 735
1048 2219
1049 2496
1050 1563
1051 1498
1052 921
1053 2475
1054 2125
1055 2608
1056 109
1057 1859
1058 1547
1059 834
1060 21
1061 886
1062 40
1063 913
1064 710
1065 540
1066 783
1067 51
1068 2413
1069 1118
1070 2468
1071 1769
1072 592
1073 2379
1074 2663
1075 54
1076 615
1077 696
1078 418
1079 1104
1080 2036
1081 772
1082 975
1083 1808
1084 2313
1085 96
1086 990
1087 2256
1088 278
1089 2401
1090 2653
1091 2622
1092 1136
1093 2541
1094 1204
1095 1558
1096 878
1097 433
1098 1323
1099 2397
1100 1867
1101 2245
1102 1090
1103 531
1104 79
1105 1603
1106 836
1107 2416
1108 391
1109 2700
1110 952
1111 1318
1112 1384
1113 2409
1114 354
1115 409
1116 913
1117 1248
1118 1696
1119 2658
1120 275
1121 687
1122 1722
1123 2206
1124 2689
1125 1398
1126 2681
1127 2598
1128 1511
1129 2205
1130 1545
1131 1975
1132 1328
1133 586
1134 2584
1135 138
1136 1587
1137 648
1138 2703
1139 521
1140 2028
1141 1577
1142 508
1143 672
1144 2081
1145 1794
1146 175
1147 1439
1148 248
1149 218
1150 722
1151 2427
1152 2307
1153 1044
1154 1634
1155 1838
1156 1298
1157 1459
1158 412
1159 327
1160 2609
1161 2448
1162 2411
1163 651
1164 1642
1165 2538
1166 1657
1167 1536
1168 1110
1169 1705
1170 1352
1171 1616
1172 2152
1173 1516
1174 1071
1175 2522
1176 1910
1177 28
1178 40
1179 439
1180 2627
1181 521
1182 1193
1183 2288
1184 2247
1185 1752
1186 282
1187 1001
1188 2341
1189 352
1190 2177
1191 1081
1192 1630
1193 1142
1194 2125
1195 1948
1196 41
1197 1627
1198 2359
1199 1730
1200 128
1201 1691
1202 1348
1203 1648
1204 668
1205 2328
1206 6
1207 1056
1208 1647
1209 1527
1210 934
1211 2166
1212 2145
1213 341
1214 1807
1215 2047
1216 1141
1217 2491
1218 2337
1219 1344
1220 1218
1221 939
1222 1176
1223 831
1224 2481
1225 2357
1226 594
1227 1056
1228 1737
1229 1723
1230 435
1231 251
1232 2566
1233 232
1234 1804
1235 2091
1236 26
1237 2144
1238 831
1239 182
1240 1744
1241 617
1242 1328
1243 336
1244 1025
1245 819
1246 1614
1247 1350
1248 988
1249 279
1250 2062
1251 2043
1252 1706
1253 1182
1254 551
1255 1665
1256 2294
1257 2330
1258 421
1259 518
1260 194
1261 263
1262 297
1263 951
1264 1917
1265 870
1266 2060
1267 929
1268 1350
1269 874
1270 304
1271 2653
1272 1062
1273 2093
1274 1240
1275 2425
1276 566
1277 1248
1278 2544
1279 1274
1280 677
1281 1198
1282 2669
1283 1045
1284 1551
1285 1333
1286 2524
1287 979
1288 1730
1289 1446
1290 1363
1291 57
1292 413
1293 373
1294 2479
1295 1098
1296 1105
1297 1045
1298 1149
1299 2276
1300 2347
1301 1093
1302 1774
1303 2094
1304 690
1305 1025
1306 2674
1307 1213
1308 1836
1309 132
1310 936
1311 42
1312 2172
1313 2461
1314 1564
1315 762
1316 1575
1317 2711
1318 2235
1319 2721
1320 2179
1321 1313
1322 2485
1323 1997
1324 2509
1325 340
1326 1751
1327 2224
1328 139
1329 2619
1330 169
1331 2351
1332 2100
1333 1899
1334 254
1335 348
1336 1763
1337 342
1338 2293
1339 350
1340 1521
1341 1405
1342 1314
1343 1535
1344 535
1345 1947
1346 862
1347 1056
1348 287
1349 852
1350 1580
1351 319
1352 1053
1353 1073
1354 355
1355 2514
1356 2198
1357 1041
1358 1306
1359 56
1360 920
1361 1811
1362 750
1363 828
1364 2279
1365 353
1366 368
1367 2488
1368 1721
1369 2360
1370 1075
1371 2127
1372 1188
1373 1118
1374 2489
1375 2473
1376 230
1377 795
1378 2152
1379 1973
1380 583
1381 899
1382 2075
1383 522
1384 1977
1385 10
1386 265
1387 1212
1388 1874
1389 1606
1390 111
1391 2573
1392 1089
1393 1115
1394 2347
1395 2521
1396 1516
1397 2634
1398 887
1399 2221
1400 2103
1401 81
1402 363
1403 996
1404 1630
1405 1466
1406 1444
1407 998
1408 2180
1409 764
1410 869
1411 1036
1412 2455
1413 2268
1414 1572
1415 937
1416 1376
1417 443
1418 2702
1419 224
1420 2525
1421 1486
1422 1458
1423 901
1424 2304
1425 1303
1426 1711
1427 2288
1428 1035
1429 1317
1430 1785
1431 1689
1432 1877
1433 1987
1434 186
1435 1161
1436 1515
1437 1799
1438 837
1439 2287
1440 1839
1441 798
1442 513
1443 1907
1444 1726
1445 433
1446 1733
1447 1826
1448 663
1449 646
1450 186
1451 2471
1452 135
1453 2008
1454 1261
1455 2194
1456 111
1457 2454
1458 596
1459 685
1460 167
1461 1022
1462 2156
1463 701
1464 1937
1465 2334
1466 175
1467 2546
1468 323
1469 1158
1470 336
1471 346
1472 2130
1473 1159
1474 30
1475 2524
1476 2222
1477 1454
1478 1981
1479 2619
1480 562
1481 2101
1482 2641
1483 1544
1484 1439
1485 121
1486 1066
1487 1329
1488 1557
1489 505
1490 646
1491 1361
1492 36
1493 1375
1494 703
1495 974
1496 1698
1497 808
1498 117
1499 1901
1500 2102
1501 858
1502 1894
1503 2172
1504 1416
1505 2403
1506 2224
1507 344
1508 2518
1509 2686
1510 40
1511 2465
1512 2391
1513 1255
1514 952
1515 161
1516 1066
1517 730
1518 2522
1519 1883
1520 2699
1521 2721
1522 39
1523 837
1524 1292
1525 691
1526 260
1527 1654
1528 1626
1529 1215
1530 2181
1531 319
1532 2243
1533 2477
1534 819
1535 909
1536 726
1537 2303
1538 1525
1539 1299
1540 2087
1541 339
1542 871
1543 2149
1544 2561
1545 1103
1546 866
1547 1493
1548 84
1549 902
1550 2201
1551 12
1552 717
1553 1753
1554 271
1555 1322
1556 544
1557 1040
1558 1788
1559 2462
1560 2574
1561 987
1562 1421
1563 1311
1564 2263
1565 849
1566 1386
1567 1713
1568 2366
1569 428
1570 1467
1571 1015
1572 1916
1573 1840
1574 97
1575 1190
1576 1596
1577 1910
1578 1475
1579 809
1580 574
1581 1938
1582 796
1583 1355
1584 1913
1585 795
1586 2295
1587 1037
1588 746
1589 1378
1590 1469
1591 641
1592 2653
1593 1525
1594 316
1595 1021
1596 1122
1597 2651
1598 657
1599 910
1600 951
1601 1853
1602 2164
1603 1891
1604 2460
1605 316
1606 1631
1607 1267
1608 160
1609 729
1610 160
1611 1868
1612 2080
1613 355
1614 2639
1615 623
1616 367
1617 443
1618 2291
1619 771
1620 1046
1621 755
1622 552
1623 1172
1624 2477
1625 389
1626 1779
1627 519
1628 2234
1629 1204
1630 821
1631 318
1632 2585
1633 924
1634 1776
1635 138
1636 972
1637 167
1638 256
1639 920
1640 1470
1641 280
1642 1460
1643 931
1644 609
1645 1522
1646 1288
1647 1276
1648 2151
1649 1817
1650 2661
1651 1254
1652 1498
1653 2709
1654 2053
1655 13
1656 286
1657 2654
1658 2355
1659 845
1660 2335
1661 1739
1662 1033
1663 1422
1664 2106
1665 948
1666 2101
1667 1885
1668 985
1669 2611
1670 210
1671 2479
1672 829
1673 438
1674 1965
1675 2370
1676 1053
1677 1790
1678 285
1679 435
1680 516
1681 2192
1682 2536
1683 2225
1684 710
1685 100
1686 1759
1687 687
1688 1881
1689 163
1690 2140
1691 1051
1692 2050
1693 1392
1694 2381
1695 975
1696 1760
1697 1421
1698 1067
1699 213
1700 2217
1701 1299
1702 2647
1703 1901
1704 1927
1705 263
1706 946
1707 269
1708 90
1709 1570
1710 1697
1711 1486
1712 1677
1713 819
1714 417
1715 1580
1716 1204
1717 378
1718 2333
1719 1044
1720 1075
1721 2223
1722 1370
1723 727
1724 89
1725 1347
1726 743
1727 835
1728 2604
1729 1927
1730 1775
1731 2562
1732 604
1733 101
1734 863
1735 2334
1736 1548
1737 1976
1738 2616
1739 301
1740 788
1741 2375
1742 2698
1743 82
1744 2383
1745 1162
1746 1006
1747 2496
1748 313
1749 662
1750 1249
1751 2492
1752 884
1753 269
1754 1852
1755 1847
1756 483
1757 2452
1758 1065
1759 2178
1760 2062
1761 1495
1762 1857
1763 931
1764 495
1765 2206
1766 157
1767 991
1768 957
1769 379
1770 53
1771 2117
1772 2574
1773 2088
1774 2216
1775 1353
1776 673
1777 2002
1778 2101
1779 2204
1780 2308
1781 1819
1782 1386
1783 2124
1784 179
1785 1501
1786 706
1787 493
1788 1244
1789 1858
1790 1440
1791 2196
1792 736
1793 1704
1794 2133
1795 2165
1796 1382
1797 1811
1798 334
1799 2165
1800 1166
1801 1526
1802 1179
1803 1850
1804 2111
1805 1282
1806 2308
1807 2236
1808 1431
1809 1393
1810 550
1811 1836
1812 2083
1813 481
1814 874
1815 713
1816 224
1817 14
1818 586
1819 1531
1820 706
1821 1640
1822 1023
1823 225
1824 1222
1825 2130
1826 1596
1827 1791
1828 844
1829 376
1830 1474
1831 591
1832 382
1833 2116
1834 751
1835 2158
1836 1287
1837 1841
1838 1932
1839 180
1840 468
1841 1508
1842 1445
1843 1934
1844 691
1845 1911
1846 566
1847 933
1848 2160
1849 1501
1850 1595
1851 2159
1852 1010
1853 1998
1854 493
1855 976
1856 20
1857 534
1858 1893
1859 2036
1860 1880
1861 301
1862 2170
1863 1475
1864 217
1865 2379
1866 778
1867 1698
1868 1302
1869 136
1870 1880
1871 676
1872 2603
1873 792
1874 1551
1875 2006
1876 769
1877 2032
1878 2202
1879 1123
1880 1988
1881 2441
1882 1729
1883 2539
1884 2399
1885 2023
1886 1079
1887 1339
1888 2553
1889 687
1890 1972
1891 1684
1892 1087
1893 2559
1894 1864
1895 1751
1896 1453
1897 1251
1898 1174
1899 1676
1900 1891
1901 1650
1902 585
1903 1698
1904 199
1905 2284
1906 1668
1907 290
1908 259
1909 1202
1910 2456
1911 1800
1912 195
1913 2074
1914 40
1915 1436
1916 1056
1917 690
1918 1030
1919 1518
1920 2225
1921 1088
1922 1040
1923 2671
1924 2508
1925 1157
1926 679
1927 779
1928 496
1929 1773
1930 992
1931 2623
1932 899
1933 1507
1934 254
1935 1983
1936 1610
1937 597
1938 1422
1939 560
1940 65
1941 2603
1942 538
1943 83
1944 873
1945 2372
1946 94
1947 502
1948 1408
1949 1988
1950 1764
1951 424
1952 334
1953 1881
1954 1121
1955 19
1956 2033
1957 2456
1958 1817
1959 2554
1960 2327
1961 204
1962 1334
1963 265
1964 2089
1965 2666
1966 1188
1967 721
1968 1777
1969 2281
1970 1652
1971 2666
1972 1943
1973 1679
1974 524
1975 1333
1976 2307
1977 2624
1978 525
1979 954
1980 659
1981 676
1982 715
1983 605
1984 2226
1985 2324
1986 2614
1987 2518
1988 512
1989 2171
1990 1818
1991 2530
1992 1814
1993 845
1994 747
1995 554
1996 717
1997 1100
1998 941
1999 2477
2000 446
2001 481
2002 1423
2003 1757
2004 238
2005 1529
2006 2257
2007 1220
2008 1438
2009 1189
2010 1054
2011 923
2012 1780
2013 1105
2014 4
2015 1306
2016 705
2017 1815
2018 112
2019 2325
2020 323
2021 807
2022 2641
2023 1934
2024 837
2025 997
2026 2132
2027 1974
2028 1169
2029 2504
2030 1904
2031 1337
2032 2328
2033 1556
2034 1164
2035 677
2036 1164
2037 1237
2038 2294
2039 1130
2040 2088
2041 934
2042 1867
2043 1027
2044 1253
2045 1188
2046 2022
2047 980
2048 513
2049 2705
2050 371
2051 2648
2052 2685
2053 1449
2054 2127
2055 1192
2056 2491
2057 2341
2058 146
2059 2697
2060 568
2061 1319
2062 527
2063 2698
2064 760
2065 1481
2066 1277
2067 1906
2068 2216
2069 400
2070 1409
2071 859
2072 1939
2073 2177
2074 1994
2075 95
2076 2495
2077 904
2078 1875
2079 1449
2080 2566
2081 2586
2082 860
2083 1679
2084 659
2085 1830
2086 1486
2087 754
2088 1060
2089 2670
2090 1496
2091 2357
2092 2499
2093 2408
2094 2351
2095 539
2096 38
2097 2553
2098 1818
2099 73
2100 1373
2101 2110
2102 1757
2103 961
2104 519
2105 883
2106 2464
2107 2328
2108 2176
2109 418
2110 1126
2111 1417
2112 1706
2113 1421
2114 911
2115 353
2116 952
2117 1386
2118 533
2119 803
2120 2287
2121 904
2122 2253
2123 2629
2124 1388
2125 1224
2126 1553
2127 967
2128 2571
2129 317
2130 1221
2131 604
2132 2713
2133 1991
2134 1212
2135 2637
2136 173
2137 2270
2138 312
2139 2505
2140 1021
2141 2005
2142 724
2143 643
2144 1624
2145 1012
2146 2555
2147 741
2148 851
2149 1890
2150 2403
2151 2015
2152 1608
2153 1472
2154 1737
2155 819
2156 981
2157 299
2158 578
2159 892
2160 2268
2161 1118
2162 200
2163 340
2164 797
2165 1937
2166 436
2167 558
2168 1607
2169 2623
2170 378
2171 335
2172 667
2173 2359
2174 2101
2175 2151
2176 1314
2177 2389
2178 79
2179 1182
2180 1568
2181 643
2182 2042
2183 2081
2184 2594
2185 189
2186 2644
2187 1293
2188 255
2189 1063
2190 1839
2191 442
2192 2665
2193 976
2194 1432
2195 1580
2196 74
2197 372
2198 388
2199 1674
2200 76
2201 559
2202 1840
2203 312
2204 2379
2205 459
2206 398
2207 1808
2208 1177
2209 1523
2210 1918
2211 1417
2212 451
2213 898
2214 2226
2215 1464
2216 2617
2217 2020
2218 13
2219 993
2220 1734
2221 594
2222 2514
2223 2201
2224 384
2225 231
2226 2490
2227 1328
2228 1689
2229 2178
2230 408
2231 1609
2232 1661
2233 2603
2234 2420
2235 2582
2236 671
2237 1262
2238 2051
2239 1548
2240 2418
2241 2649
2242 466
2243 705
2244 1277
2245 200
2246 2582
2247 2090
2248 2060
2249 1885
2250 1968
2251 1428
2252 1178
2253 1179
2254 240
2255 2501
2256 1446
2257 2314
2258 1639
2259 386
2260 2601
2261 414
2262 607
2263 1621
2264 49
2265 1059
2266 772
2267 1252
2268 2535
2269 318
2270 1735
2271 748
2272 1871
2273 2132
2274 513
2275 18
2276 1482
2277 920
2278 1236
2279 2635
2280 2565
2281 2366
2282 54
2283 352
2284 597
2285 820
2286 2467
2287 980
2288 468
2289 2281
2290 1007
2291 2475
2292 1429
2293 1693
2294 142
2295 1078
2296 1345
2297 1723
2298 1339
2299 188
2300 577
2301 2378
2302 1916
2303 2535
2304 718
2305 1780
2306 2155
2307 1934
2308 2077
2309 1878
2310 2719
2311 2206
2312 618
2313 2656
2314 152
2315 659
2316 1824
2317 787
2318 2073
2319 50
2320 50
2321 1682
2322 920
2323 1955
2324 2167
2325 2407
2326 2123
2327 2106
2328 1162
2329 2362
2330 2522
2331 1609
2332 562
2333 1213
2334 1643
2335 688
2336 1424
2337 1073
2338 1864
2339 235
2340 1822
2341 1461
2342 2664
2343 1276
2344 2301
2345 2610
2346 102
2347 1108
2348 1413
2349 191
2350 604
2351 1593
2352 643
2353 2166
2354 424
2355 1659
2356 674
2357 2594
2358 920
2359 2076
2360 444
2361 1964
2362 2061
2363 1054
2364 1276
2365 789
2366 664
2367 1067
2368 2200
2369 1879
2370 67
2371 605
2372 2003
2373 1765
2374 2392
2375 2379
2376 1089
2377 2180
2378 1993
2379 891
2380 2653
2381 1364
2382 1207
2383 757
2384 460
2385 1734
2386 2584
2387 1125
2388 1919
2389 1938
2390 2655
2391 2596
2392 1126
2393 687
2394 343
2395 2003
2396 2295
2397 243
2398 2383
2399 2532
2400 631
2401 1086
2402 1833
2403 2005
2404 1609
2405 219
2406 904
2407 2094
2408 782
2409 294
2410 2002
2411 1361
2412 295
2413 592
2414 1259
2415 532
2416 1386
2417 2659
2418 1922
2419 964
2420 2174
2421 333
2422 310
2423 689
2424 1426
2425 220
2426 50
2427 2190
2428 2208
2429 128
2430 2069
2431 757
2432 2442
2433 937
2434 858
2435 696
2436 1312
2437 2716
2438 845
2439 457
2440 2638
2441 2687
2442 1063
2443 312
2444 774
2445 1491
2446 846
2447 1486
2448 270
2449 1831
2450 2471
2451 2157
2452 299
2453 1595
2454 1249
2455 98
2456 2028
2457 1393
2458 2063
2459 1729
2460 342
2461 2493
2462 647
2463 1247
2464 289
2465 2173
2466 1005
2467 913
2468 1288
2469 264
2470 1196
2471 36
2472 121
2473 2429
2474 912
2475 2328
2476 1310
2477 844
2478 1042
2479 2080
2480 2035
2481 222
2482 1521
2483 977
2484 2522
2485 1803
2486 1239
2487 876
2488 432
2489 1063
2490 1031
2491 293
2492 1681
2493 355
2494 1244
2495 153
2496 2632
2497 422
2498 1577
2499 1296
2500 2556
2501 1223
2502 1034
2503 1692
2504 1246
2505 1400
2506 2586
2507 669
2508 1541
2509 1008
2510 2329
2511 1420
2512 1621
2513 277
2514 1640
2515 723
2516 1952
2517 2508
2518 56
2519 717
2520 1827
2521 1361
2522 2333
2523 2378
2524 954
2525 1881
2526 338
2527 1976
2528 1453
2529 928
2530 764
2531 743
2532 1802
2533 1864
2534 283
2535 2602
2536 284
2537 512
2538 1234
2539 2571
2540 2100
2541 1663
2542 2586
2543 2044
2544 1020
2545 791
2546 856
2547 2299
2548 2435
2549 1972
2550 2500
2551 2323
2552 787
2553 567
2554 1245
2555 1941
2556 419
2557 507
2558 301
2559 1742
2560 1052
2561 2496
2562 113
2563 2175
2564 1271
2565 2648
2566 2095
2567 2666
2568 2232
2569 2525
2570 594
2571 1396
2572 2326
2573 2466
2574 1798
2575 2248
2576 287
2577 966
2578 2144
2579 1533
2580 1514
2581 532
2582 119
2583 1850
2584 883
2585 343
2586 556
2587 484
2588 2708
2589 145
2590 1426
2591 1920
2592 2357
2593 589
2594 1920
2595 944
2596 60
2597 670
2598 190
2599 81
2600 1639
2601 1851
2602 1772
2603 1768
2604 338
2605 1287
2606 1937
2607 341
2608 2247
2609 2384
2610 1991
2611 1082
2612 1110
2613 2188
2614 282
2615 2595
2616 2051
2617 10
2618 1617
2619 490
2620 2003
2621 1315
2622 2200
2623 834
2624 2538
2625 2419
2626 998
2627 773
2628 1755
2629 450
2630 1744
2631 677
2632 1550
2633 1287
2634 1255
2635 213
2636 780
2637 2540
2638 505
2639 339
2640 2187
2641 117
2642 2254
2643 690
2644 1083
2645 822
2646 2697
2647 629
2648 277
2649 1607
2650 1156
2651 1922
2652 268
2653 1705
2654 1162
2655 1239
2656 223
2657 2517
2658 1851
2659 2714
2660 2050
2661 1378
2662 1915
2663 1905
2664 794
2665 720
2666 2256
2667 389
2668 2142
2669 2284
2670 857
2671 679
2672 2354
2673 1826
2674 2102
2675 144
2676 2700
2677 763
2678 2431
2679 1267
2680 2439
2681 1698
2682 137
2683 2587
2684 1671
2685 209
2686 1797
2687 1660
2688 2263
2689 710
2690 597
2691 383
2692 83
2693 673
2694 2519
2695 1046
2696 1655
2697 2
2698 1603
2699 2583
2700 1054
2701 558
2702 160
2703 2660
2704 2237
2705 1617
2706 1777
2707 614
2708 1605
2709 2700
2710 1488
2711 950
2712 932
2713 628
2714 597
2715 127
2716 667
2717 264
2718 809
2719 2622
2720 137
2721 538
2722 2717
2723 1418
2724 26
2725 1576
2726 324
0 529
1 2343
2 482
3 1241
4 1070
5 753
6 1330
7 289
8 485
9 385
10 91
11 2323
12 2316
13 1730
14 1415
15 411
16 1868
17 385
18 2187
19 2122
20 1562
21 112
22 1736
23 2258
24 1764
25 370
26 1240
27 520
28 1323
29 972
30 762
31 236
32 1596
33 1653
34 486
35 77
36 201
37 10
38 2462
39 1176
40 764
41 2435
42 1884
43 2545
44 2208
45 1846
46 240
47 2485
48 174
49 39
50 210
51 789
52 1737
53 1515
54 556
55 745
56 2219
57 918
58 1623
59 1031
60 1693
61 649
62 1676
63 665
64 1027
65 295
66 1099
67 1535
68 1521
69 1868
70 1857
71 1811
72 444
73 285
74 681
75 706
76 2500
77 739
78 1627
79 2611
80 1024
81 2290
82 1838
83 2109
84 1892
85 1532
86 2443
87 2038
88 962
89 1197
90 1750
91 2682
92 1707
93 929
94 953
95 824
96 2224
97 2653
98 33
99 49
100 1293
101 2694
102 1915
103 2538
104 507
105 2428
106 2373
107 361
108 1198
109 1268
110 2128
111 224
112 464
113 671
114 557
115 519
116 2288
117 1000
118 2089
119 1812
120 366
121 228
122 316
123 1462
124 880
125 1828
126 899
127 1750
128 2377
129 1
130 2476
131 2045
132 2704
133 872
134 2645
135 2681
136 1134
137 424
138 336
139 2125
140 1180
141 1291
142 795
143 1876
144 626
145 1713
146 2614
147 482
148 1558
149 1424
150 783
151 1280
152 971
153 1208
154 2374
155 1594
156 1964
157 1182
158 1727
159 1322
160 1188
161 1119
162 1847
163 194
164 2046
165 346
166 1949
167 2473
168 520
169 1149
170 1177
171 2411
172 60
173 271
174 1601
175 553
176 348
177 116
178 2149
179 1963
180 662
181 188
182 1494
183 163
184 2357
185 1455
186 435
187 2404
188 299
189 1837
190 1965
191 237
192 274
193 1337
194 1395
195 1420
196 1158
197 731
198 2722
199 1655
200 42
201 1364
202 800
203 742
204 383
205 652
206 1952
207 2391
208 1146
209 978
210 1814
211 2207
212 1133
213 868
214 2329
215 157
216 803
217 1252
218 331
219 1584
220 266
221 511
222 2049
223 1571
224 2372
225 2485
226 2215
227 1592
228 867
229 1479
230 668
231 2463
232 463
233 540
234 1442
235 1101
236 702
237 1500
238 112
239 1768
240 1840
241 1877
242 1986
243 1906
244 1759
245 2527
246 1953
247 383
248 824
249 1354
250 1439
251 1794
252 606
253 1328
254 1736
255 1553
256 1465
257 381
258 2048
259 1916
260 197
261 959
262 1145
263 2264
264 1912
265 1710
266 1700
267 2719
268 2024
269 340
270 2317
271 2434
272 2375
273 1679
274 888
275 595
276 288
277 1188
278 798
279 357
280 1460
281 687
282 172
283 1691
284 1732
285 2552
286 731
287 1712
288 1583
289 1019
290 1373
291 2390
292 1232
293 989
294 235
295 901
296 1285
297 869
298 588
299 401
300 2487
301 775
302 1943
303 558
304 2085
305 1534
306 2290
307 110
308 134
309 284
310 1546
311 1970
312 535
313 343
314 1915
315 2581
316 927
317 2708
318 603
319 319
320 1123
321 1109
322 549
323 828
324 2212
325 265
326 1839
327 49
328 1243
329 518
330 918
331 733
332 1573
333 2560
334 979
335 985
336 2409
337 1097
338 358
339 581
340 1911
341 656
342 2293
343 629
344 1196
345 1865
346 364
347 31
348 2663
349 2292
350 1283
351 99
352 2230
353 2126
354 767
355 2646
356 1879
357 1729
358 866
359 1733
360 506
361 1630
362 996
363 1344
364 2537
365 780
366 60
367 2527
368 1991
369 2699
370 1441
371 1163
372 1774
373 1868
374 2678
375 449
376 1636
377 169
378 319
379 445
380 1947
381 345
382 1111
383 644
384 2016
385 384
386 817
387 2205
388 2276
389 1676
390 1787
391 71
392 480
393 2698
394 2530
395 609
396 1260
397 1228
398 1303
399 2396
400 1416
401 160
402 1534
403 1081
404 1157
405 1617
406 117
407 292
408 726
409 2709
410 2566
411 1466
412 1797
413 275
414 1304
415 1995
416 2334
417 1502
418 2464
419 1815
420 1132
421 1968
422 1629
423 2149
424 203
425 2677
426 1910
427 905
428 645
429 1869
430 2397
431 1670
432 1624
433 1414
434 1798
435 1796
436 1224
437 626
438 2651
439 324
440 1890
441 127
442 251
443 1772
444 1465
445 2650
446 1461
447 1589
448 984
449 738
450 2357
451 709
452 2257
453 499
454 87
455 2017
456 2668
457 2085
458 1251
459 940
460 1053
461 2541
462 1090
463 2718
464 1349
465 2280
466 7
467 1907
468 2466
469 669
470 1540
471 1316
472 677
473 1501
474 1072
475 523
476 919
477 2142
478 1270
479 1367
480 1913
481 1109
482 982
483 2257
484 933
485 1466
486 851
487 911
488 52
489 1243
490 2658
491 323
492 2240
493 1510
494 1702
495 331
496 1846
497 2565
498 64
499 1335
500 1054
501 1392
502 863
503 181
504 263
505 914
506 2013
507 1181
508 655
509 2563
510 826
511 262
512 2172
513 763
514 632
515 826
516 1240
517 272
518 974
519 2647
520 2315
521 1061
522 2681
523 1563
524 1092
525 1771
526 2476
527 2411
528 154
529 1317
530 2679
531 681
532 2209
533 1549
534 1229
535 378
536 20
537 2287
538 1640
539 918
540 887
541 1584
542 911
543 2262
544 1332
545 2622
546 690
547 335
548 453
549 660
550 1403
551 981
552 2694
553 1464
554 1478
555 1450
556 2617
557 1249
558 2414
559 1854
560 1512
561 1216
562 1120
563 1944
564 2371
565 986
566 722
567 1979
568 559
569 434
570 540
571 1934
572 1960
573 1464
574 232
575 2308
576 1279
577 2711
578 2634
579 1064
580 1937
581 259
582 1148
583 2106
584 1377
585 2108
586 2084
587 1472
588 746
589 1939
590 1535
591 1281
592 307
593 703
594 419
595 1721
596 1047
597 45
598 2619
599 2461
600 100
601 1093
602 913
603 686
604 1435
605 1986
606 2171
607 1734
608 1823
609 2549
610 105
611 1079
612 514
613 1335
614 773
615 2436
616 2484
617 1212
618 1216
619 790
620 1215
621 2670
622 1539
623 1093
624 1909
625 622
626 1984
627 1194
628 917
629 843
630 2187
631 884
632 1883
633 2439
634 648
635 1383
636 895
637 1616
638 1051
639 2701
640 1348
641 1918
642 1082
643 268
644 18
645 1239
646 2493
647 2179
648 2615
649 2384
650 2328
651 81
652 671
653 2063
654 1802
655 1863
656 2054
657 10
658 2206
659 790
660 1657
661 2719
662 2565
663 270
664 931
665 1077
666 589
667 455
668 249
669 2070
670 912
671 1389
672 899
673 711
674 271
675 1979
676 1662
677 773
678 310
679 1200
680 1752
681 2253
682 358
683 2604
684 1887
685 974
686 1693
687 1092
688 1034
689 1909
690 2595
691 708
692 1680
693 528
694 1293
695 1354
696 2339
697 2212
698 193
699 1675
700 2603
701 1842
702 1639
703 2118
704 1496
705 477
706 122
707 1230
708 152
709 1898
710 1217
711 2725
712 907
713 2561
714 96
715 1809
716 2126
717 1646
718 466
719 306
720 913
721 1395
722 2117
723 1251
724 601
725 214
726 72
727 1957
728 1288
729 295
730 2573
731 872
732 1391
733 1393
734 1807
735 2383
736 829
737 2410
738 132
739 647
740 477
741 1211
742 2396
743 2149
744 2469
745 277
746 1008
747 1388
748 2352
749 746
750 1442
751 2690
752 1713
753 1984
754 2634
755 2433
756 1417
757 2059
758 480
759 1391
760 2374
761 194
762 2336
763 1569
764 1255
765 1354
766 2146
767 1415
768 1578
769 2147
770 1446
771 1052
772 2624
773 1939
774 630
775 1562
776 1255
777 1573
778 2350
779 2480
780 365
781 706
782 593
783 1214
784 1565
785 711
786 1841
787 1426
788 1245
789 1324
790 1530
791 1742
792 2311
793 1018
794 1255
795 1799
796 1477
797 2161
798 2573
799 675
800 1304
801 1705
802 1322
803 405
804 968
805 220
806 2139
807 173
808 2709
809 2237
810 2053
811 1704
812 1749
813 991
814 114
815 2712
816 784
817 2519
818 2340
819 652
820 3
821 2494
822 700
823 2699
824 156
825 2532
826 41
827 2064
828 1528
829 927
830 964
831 1926
832 469
833 1083
834 2222
835 2629
836 828
837 1075
838 1939
839 626
840 424
841 1698
842 2494
843 186
844 993
845 1291
846 2497
847 291
848 493
849 378
850 470
851 988
852 104
853 1286
854 2667
855 2511
856 1230
857 2691
858 1804
859 44
860 2416
861 2197
862 1380
863 423
864 568
865 2072
866 1374
867 2240
868 221
869 2160
870 108
871 1694
872 725
873 600
874 2494
875 547
876 858
877 1894
878 2145
879 2327
880 963
881 2095
882 2545
883 1865
884 67
885 434
886 635
887 1804
888 1241
889 627
890 530
891 327
892 2200
893 307
894 1311
895 2463
896 2157
897 1435
898 2336
899 237
900 1000
901 1047
902 1989
903 697
904 2450
905 2168
906 513
907 682
908 2688
909 279
910 1229
911 1319
912 763
913 418
914 2554
915 524
916 2023
917 1230
918 1853
919 2093
920 155
921 695
922 1331
923 1600
924 2045
925 733
926 423
927 2182
928 2383
929 1557
930 1914
931 2370
932 920
933 1756
934 1819
935 2631
936 870
937 107
938 2705
939 1957
940 2457
941 894
942 1644
943 649
944 383
945 221
946 1818
947 1524
948 2182
949 1264
950 701
951 491
952 627
953 2213
954 470
955 2020
956 1598
957 296
958 712
959 1406
960 66
961 2577
962 1738
963 1997
964 377
965 312
966 1368
967 286
968 392
969 2004
970 1233
971 813
972 2373
973 2566
974 1264
975 559
976 1450
977 1329
978 1293
979 307
980 1410
981 2137
982 1393
983 1288
984 959
985 2088
986 2424
987 760
988 2307
989 1032
990 500
991 1302
992 1561
993 192
994 576
995 1739
996 387
997 1633
998 2593
999 2123
1000 1424
1001 139
1002 891
1003 2423
1004 146
1005 1726
1006 1687
1007 706
1008 248
1009 538
1010 857
1011 791
1012 1947
1013 30
1014 1452
1015 506
1016 1510
1017 1554
1018 1753
1019 682
1020 2063
1021 1687
1022 2288
1023 866
1024 620
1025 1417
1026 1379
1027 2571
1028 1695
1029 1370
1030 2672
1031 2621
1032 2591
1033 251
1034 30
1035 2567
1036 147
1037 54
1038 47
1039 377
1040 2356
1041 2426
1042 663
1043 1320
1044 1620
1045 1582
1046 912
1047 735
1048 2219
1049 2496
1050 2556
1051 1498
1052 661
1053 582
1054 174
1055 2256
1056 2066
1057 177
1058 1547
1059 834
1060 491
1061 2217
1062 40
1063 913
1064 710
1065 302
1066 780
1067 2525
1068 2413
1069 2202
1070 2468
1071 1769
1072 592
1073 127
1074 1193
1075 54
1076 615
1077 1385
1078 418
1079 1647
1080 947
1081 772
1082 1276
1083 1808
1084 378
1085 96
1086 990
1087 1618
1088 914
1089 2401
1090 2653
1091 29
1092 14
1093 2541
1094 586
1095 2698
1096 878
1097 1202
1098 1439
1099 1924
1100 1593
1101 2253
1102 586
1103 2531
1104 2600
1105 1603
1106 2404
1107 2555
1108 2333
1109 480
1110 780
1111 1318
1112 1636
1113 1979
1114 1733
1115 2560
1116 427
1117 1248
1118 1696
1119 2658
1120 1969
1121 110
1122 670
1123 1118
1124 1456
1125 2569
1126 2681
1127 2471
1128 1511
1129 2500
1130 1545
1131 1975
1132 2304
1133 586
1134 138
1135 138
1136 874
1137 648
1138 2703
1139 2411
1140 540
1141 1577
1142 914
1143 1329
1144 804
1145 1847
1146 175
1147 1501
1148 1670
1149 1366
1150 2047
1151 2330
1152 551
1153 634
1154 446
1155 1838
1156 2638
1157 2361
1158 412
1159 1896
1160 2609
1161 795
1162 2411
1163 651
1164 1414
1165 1581
1166 2114
1167 1678
1168 323
1169 1705
1170 1352
1171 1616
1172 2152
1173 397
1174 2018
1175 2522
1176 2602
1177 1734
1178 62
1179 1003
1180 72
1181 1952
1182 2480
1183 2330
1184 2247
1185 1752
1186 1298
1187 1001
1188 2341
1189 2276
1190 146
1191 2702
1192 974
1193 1142
1194 396
1195 1745
1196 2025
1197 1627
1198 2704
1199 2419
1200 128
1201 1245
1202 2364
1203 1648
1204 668
1205 2328
1206 6
1207 29
1208 1647
1209 1471
1210 1113
1211 2452
1212 2192
1213 1097
1214 668
1215 495
1216 1141
1217 373
1218 2337
1219 1344
1220 1218
1221 553
1222 1897
1223 1546
1224 2481
1225 2551
1226 594
1227 2087
1228 1360
1229 241
1230 435
1231 462
1232 1349
1233 232
1234 1589
1235 188
1236 26
1237 1154
1238 317
1239 964
1240 1462
1241 617
1242 1328
1243 336
1244 1025
1245 819
1246 1082
1247 164
1248 855
1249 279
1250 356
1251 2523
1252 2514
1253 1147
1254 1922
1255 1665
1256 2294
1257 828
1258 2385
1259 1604
1260 959
1261 263
1262 297
1263 951
1264 1917
1265 2288
1266 579
1267 929
1268 1350
1269 1380
1270 304
1271 2653
1272 1759
1273 12
1274 1277
1275 964
1276 566
1277 1248
1278 2544
1279 814
1280 677
1281 300
1282 2669
1283 886
1284 1551
1285 2499
1286 2524
1287 1093
1288 420
1289 1446
1290 1363
1291 57
1292 522
1293 373
1294 291
1295 1098
1296 98
1297 2333
1298 415
1299 411
1300 1645
1301 1093
1302 1774
1303 2094
1304 690
1305 1180
1306 2354
1307 2468
1308 1836
1309 1907
1310 903
1311 1381
1312 2172
1313 1162
1314 1564
1315 762
1316 1575
1317 1976
1318 2235
1319 986
1320 2179
1321 2066
1322 1685
1323 1221
1324 2188
1325 2031
1326 1751
1327 2331
1328 1626
1329 2619
1330 730
1331 2351
1332 2100
1333 928
1334 254
1335 2557
1336 1298
1337 2494
1338 533
1339 350
1340 2453
1341 1515
1342 2007
1343 1535
1344 2338
1345 1947
1346 862
1347 1514
1348 1038
1349 852
1350 869
1351 1756
1352 1053
1353 318
1354 355
1355 45
1356 2198
1357 1041
1358 1643
1359 1264
1360 826
1361 1303
1362 1227
1363 2670
1364 2279
1365 353
1366 368
1367 2488
1368 2003
1369 2360
1370 1075
1371 2521
1372 1188
1373 392
1374 1589
1375 2473
1376 855
1377 301
1378 2573
1379 137
1380 583
1381 899
1382 2075
1383 170
1384 2371
1385 905
1386 265
1387 1569
1388 1874
1389 1606
1390 1946
1391 505
1392 1291
1393 1115
1394 1714
1395 2272
1396 534
1397 2634
1398 887
1399 2221
1400 1834
1401 81
1402 363
1403 996
1404 1557
1405 2284
1406 1444
1407 1886
1408 101
1409 1268
1410 1709
1411 2625
1412 728
1413 2268
1414 512
1415 937
1416 2230
1417 621
1418 2702
1419 224
1420 231
1421 2366
1422 323
1423 201
1424 2304
1425 1798
1426 1711
1427 545
1428 1347
1429 1317
1430 1785
1431 2112
1432 1877
1433 1987
1434 1161
1435 552
1436 2506
1437 1799
1438 991
1439 2287
1440 1839
1441 1068
1442 886
1443 958
1444 1726
1445 433
1446 1733
1447 1826
1448 2663
1449 36
1450 843
1451 2537
1452 1389
1453 185
1454 1000
1455 2194
1456 111
1457 1157
1458 596
1459 685
1460 2645
1461 1471
1462 2156
1463 701
1464 1937
1465 2334
1466 175
1467 547
1468 1195
1469 1396
1470 2557
1471 512
1472 849
1473 1159
1474 30
1475 1706
1476 2222
1477 1454
1478 1903
1479 236
1480 562
1481 2101
1482 2641
1483 980
1484 1439
1485 824
1486 801
1487 1329
1488 2688
1489 149
1490 646
1491 1361
1492 1
1493 1375
1494 703
1495 974
1496 1305
1497 576
1498 1245
1499 1901
1500 2102
1501 2540
1502 2238
1503 2172
1504 1416
1505 2403
1506 385
1507 51
1508 2130
1509 2686
1510 1757
1511 2465
1512 1416
1513 657
1514 1656
1515 161
1516 444
1517 730
1518 1212
1519 1746
1520 1428
1521 420
1522 1153
1523 701
1524 1292
1525 276
1526 395
1527 2249
1528 1123
1529 704
1530 1696
1531 1296
1532 1926
1533 1307
1534 819
1535 526
1536 2325
1537 1556
1538 2121
1539 302
1540 1201
1541 561
1542 871
1543 51
1544 2561
1545 1103
1546 866
1547 220
1548 1417
1549 175
1550 2634
1551 1135
1552 1333
1553 427
1554 271
1555 1322
1556 544
1557 1040
1558 1788
1559 2462
1560 2574
1561 319
1562 620
1563 829
1564 2023
1565 849
1566 1386
1567 668
1568 2366
1569 428
1570 1515
1571 1015
1572 2158
1573 1840
1574 97
1575 1342
1576 1109
1577 2722
1578 1275
1579 238
1580 574
1581 1938
1582 2193
1583 1355
1584 1913
1585 795
1586 872
1587 831
1588 746
1589 1378
1590 2642
1591 641
1592 239
1593 1939
1594 262
1595 1021
1596 1122
1597 1681
1598 657
1599 815
1600 951
1601 2502
1602 1249
1603 1891
1604 2460
1605 1470
1606 1631
1607 1267
1608 160
1609 729
1610 1680
1611 1641
1612 2080
1613 611
1614 1345
1615 2393
1616 375
1617 443
1618 2291
1619 771
1620 1046
1621 256
1622 2452
1623 517
1624 2558
1625 1205
1626 1779
1627 1573
1628 2665
1629 1204
1630 821
1631 318
1632 2585
1633 924
1634 1845
1635 1591
1636 431
1637 2513
1638 256
1639 1436
1640 2678
1641 280
1642 902
1643 931
1644 609
1645 1522
1646 2571
1647 1855
1648 2151
1649 1817
1650 1460
1651 1254
1652 1498
1653 2045
1654 2053
1655 13
1656 1774
1657 1552
1658 2355
1659 845
1660 2579
1661 1739
1662 1033
1663 1422
1664 1744
1665 604
1666 2101
1667 1885
1668 985
1669 10
1670 210
1671 2453
1672 829
1673 2463
1674 1965
1675 2370
1676 2071
1677 357
1678 285
1679 868
1680 577
1681 2192
1682 2536
1683 2225
1684 1148
1685 100
1686 1759
1687 687
1688 1098
1689 673
1690 2140
1691 1115
1692 2050
1693 1392
1694 1414
1695 1587
1696 1760
1697 1516
1698 1067
1699 352
1700 2217
1701 1299
1702 2406
1703 1901
1704 2227
1705 436
1706 734
1707 1814
1708 2725
1709 1570
1710 672
1711 665
1712 622
1713 819
1714 71
1715 1580
1716 1204
1717 378
1718 487
1719 2438
1720 652
1721 2125
1722 1370
1723 727
1724 2453
1725 1364
1726 743
1727 1277
1728 1628
1729 1927
1730 1524
1731 536
1732 604
1733 321
1734 498
1735 126
1736 1349
1737 1976
1738 773
1739 301
1740 27
1741 2375
1742 2698
1743 82
1744 2383
1745 1162
1746 827
1747 2479
1748 313
1749 662
1750 1249
1751 848
1752 884
1753 444
1754 1852
1755 1847
1756 1497
1757 1958
1758 403
1759 2178
1760 2217
1761 964
1762 59
1763 668
1764 495
1765 2206
1766 157
1767 2162
1768 2430
1769 379
1770 53
1771 1910
1772 542
1773 776
1774 2216
1775 1353
1776 1833
1777 918
1778 2101
1779 1485
1780 1722
1781 1819
1782 634
1783 2124
1784 1493
1785 1984
1786 615
1787 323
1788 719
1789 1947
1790 1440
1791 1197
1792 405
1793 510
1794 2133
1795 2165
1796 1842
1797 1811
1798 219
1799 257
1800 368
1801 1526
1802 2202
1803 1850
1804 1951
1805 846
1806 2308
1807 1456
1808 1234
1809 1393
1810 550
1811 1836
1812 2083
1813 2382
1814 377
1815 405
1816 224
1817 2068
1818 586
1819 868
1820 727
1821 1640
1822 2055
1823 225
1824 2550
1825 1193
1826 1596
1827 1791
1828 835
1829 376
1830 801
1831 1011
1832 382
1833 1934
1834 751
1835 854
1836 1287
1837 232
1838 1932
1839 180
1840 2170
1841 1508
1842 1166
1843 1934
1844 691
1845 1467
1846 980
1847 355
1848 2507
1849 2239
1850 9
1851 845
1852 1010
1853 1998
1854 1093
1855 1520
1856 20
1857 534
1858 1893
1859 2036
1860 1894
1861 2660
1862 1282
1863 2228
1864 217
1865 122
1866 778
1867 1687
1868 1133
1869 136
1870 446
1871 676
1872 2484
1873 2277
1874 1551
1875 1537
1876 769
1877 2505
1878 2202
1879 1123
1880 1988
1881 2441
1882 492
1883 290
1884 1350
1885 2023
1886 1079
1887 1365
1888 1108
1889 2152
1890 2573
1891 1684
1892 2616
1893 2559
1894 2283
1895 2610
1896 201
1897 1251
1898 645
1899 1676
1900 1891
1901 639
1902 469
1903 1698
1904 2429
1905 2284
1906 1668
1907 618
1908 259
1909 1202
1910 2456
1911 1800
1912 195
1913 2074
1914 2129
1915 1436
1916 1056
1917 690
1918 391
1919 2272
1920 1325
1921 2206
1922 195
1923 2241
1924 2674
1925 1157
1926 1516
1927 2251
1928 2288
1929 522
1930 992
1931 1582
1932 899
1933 2014
1934 1941
1935 1983
1936 1610
1937 348
1938 1422
1939 1818
1940 2230
1941 2603
1942 1364
1943 2138
1944 1722
1945 2010
1946 1376
1947 1836
1948 1408
1949 44
1950 1764
1951 1817
1952 334
1953 360
1954 1816
1955 2572
1956 1283
1957 2456
1958 1817
1959 1649
1960 948
1961 204
1962 2247
1963 428
1964 2089
1965 377
1966 1188
1967 2058
1968 10
1969 2281
1970 2015
1971 2666
1972 1943
1973 1679
1974 1042
1975 1346
1976 1783
1977 2105
1978 525
1979 1873
1980 1231
1981 676
1982 715
1983 1680
1984 1682
1985 2324
1986 2614
1987 571
1988 2551
1989 2171
1990 1090
1991 28
1992 1814
1993 845
1994 451
1995 2219
1996 1253
1997 1813
1998 2466
1999 1968
2000 773
2001 481
2002 905
2003 2364
2004 2231
2005 1529
2006 1120
2007 1220
2008 1438
2009 363
2010 1054
2011 1354
2012 1780
2013 1105
2014 2649
2015 1972
2016 705
2017 690
2018 112
2019 2325
2020 493
2021 65
2022 908
2023 1934
2024 374
2025 1278
2026 1780
2027 2162
2028 95
2029 2469
2030 1325
2031 1337
2032 160
2033 2317
2034 1164
2035 677
2036 1164
2037 778
2038 218
2039 1130
2040 2088
2041 934
2042 442
2043 1012
2044 2497
2045 1188
2046 477
2047 980
2048 513
2049 2705
2050 1435
2051 2648
2052 2685
2053 684
2054 2127
2055 834
2056 2491
2057 2341
2058 146
2059 1396
2060 2590
2061 1319
2062 527
2063 1718
2064 760
2065 2673
2066 2215
2067 1592
2068 1178
2069 83
2070 1409
2071 2330
2072 1939
2073 1702
2074 423
2075 95
2076 2495
2077 1187
2078 1183
2079 230
2080 1065
2081 2586
2082 1920
2083 1679
2084 659
2085 1830
2086 1486
2087 615
2088 785
2089 306
2090 1496
2091 1031
2092 2193
2093 1385
2094 1007
2095 539
2096 2422
2097 1756
2098 1364
2099 73
2100 1957
2101 2110
2102 1762
2103 961
2104 641
2105 883
2106 799
2107 2328
2108 2066
2109 418
2110 1340
2111 1026
2112 1706
2113 1135
2114 911
2115 353
2116 1250
2117 2593
2118 320
2119 2228
2120 1046
2121 1654
2122 1083
2123 2629
2124 2380
2125 620
2126 1553
2127 1811
2128 2571
2129 317
2130 2286
2131 1432
2132 2713
2133 1991
2134 1100
2135 2637
2136 1142
2137 2558
2138 1769
2139 26
2140 500
2141 191
2142 1893
2143 811
2144 1624
2145 281
2146 2555
2147 906
2148 234
2149 629
2150 2344
2151 369
2152 2565
2153 1472
2154 427
2155 985
2156 1517
2157 299
2158 578
2159 892
2160 12
2161 1118
2162 1788
2163 358
2164 797
2165 133
2166 1618
2167 558
2168 1569
2169 806
2170 378
2171 2618
2172 667
2173 2181
2174 221
2175 1545
2176 707
2177 2389
2178 1447
2179 1182
2180 1568
2181 404
2182 2042
2183 1289
2184 2594
2185 189
2186 2460
2187 1293
2188 255
2189 2222
2190 1839
2191 442
2192 1742
2193 976
2194 1432
2195 2222
2196 74
2197 2104
2198 388
2199 1674
2200 2311
2201 559
2202 2270
2203 312
2204 2379
2205 1335
2206 398
2207 1808
2208 1177
2209 1187
2210 1918
2211 1417
2212 905
2213 2518
2214 1063
2215 1464
2216 2617
2217 2020
2218 961
2219 993
2220 1763
2221 252
2222 2299
2223 61
2224 384
2225 231
2226 657
2227 1328
2228 1590
2229 1439
2230 2289
2231 1609
2232 1661
2233 74
2234 2643
2235 1027
2236 1254
2237 113
2238 2172
2239 2383
2240 2184
2241 2080
2242 466
2243 1620
2244 2016
2245 2162
2246 2447
2247 1657
2248 1866
2249 836
2250 467
2251 1155
2252 2446
2253 1179
2254 240
2255 1662
2256 2309
2257 2223
2258 1639
2259 395
2260 741
2261 1001
2262 1333
2263 1366
2264 1527
2265 1059
2266 772
2267 2053
2268 1064
2269 318
2270 1735
2271 1772
2272 1918
2273 2496
2274 513
2275 18
2276 1547
2277 1540
2278 2470
2279 2635
2280 99
2281 2366
2282 2278
2283 1723
2284 2642
2285 570
2286 2492
2287 1352
2288 2228
2289 811
2290 1007
2291 2475
2292 843
2293 1693
2294 1611
2295 166
2296 1345
2297 1723
2298 1339
2299 188
2300 1627
2301 2378
2302 6
2303 2535
2304 131
2305 468
2306 576
2307 1934
2308 276
2309 1831
2310 2719
2311 77
2312 2266
2313 2656
2314 852
2315 659
2316 1806
2317 1682
2318 465
2319 327
2320 50
2321 1682
2322 1835
2323 1955
2324 2461
2325 2467
2326 2123
2327 256
2328 2347
2329 1475
2330 2522
2331 1609
2332 2147
2333 961
2334 1643
2335 688
2336 2291
2337 1073
2338 875
2339 235
2340 1822
2341 1461
2342 2625
2343 995
2344 2301
2345 381
2346 105
2347 1108
2348 949
2349 1283
2350 1453
2351 1593
2352 1201
2353 2715
2354 1165
2355 2160
2356 674
2357 1907
2358 920
2359 2675
2360 444
2361 1255
2362 2061
2363 1054
2364 1276
2365 789
2366 664
2367 1664
2368 2200
2369 1879
2370 505
2371 2473
2372 2003
2373 1765
2374 2392
2375 2379
2376 1089
2377 2180
2378 1993
2379 807
2380 2199
2381 1759
2382 2341
2383 757
2384 859
2385 131
2386 748
2387 2180
2388 810
2389 1938
2390 2697
2391 2596
2392 2491
2393 1569
2394 759
2395 2003
2396 2500
2397 2190
2398 1385
2399 398
2400 631
2401 1086
2402 1833
2403 2005
2404 1698
2405 219
2406 2265
2407 1821
2408 2401
2409 294
2410 2002
2411 2337
2412 5
2413 2137
2414 2689
2415 532
2416 142
2417 2659
2418 1922
2419 644
2420 2162
2421 208
2422 310
2423 689
2424 249
2425 1054
2426 508
2427 1911
2428 1927
2429 128
2430 2523
2431 1856
2432 2442
2433 937
2434 858
2435 696
2436 1678
2437 2716
2438 1704
2439 1135
2440 2638
2441 1608
2442 1063
2443 312
2444 2040
2445 2647
2446 1143
2447 708
2448 2671
2449 1831
2450 2471
2451 2157
2452 299
2453 2003
2454 2366
2455 707
2456 2101
2457 2550
2458 2063
2459 1729
2460 2688
2461 2260
2462 1798
2463 1318
2464 625
2465 2173
2466 1869
2467 913
2468 2597
2469 264
2470 1808
2471 2345
2472 2525
2473 488
2474 2224
2475 416
2476 1310
2477 844
2478 1042
2479 1365
2480 56
2481 222
2482 1521
2483 977
2484 2522
2485 1803
2486 1239
2487 1533
2488 1448
2489 1063
2490 893
2491 293
2492 2281
2493 355
2494 1151
2495 1420
2496 2632
2497 2493
2498 1577
2499 1296
2500 2556
2501 1223
2502 1034
2503 1692
2504 1246
2505 1400
2506 2586
2507 669
2508 1541
2509 1008
2510 2329
2511 122
2512 1621
2513 1984
2514 2691
2515 723
2516 1056
2517 628
2518 56
2519 2154
2520 1799
2521 1078
2522 2280
2523 1304
2524 954
2525 478
2526 2621
2527 187
2528 669
2529 208
2530 764
2531 743
2532 2349
2533 1638
2534 175
2535 2602
2536 284
2537 512
2538 1060
2539 2571
2540 690
2541 1663
2542 451
2543 2044
2544 1020
2545 791
2546 2284
2547 2299
2548 2435
2549 781
2550 2611
2551 1584
2552 918
2553 567
2554 1245
2555 1822
2556 1729
2557 1770
2558 301
2559 1742
2560 1052
2561 2496
2562 113
2563 1960
2564 1271
2565 803
2566 241
2567 2666
2568 2232
2569 1181
2570 1606
2571 1409
2572 866
2573 2466
2574 1415
2575 2708
2576 287
2577 498
2578 2144
2579 1533
2580 1332
2581 447
2582 1276
2583 377
2584 1224
2585 343
2586 693
2587 847
2588 152
2589 145
2590 90
2591 1920
2592 1911
2593 1725
2594 410
2595 944
2596 60
2597 510
2598 343
2599 81
2600 1639
2601 309
2602 974
2603 596
2604 2663
2605 1036
2606 153
2607 2534
2608 2605
2609 2384
2610 1991
2611 1082
2612 1110
2613 2188
2614 669
2615 2595
2616 882
2617 2204
2618 1617
2619 148
2620 2003
2621 1315
2622 2200
2623 1673
2624 2074
2625 2419
2626 2590
2627 773
2628 1755
2629 2263
2630 1744
2631 677
2632 1550
2633 1160
2634 1255
2635 213
2636 780
2637 675
2638 1799
2639 343
2640 2187
2641 117
2642 756
2643 181
2644 544
2645 430
2646 819
2647 629
2648 277
2649 563
2650 888
2651 1922
2652 268
2653 1705
2654 2532
2655 2191
2656 223
2657 2517
2658 116
2659 2659
2660 2050
2661 1378
2662 1874
2663 1905
2664 2445
2665 720
2666 2336
2667 291
2668 1937
2669 2284
2670 857
2671 679
2672 1448
2673 1826
2674 2619
2675 2091
2676 233
2677 2146
2678 2574
2679 705
2680 202
2681 178
2682 1707
2683 2587
2684 1671
2685 90
2686 121
2687 2501
2688 2263
2689 1795
2690 597
2691 383
2692 83
2693 673
2694 2519
2695 1046
2696 1355
2697 2573
2698 2320
2699 2583
2700 591
2701 558
2702 160
2703 433
2704 1359
2705 1324
2706 1777
2707 612
2708 1605
2709 883
2710 1488
2711 169
2712 932
2713 731
2714 597
2715 127
2716 2515
2717 1120
2718 2586
2719 1720
2720 1822
2721 538
2722 1839
2723 523
2724 26
2725 932
2726 2574
