0 1617
1 2414
2 1756
3 1939
4 638
5 634
6 706
7 388
8 2445
9 140
10 1664
11 2717
12 2149
13 430
14 74
15 1283
16 660
17 1855
18 899
19 827
20 2672
21 946
22 2033
23 433
24 2004
25 1356
26 387
27 1090
28 104
29 805
30 1166
31 1394
32 2482
33 2203
34 2264
35 2088
36 1288
37 593
38 1375
39 2490
40 2702
41 2722
42 1172
43 1423
44 2684
45 221
46 2284
47 514
48 1334
49 961
50 1417
51 239
52 906
53 1607
54 506
55 1324
56 2081
57 1519
58 583
59 736
60 848
61 2211
62 1577
63 2487
64 2316
65 788
66 342
67 1915
68 1376
69 1765
70 1744
71 1879
72 1403
73 1015
74 510
75 2057
76 607
77 1798
78 2266
79 338
80 618
81 2477
82 1764
83 1195
84 359
85 814
86 2366
87 2663
88 2419
89 321
90 1825
91 1589
92 1458
93 586
94 966
95 983
96 1657
97 226
98 542
99 872
100 2384
101 605
102 1704
103 1343
104 327
105 1557
106 1571
107 1974
108 1446
109 100
110 1951
111 1397
112 2499
113 2537
114 334
115 1924
116 574
117 1911
118 1484
119 1425
120 535
121 2333
122 389
123 31
124 2348
125 347
126 2712
127 507
128 2213
129 2053
130 353
131 1336
132 2707
133 2670
134 2598
135 1118
136 1970
137 2002
138 2470
139 2379
140 1954
141 1688
142 998
143 308
144 2014
145 481
146 2087
147 554
148 1540
149 171
150 1760
151 2581
152 796
153 791
154 1576
155 180
156 261
157 683
158 2526
159 835
160 206
161 2125
162 2391
163 1847
164 63
165 739
166 1114
167 659
168 873
169 2506
170 1691
171 630
172 1072
173 436
174 1498
175 1564
176 941
177 461
178 528
179 2549
180 1706
181 1223
182 535
183 1836
184 1630
185 1042
186 1391
187 1954
188 1078
189 2094
190 697
191 252
192 1316
193 1017
194 347
195 2472
196 1153
197 960
198 1668
199 1389
200 2704
201 1674
202 2587
203 1630
204 1468
205 1356
206 1331
207 2588
208 1869
209 1803
210 613
211 650
212 1990
213 2025
214 72
215 1660
216 632
217 1021
218 1846
219 2629
220 1063
221 417
222 1776
223 2324
224 780
225 2324
226 1835
227 2181
228 1176
229 189
230 1219
231 1926
232 701
233 279
234 1553
235 245
236 942
237 404
238 1860
239 1395
240 388
241 428
242 2726
243 2724
244 2579
245 307
246 1051
247 2255
248 928
249 629
250 1464
251 2333
252 2137
253 1649
254 2571
255 2688
256 1107
257 2399
258 2471
259 1130
260 660
261 1829
262 788
263 2222
264 533
265 1558
266 330
267 2350
268 1571
269 558
270 1732
271 1918
272 1850
273 1700
274 1268
275 2172
276 1164
277 1502
278 1669
279 1405
280 2283
281 2310
282 1945
283 708
284 761
285 719
286 1226
287 1158
288 1785
289 1430
290 2252
291 663
292 1543
293 182
294 1491
295 1668
296 2715
297 131
298 2411
299 621
300 1280
301 608
302 2287
303 2467
304 341
305 395
306 2662
307 1775
308 609
309 1250
310 2194
311 1684
312 1755
313 304
314 982
315 1033
316 898
317 1401
318 152
319 1363
320 1900
321 2537
322 2676
323 1197
324 218
325 1661
326 919
327 1928
328 1838
329 770
330 1152
331 514
332 1729
333 1246
334 259
335 1371
336 1796
337 102
338 2667
339 2468
340 2187
341 1600
342 2015
343 822
344 199
345 2011
346 2181
347 214
348 1667
349 1482
350 1200
351 2186
352 1032
353 1126
354 1229
355 961
356 1876
357 707
358 2641
359 2401
360 993
361 2421
362 446
363 1827
364 2145
365 1179
366 2560
367 2526
368 2122
369 2726
370 1262
371 2102
372 641
373 1782
374 231
375 205
376 1336
377 1251
378 2598
379 2563
380 1952
381 1918
382 1318
383 2434
384 855
385 1290
386 673
387 692
388 462
389 503
390 2690
391 91
392 787
393 2621
394 1762
395 1804
396 664
397 160
398 712
399 1352
400 1343
401 2145
402 1345
403 95
404 491
405 890
406 1307
407 54
408 992
409 1334
410 141
411 555
412 1340
413 884
414 505
415 1383
416 630
417 2461
418 889
419 1411
420 1244
421 1908
422 928
423 1936
424 187
425 1413
426 1391
427 882
428 687
429 2120
430 307
431 287
432 1815
433 1379
434 2084
435 429
436 1192
437 1946
438 1534
439 839
440 1702
441 2561
442 2311
443 1373
444 2704
445 1014
446 2148
447 438
448 1607
449 2050
450 832
451 1467
452 2525
453 756
454 1362
455 2310
456 979
457 1329
458 847
459 2081
460 938
461 2357
462 6
463 1114
464 2549
465 824
466 337
467 2038
468 344
469 2684
470 2052
471 1517
472 2193
473 310
474 194
475 1708
476 339
477 26
478 1625
479 2557
480 2342
481 383
482 2121
483 374
484 263
485 1130
486 682
487 1233
488 336
489 871
490 1596
491 195
492 1567
493 2327
494 1265
495 2168
496 869
497 2
498 2458
499 2569
500 642
501 2027
502 1535
503 741
504 1526
505 361
506 185
507 535
508 2665
509 2060
510 332
511 351
512 134
513 2713
514 103
515 2339
516 1831
517 1009
518 33
519 207
520 2417
521 191
522 654
523 1726
524 1950
525 749
526 1883
527 638
528 1826
529 671
530 886
531 1073
532 2087
533 769
534 849
535 2643
536 980
537 392
538 1419
539 1314
540 1339
541 2120
542 280
543 558
544 1484
545 322
546 2285
547 1490
548 530
549 1746
550 237
551 2203
552 1179
553 207
554 1324
555 305
556 1713
557 796
558 1717
559 2002
560 2297
561 1902
562 1391
563 290
564 786
565 1246
566 1409
567 888
568 2221
569 2541
570 402
571 1621
572 1131
573 1763
574 2223
575 353
576 1261
577 381
578 490
579 2410
580 947
581 294
582 2171
583 1227
584 2325
585 1440
586 2003
587 1152
588 688
589 2018
590 2343
591 1786
592 569
593 436
594 771
595 1701
596 430
597 1114
598 386
599 2268
600 319
601 903
602 977
603 185
604 1379
605 2290
606 131
607 1709
608 339
609 84
610 2412
611 1077
612 1119
613 251
614 736
615 2413
616 1091
617 333
618 57
619 1002
620 913
621 251
622 1198
623 63
624 1844
625 2575
626 1343
627 1207
628 2055
629 1992
630 1097
631 377
632 1656
633 1349
634 329
635 1055
636 2571
637 2215
638 1686
639 1097
640 1526
641 996
642 1106
643 513
644 2705
645 400
646 258
647 1043
648 1651
649 229
650 2657
651 1464
652 1971
653 1347
654 28
655 2159
656 2533
657 2295
658 890
659 1727
660 2421
661 2316
662 98
663 556
664 817
665 918
666 2093
667 861
668 1531
669 13
670 982
671 1792
672 867
673 2397
674 1842
675 2660
676 1289
677 2392
678 1814
679 2663
680 2171
681 2154
682 1017
683 2199
684 2002
685 1922
686 1829
687 2459
688 194
689 1201
690 1881
691 723
692 2610
693 1978
694 2462
695 1143
696 1014
697 317
698 1855
699 579
700 2105
701 1230
702 200
703 445
704 1342
705 2445
706 886
707 362
708 827
709 2158
710 860
711 606
712 316
713 462
714 588
715 1800
716 2440
717 2194
718 1149
719 798
720 692
721 1349
722 202
723 1382
724 2422
725 1018
726 24
727 1002
728 2356
729 786
730 958
731 135
732 380
733 1683
734 2091
735 946
736 346
737 1514
738 1246
739 664
740 100
741 213
742 1352
743 2512
744 609
745 827
746 1320
747 821
748 823
749 680
750 1478
751 87
752 397
753 1634
754 1396
755 483
756 2714
757 1519
758 1502
759 1667
760 974
761 2640
762 1301
763 124
764 331
765 2019
766 648
767 2154
768 1541
769 1466
770 2400
771 708
772 805
773 2414
774 1132
775 293
776 2071
777 585
778 932
779 1113
780 801
781 2011
782 2403
783 2141
784 1298
785 1969
786 1695
787 1195
788 2571
789 554
790 1735
791 886
792 1970
793 1453
794 1607
795 2203
796 282
797 1733
798 2181
799 4
800 2272
801 1416
802 767
803 2549
804 445
805 820
806 2490
807 1633
808 2228
809 791
810 2361
811 1700
812 109
813 2608
814 1469
815 752
816 1570
817 2468
818 1623
819 1563
820 1717
821 1178
822 83
823 1785
824 1205
825 9
826 1289
827 1719
828 1338
829 941
830 157
831 1523
832 2621
833 162
834 1899
835 2620
836 2446
837 1474
838 2203
839 839
840 2313
841 121
842 1130
843 1355
844 696
845 231
846 2125
847 2464
848 1098
849 791
850 286
851 2664
852 1590
853 2195
854 240
855 2558
856 1123
857 1344
858 1097
859 2344
860 2599
861 2191
862 2600
863 1700
864 2032
865 1834
866 2430
867 1779
868 2350
869 1837
870 157
871 816
872 2189
873 531
874 1132
875 1920
876 2327
877 2309
878 1757
879 1753
880 1850
881 1409
882 1514
883 232
884 1196
885 1161
886 2258
887 633
888 1822
889 1287
890 994
891 891
892 1616
893 1951
894 763
895 1526
896 1922
897 623
898 815
899 136
900 2280
901 1487
902 1851
903 2383
904 2401
905 1385
906 2100
907 2452
908 251
909 531
910 2514
911 1534
912 282
913 1667
914 1476
915 271
916 840
917 368
918 1454
919 346
920 1945
921 498
922 2112
923 1716
924 1969
925 1363
926 2343
927 697
928 1954
929 785
930 1310
931 296
932 2564
933 229
934 2470
935 1541
936 1206
937 1664
938 1467
939 836
940 1158
941 2442
942 1020
943 2267
944 2471
945 156
946 63
947 1641
948 2621
949 1011
950 16
951 241
952 2582
953 1635
954 2633
955 2374
956 799
957 1589
958 1772
959 286
960 1159
961 804
962 259
963 122
964 2715
965 2455
966 921
967 753
968 2548
969 2068
970 1471
971 255
972 1970
973 742
974 1469
975 57
976 320
977 2016
978 1729
979 1314
980 1518
981 353
982 523
983 1147
984 516
985 33
986 1814
987 633
988 2665
989 495
990 15
991 884
992 1504
993 2045
994 2098
995 1253
996 1288
997 2682
998 2412
999 47
1000 1051
1001 2224
1002 860
1003 556
1004 42
1005 1519
1006 2128
1007 1835
1008 1531
1009 2153
1010 2506
1011 285
1012 788
1013 446
1014 2101
1015 275
1016 2574
1017 1454
1018 652
1019 1319
1020 762
1021 142
1022 929
1023 621
1024 2324
1025 639
1026 1554
1027 578
1028 1111
1029 355
1030 2610
1031 273
1032 279
1033 643
1034 21
1035 17
1036 1913
1037 602
1038 873
1039 1292
1040 106
1041 1594
1042 1990
1043 1927
1044 1804
1045 1456
1046 2376
1047 2105
1048 1888
1049 668
1050 492
1051 2077
1052 239
1053 296
1054 498
1055 538
1056 976
1057 703
1058 1635
1059 1917
1060 1191
1061 1984
1062 1717
1063 696
1064 206
1065 117
1066 965
1067 1362
1068 1802
1069 965
1070 2572
1071 444
1072 737
1073 2275
1074 1461
1075 1662
1076 1612
1077 2477
1078 1302
1079 1352
1080 572
1081 1251
1082 2327
1083 2139
1084 2047
1085 628
1086 33
1087 1136
1088 1050
1089 1947
1090 427
1091 1046
1092 1112
1093 1036
1094 617
1095 1460
1096 1334
1097 105
1098 2315
1099 1435
1100 1328
1101 1564
1102 2012
1103 2248
1104 2239
1105 2550
1106 2013
1107 1018
1108 186
1109 1480
1110 324
1111 2245
1112 1671
1113 1330
1114 1749
1115 2082
1116 1769
1117 336
1118 2356
1119 2549
1120 169
1121 1897
1122 451
1123 585
1124 699
1125 1584
1126 2291
1127 1059
1128 350
1129 470
1130 275
1131 2122
1132 2113
1133 397
1134 1642
1135 14
1136 2368
1137 1665
1138 2474
1139 2392
1140 1856
1141 211
1142 1900
1143 1875
1144 972
1145 386
1146 2256
1147 633
1148 59
1149 1956
1150 311
1151 2286
1152 2096
1153 1643
1154 2672
1155 2188
1156 530
1157 2377
1158 1779
1159 50
1160 2641
1161 916
1162 2231
1163 778
1164 2407
1165 2147
1166 369
1167 1773
1168 1664
1169 1832
1170 558
1171 1818
1172 863
1173 993
1174 2411
1175 634
1176 124
1177 1191
1178 1006
1179 533
1180 2270
1181 1891
1182 2089
1183 1521
1184 1952
1185 1544
1186 2657
1187 1601
1188 1594
1189 1448
1190 743
1191 2187
1192 815
1193 2428
1194 824
1195 2359
1196 1562
1197 384
1198 2288
1199 1038
1200 2075
1201 1221
1202 1951
1203 893
1204 1121
1205 620
1206 15
1207 2489
1208 772
1209 1454
1210 2021
1211 1558
1212 1588
1213 477
1214 1245
1215 1018
1216 2324
1217 2242
1218 963
1219 175
1220 794
1221 2718
1222 344
1223 1683
1224 1505
1225 2143
1226 951
1227 1309
1228 335
1229 2510
1230 1345
1231 2452
1232 1370
1233 1372
1234 738
1235 1194
1236 722
1237 124
1238 165
1239 1591
1240 2434
1241 1770
1242 1139
1243 1439
1244 610
1245 2584
1246 235
1247 1445
1248 1486
1249 1502
1250 790
1251 1474
1252 2675
1253 693
1254 1525
1255 1271
1256 148
1257 1829
1258 1252
1259 2607
1260 673
1261 413
1262 1383
1263 960
1264 570
1265 2251
1266 2392
1267 1338
1268 767
1269 901
1270 1978
1271 1576
1272 636
1273 2118
1274 1813
1275 1155
1276 2163
1277 2209
1278 488
1279 1876
1280 355
1281 1082
1282 1917
1283 1403
1284 1322
1285 2585
1286 69
1287 1369
1288 1688
1289 2448
1290 13
1291 1574
1292 1593
1293 2191
1294 638
1295 2241
1296 753
1297 1217
1298 846
1299 1118
1300 661
1301 19
1302 1875
1303 1301
1304 2596
1305 757
1306 1619
1307 100
1308 1834
1309 785
1310 1769
1311 1415
1312 373
1313 1967
1314 462
1315 1228
1316 1894
1317 581
1318 1584
1319 413
1320 1439
1321 1209
1322 546
1323 1041
1324 2311
1325 2045
1326 1789
1327 944
1328 601
1329 1492
1330 2048
1331 2226
1332 2100
1333 1973
1334 1164
1335 1971
1336 287
1337 938
1338 1347
1339 293
1340 2454
1341 434
1342 2189
1343 461
1344 2535
1345 2230
1346 2481
1347 1129
1348 454
1349 1083
1350 930
1351 2244
1352 1983
1353 929
1354 327
1355 980
1356 1116
1357 86
1358 815
1359 2297
1360 749
1361 1808
1362 516
1363 2356
1364 1295
1365 486
1366 1746
1367 1524
1368 46
1369 364
1370 2585
1371 2668
1372 557
1373 1694
1374 427
1375 2421
1376 601
1377 392
1378 1604
1379 2540
1380 640
1381 676
1382 488
1383 1088
1384 238
1385 2204
1386 1268
1387 1579
1388 2296
1389 1168
1390 1166
1391 883
1392 1905
1393 1421
1394 1322
1395 2624
1396 898
1397 2165
1398 1778
1399 297
1400 1603
1401 1684
1402 251
1403 1480
1404 1715
1405 1418
1406 75
1407 2281
1408 2704
1409 783
1410 1164
1411 811
1412 668
1413 2644
1414 2154
1415 1455
1416 2087
1417 2449
1418 276
1419 2031
1420 1374
1421 1574
1422 884
1423 2388
1424 2681
1425 2427
1426 1505
1427 1097
1428 339
1429 1779
1430 1679
1431 440
1432 1901
1433 1550
1434 1688
1435 1206
1436 833
1437 2414
1438 603
1439 787
1440 316
1441 1222
1442 1955
1443 66
1444 1950
1445 818
1446 258
1447 1807
1448 2194
1449 2474
1450 1217
1451 1101
1452 1218
1453 1306
1454 960
1455 1389
1456 310
1457 152
1458 610
1459 1250
1460 68
1461 1748
1462 1514
1463 155
1464 719
1465 1180
1466 2191
1467 322
1468 934
1469 2114
1470 1503
1471 1928
1472 304
1473 1217
1474 1433
1475 1422
1476 843
1477 107
1478 1128
1479 393
1480 1164
1481 1462
1482 330
1483 1667
1484 238
1485 839
1486 2413
1487 2399
1488 817
1489 1353
1490 2068
1491 1869
1492 1444
1493 731
1494 573
1495 1514
1496 2318
1497 487
1498 909
1499 2118
1500 1565
1501 2192
1502 1240
1503 1319
1504 2349
1505 2669
1506 821
1507 1716
1508 1737
1509 1102
1510 2616
1511 354
1512 2588
1513 1436
1514 1590
1515 2571
1516 1049
1517 2081
1518 2501
1519 2544
1520 2173
1521 1785
1522 1724
1523 2451
1524 1477
1525 179
1526 1851
1527 875
1528 1080
1529 648
1530 235
1531 2005
1532 2113
1533 1020
1534 2158
1535 373
1536 884
1537 1906
1538 200
1539 36
1540 182
1541 1745
1542 563
1543 2158
1544 868
1545 2218
1546 855
1547 237
1548 2406
1549 2410
1550 869
1551 1335
1552 1440
1553 277
1554 1703
1555 1717
1556 2620
1557 481
1558 2579
1559 257
1560 192
1561 551
1562 1614
1563 650
1564 1388
1565 2022
1566 645
1567 213
1568 1530
1569 517
1570 362
1571 1759
1572 2651
1573 2062
1574 2570
1575 728
1576 1486
1577 2322
1578 1285
1579 2444
1580 800
1581 1958
1582 2661
1583 156
1584 2574
1585 271
1586 2615
1587 165
1588 2193
1589 1624
1590 1842
1591 2363
1592 1319
1593 1939
1594 1886
1595 1621
1596 1740
1597 1210
1598 62
1599 914
1600 2721
1601 2006
1602 435
1603 1232
1604 2668
1605 2100
1606 2143
1607 2632
1608 128
1609 125
1610 1115
1611 2285
1612 1062
1613 599
1614 2252
1615 1154
1616 93
1617 1974
1618 220
1619 1279
1620 1392
1621 130
1622 1395
1623 544
1624 667
1625 740
1626 1060
1627 459
1628 287
1629 2706
1630 212
1631 499
1632 491
1633 932
1634 2714
1635 859
1636 1874
1637 856
1638 1839
1639 2673
1640 979
1641 548
1642 1442
1643 1179
1644 2358
1645 1519
1646 79
1647 1370
1648 460
1649 2542
1650 1612
1651 794
1652 49
1653 1221
1654 2649
1655 1424
1656 1148
1657 1321
1658 941
1659 722
1660 1031
1661 1916
1662 1383
1663 1967
1664 2550
1665 2481
1666 29
1667 1379
1668 2191
1669 295
1670 1074
1671 2133
1672 469
1673 1349
1674 2180
1675 1770
1676 558
1677 2018
1678 2004
1679 142
1680 1591
1681 1942
1682 1405
1683 1026
1684 917
1685 2698
1686 1802
1687 1818
1688 65
1689 966
1690 805
1691 1169
1692 1163
1693 1743
1694 1736
1695 28
1696 1269
1697 1252
1698 1083
1699 1237
1700 2467
1701 1357
1702 601
1703 607
1704 59
1705 816
1706 2264
1707 586
1708 2412
1709 2113
1710 1733
1711 2516
1712 228
1713 1398
1714 2645
1715 1466
1716 209
1717 2147
1718 1972
1719 1977
1720 1546
1721 814
1722 1634
1723 1517
1724 1721
1725 1465
1726 394
1727 288
1728 485
1729 398
1730 998
1731 641
1732 458
1733 706
1734 2632
1735 1235
1736 1617
1737 2086
1738 321
1739 2685
1740 309
1741 754
1742 2582
1743 1780
1744 977
1745 1606
1746 1831
1747 2509
1748 2236
1749 1626
1750 140
1751 805
1752 2198
1753 728
1754 2163
1755 1905
1756 1943
1757 2348
1758 1960
1759 25
1760 1320
1761 1530
1762 1073
1763 2084
1764 651
1765 2632
1766 2177
1767 1858
1768 2293
1769 2718
1770 1277
1771 1424
1772 2451
1773 2057
1774 1842
1775 1378
1776 1716
1777 46
1778 1339
1779 210
1780 1689
1781 1569
1782 1809
1783 384
1784 1813
1785 2664
1786 2104
1787 898
1788 1962
1789 1162
1790 1939
1791 412
1792 1809
1793 1652
1794 1672
1795 284
1796 747
1797 394
1798 346
1799 4
1800 746
1801 1536
1802 1254
1803 462
1804 2341
1805 1578
1806 1324
1807 1140
1808 442
1809 352
1810 1640
1811 2614
1812 156
1813 2304
1814 2021
1815 1604
1816 1530
1817 909
1818 2304
1819 209
1820 2169
1821 380
1822 1228
1823 2641
1824 556
1825 884
1826 30
1827 163
1828 1447
1829 1171
1830 2320
1831 1273
1832 1757
1833 77
1834 531
1835 1495
1836 1613
1837 2008
1838 738
1839 335
1840 2183
1841 1165
1842 386
1843 625
1844 2573
1845 342
1846 2258
1847 1717
1848 1392
1849 485
1850 2130
1851 739
1852 1458
1853 1511
1854 991
1855 2297
1856 1216
1857 2108
1858 970
1859 1855
1860 2167
1861 115
1862 1629
1863 1380
1864 2350
1865 1842
1866 715
1867 1909
1868 495
1869 2357
1870 249
1871 507
1872 403
1873 2558
1874 2209
1875 223
1876 738
1877 334
1878 2411
1879 666
1880 2491
1881 1771
1882 982
1883 502
1884 102
1885 1989
1886 1908
1887 1426
1888 1905
1889 1735
1890 270
1891 1639
1892 2231
1893 1358
1894 2421
1895 1205
1896 2107
1897 2617
1898 296
1899 647
1900 83
1901 644
1902 1100
1903 796
1904 2688
1905 1296
1906 36
1907 1609
1908 1517
1909 2362
1910 439
1911 1358
1912 2191
1913 517
1914 183
1915 888
1916 356
1917 2699
1918 543
1919 1036
1920 628
1921 325
1922 1949
1923 111
1924 2437
1925 269
1926 826
1927 1591
1928 1023
1929 1080
1930 1825
1931 2690
1932 183
1933 1690
1934 838
1935 1864
1936 2415
1937 133
1938 2318
1939 1340
1940 1882
1941 80
1942 1695
1943 888
1944 1462
1945 845
1946 2597
1947 1791
1948 1422
1949 717
1950 1772
1951 648
1952 270
1953 1923
1954 1692
1955 2139
1956 1830
1957 875
1958 1709
1959 1341
1960 499
1961 1614
1962 1412
1963 808
1964 419
1965 2483
1966 2575
1967 1935
1968 1092
1969 1948
1970 337
1971 2630
1972 1374
1973 465
1974 148
1975 2002
1976 2713
1977 1547
1978 2339
1979 791
1980 1292
1981 536
1982 1651
1983 860
1984 2280
1985 533
1986 449
1987 2258
1988 1720
1989 2107
1990 1627
1991 166
1992 520
1993 1555
1994 2480
1995 2647
1996 1066
1997 682
1998 627
1999 2103
2000 2078
2001 1214
2002 655
2003 1634
2004 2377
2005 2303
2006 1761
2007 1573
2008 182
2009 1877
2010 1999
2011 1835
2012 1997
2013 689
2014 1842
2015 957
2016 389
2017 1643
2018 1839
2019 304
2020 2087
2021 31
2022 1616
2023 2720
2024 861
2025 1359
2026 1098
2027 1432
2028 2449
2029 1870
2030 1191
2031 2022
2032 2652
2033 2620
2034 590
2035 2441
2036 2276
2037 562
2038 52
2039 1299
2040 629
2041 2059
2042 1064
2043 329
2044 2302
2045 987
2046 1008
2047 2207
2048 2536
2049 1339
2050 2461
2051 11
2052 2708
2053 2435
2054 2200
2055 2547
2056 2526
2057 180
2058 136
2059 468
2060 2574
2061 1096
2062 284
2063 2054
2064 9
2065 2650
2066 2061
2067 2536
2068 2500
2069 587
2070 175
2071 183
2072 2449
2073 687
2074 2149
2075 911
2076 1089
2077 1394
2078 2026
2079 2366
2080 2059
2081 2511
2082 1001
2083 2133
2084 112
2085 2045
2086 1823
2087 1619
2088 2403
2089 591
2090 1665
2091 1519
2092 1202
2093 1256
2094 385
2095 1740
2096 967
2097 245
2098 2557
2099 1384
2100 1682
2101 2281
2102 2387
2103 1227
2104 2601
2105 151
2106 1426
2107 2292
2108 26
2109 2468
2110 1475
2111 2524
2112 2669
2113 2178
2114 587
2115 2023
2116 1578
2117 2382
2118 2502
2119 316
2120 158
2121 2400
2122 539
2123 668
2124 2385
2125 101
2126 1016
2127 175
2128 930
2129 811
2130 2654
2131 2106
2132 2722
2133 312
2134 687
2135 291
2136 1307
2137 2251
2138 1704
2139 1408
2140 172
2141 2586
2142 1477
2143 830
2144 2458
2145 177
2146 1959
2147 586
2148 2542
2149 475
2150 324
2151 1048
2152 1713
2153 1944
2154 2109
2155 1405
2156 1151
2157 1221
2158 1900
2159 612
2160 1642
2161 344
2162 2485
2163 1909
2164 1341
2165 417
2166 1939
2167 1088
2168 909
2169 220
2170 104
2171 491
2172 1205
2173 2614
2174 1073
2175 899
2176 1919
2177 2346
2178 1871
2179 1701
2180 1850
2181 2200
2182 236
2183 326
2184 1187
2185 107
2186 150
2187 2207
2188 1281
2189 203
2190 1988
2191 924
2192 2182
2193 1121
2194 1535
2195 1279
2196 1059
2197 1223
2198 607
2199 2506
2200 2018
2201 731
2202 711
2203 1531
2204 2338
2205 1717
2206 458
2207 2378
2208 1088
2209 1523
2210 958
2211 2053
2212 2486
2213 2118
2214 2565
2215 1941
2216 2214
2217 2122
2218 74
2219 1321
2220 1760
2221 1450
2222 1642
2223 1932
2224 719
2225 1124
2226 612
2227 1757
2228 919
2229 1200
2230 1791
2231 748
2232 929
2233 508
2234 21
2235 2382
2236 668
2237 1547
2238 332
2239 539
2240 108
2241 1703
2242 8
2243 2478
2244 1276
2245 1477
2246 2561
2247 443
2248 2471
2249 2047
2250 1436
2251 2649
2252 581
2253 695
2254 2285
2255 599
2256 2073
2257 989
2258 409
2259 1535
2260 132
2261 639
2262 2439
2263 1185
2264 1520
2265 1778
2266 2125
2267 2480
2268 1951
2269 285
2270 490
2271 2251
2272 1620
2273 571
2274 1290
2275 2617
2276 2649
2277 1822
2278 2412
2279 2521
2280 2392
2281 1670
2282 322
2283 2428
2284 1279
2285 877
2286 287
2287 2691
2288 1558
2289 2382
2290 232
2291 153
2292 1149
2293 151
2294 2511
2295 2051
2296 544
2297 1000
2298 1319
2299 2282
2300 467
2301 2153
2302 1609
2303 645
2304 2518
2305 2455
2306 1312
2307 1045
2308 2205
2309 50
2310 2200
2311 823
2312 1755
2313 2033
2314 790
2315 1588
2316 2313
2317 1036
2318 1148
2319 1846
2320 1347
2321 173
2322 1639
2323 678
2324 1786
2325 808
2326 2453
2327 1644
2328 2344
2329 1552
2330 1178
2331 2717
2332 579
2333 1335
2334 1700
2335 1549
2336 1723
2337 1796
2338 2039
2339 1587
2340 1560
2341 957
2342 1282
2343 584
2344 1923
2345 2279
2346 1698
2347 1489
2348 473
2349 1567
2350 89
2351 2489
2352 148
2353 820
2354 1154
2355 1400
2356 2120
2357 1009
2358 2518
2359 1820
2360 2301
2361 1224
2362 2456
2363 1200
2364 1292
2365 284
2366 2429
2367 199
2368 1829
2369 1270
2370 484
2371 2654
2372 2470
2373 1771
2374 330
2375 1818
2376 1235
2377 41
2378 2382
2379 610
2380 2434
2381 1791
2382 362
2383 2295
2384 248
2385 895
2386 1829
2387 1200
2388 72
2389 2154
2390 2568
2391 2100
2392 1216
2393 849
2394 888
2395 1848
2396 2036
2397 1832
2398 796
2399 2074
2400 2359
2401 147
2402 2657
2403 858
2404 559
2405 1496
2406 15
2407 938
2408 522
2409 1286
2410 1167
2411 1135
2412 1342
2413 2419
2414 1752
2415 344
2416 318
2417 2462
2418 1881
2419 1368
2420 273
2421 2534
2422 1086
2423 1573
2424 1639
2425 2626
2426 318
2427 1059
2428 1406
2429 1998
2430 2669
2431 1891
2432 21
2433 2511
2434 68
2435 625
2436 432
2437 623
2438 654
2439 2603
2440 419
2441 607
2442 1178
2443 1693
2444 2583
2445 184
2446 364
2447 2063
2448 2042
2449 2363
2450 1039
2451 996
2452 2519
2453 2206
2454 2507
2455 140
2456 2313
2457 898
2458 478
2459 674
2460 981
2461 276
2462 800
2463 897
2464 1250
2465 1881
2466 1551
2467 318
2468 933
2469 2043
2470 2066
2471 1414
2472 916
2473 1907
2474 2362
2475 405
2476 1130
2477 625
2478 2232
2479 516
2480 1938
2481 294
2482 2419
2483 8
2484 2129
2485 1207
2486 1358
2487 706
2488 1323
2489 311
2490 2263
2491 1171
2492 129
2493 1264
2494 2328
2495 198
2496 512
2497 2098
2498 199
2499 2221
2500 1332
2501 76
2502 286
2503 1025
2504 888
2505 76
2506 1846
2507 481
2508 1011
2509 1453
2510 319
2511 1676
2512 2097
2513 186
2514 1553
2515 2330
2516 2167
2517 1598
2518 1052
2519 1407
2520 2587
2521 602
2522 1844
2523 929
2524 963
2525 1820
2526 101
2527 230
2528 652
2529 1628
2530 574
2531 600
2532 1013
2533 1158
2534 76
2535 2616
2536 679
2537 719
2538 2701
2539 2426
2540 549
2541 2008
2542 2341
2543 2069
2544 24
2545 1601
2546 629
2547 2101
2548 134
2549 1691
2550 639
2551 2218
2552 464
2553 2203
2554 657
2555 2492
2556 2338
2557 403
2558 1296
2559 1694
2560 1007
2561 685
2562 104
2563 2305
2564 477
2565 1654
2566 1300
2567 1899
2568 2369
2569 10
2570 1085
2571 431
2572 1999
2573 670
2574 2360
2575 2279
2576 225
2577 1039
2578 516
2579 1001
2580 282
2581 1939
2582 1598
2583 1140
2584 31
2585 373
2586 1344
2587 1957
2588 271
2589 759
2590 524
2591 1440
2592 2251
2593 2414
2594 2135
2595 1173
2596 97
2597 1082
2598 495
2599 1654
2600 1242
2601 1201
2602 1123
2603 1295
2604 2672
2605 1113
2606 102
2607 1046
2608 2442
2609 1418
2610 1933
2611 572
2612 2356
2613 558
2614 2633
2615 1140
2616 416
2617 1041
2618 1497
2619 2653
2620 1923
2621 1741
2622 1791
2623 399
2624 2002
2625 2724
2626 532
2627 1770
2628 509
2629 780
2630 324
2631 1406
2632 419
2633 1643
2634 1995
2635 948
2636 1725
2637 1967
2638 1676
2639 2524
2640 2305
2641 315
2642 1849
2643 887
2644 402
2645 152
2646 684
2647 312
2648 1178
2649 1316
2650 999
2651 1760
2652 1658
2653 55
2654 2687
2655 1726
2656 1072
2657 1965
2658 223
2659 1044
2660 2428
2661 1233
2662 2546
2663 310
2664 991
2665 1583
2666 143
2667 803
2668 391
2669 1706
2670 413
2671 406
2672 99
2673 1346
2674 2579
2675 1186
2676 1412
2677 2071
2678 1387
2679 918
2680 1939
2681 330
2682 2033
2683 2297
2684 2684
2685 268
2686 2619
2687 1801
2688 1544
2689 2472
2690 1199
2691 1334
2692 1876
2693 2504
2694 633
2695 1723
2696 1833
2697 1532
2698 732
2699 2274
2700 2187
2701 10
2702 1671
2703 2696
2704 2672
2705 2458
2706 2147
2707 88
2708 216
2709 2563
2710 2473
2711 365
2712 2006
2713 417
2714 2329
2715 1501
2716 1926
2717 1042
2718 2228
2719 1466
2720 1636
2721 2245
2722 1560
2723 1461
2724 1333
2725 827
2726 1003
0 1354
1 281
2 1221
3 907
4 710
5 2596
6 1962
7 2718
8 2348
9 140
10 1018
11 488
12 2149
13 430
14 74
15 2519
16 654
17 959
18 899
19 827
20 2619
21 2533
22 2033
23 1526
24 368
25 2608
26 387
27 1090
28 51
29 805
30 1166
31 1394
32 564
33 348
34 2264
35 2112
36 859
37 950
38 754
39 795
40 1581
41 1005
42 2289
43 1423
44 347
45 2188
46 232
47 278
48 1334
49 1849
50 1417
51 2435
52 2542
53 592
54 506
55 1759
56 1652
57 2311
58 19
59 736
60 2426
61 1657
62 2061
63 596
64 2316
65 788
66 2273
67 52
68 1923
69 1453
70 2581
71 1879
72 258
73 2025
74 510
75 1273
76 2211
77 767
78 2266
79 2219
80 321
81 2477
82 1764
83 343
84 359
85 1829
86 719
87 2663
88 2419
89 1988
90 1825
91 901
92 704
93 586
94 1069
95 983
96 1657
97 518
98 542
99 872
100 2384
101 676
102 1496
103 438
104 327
105 1557
106 1571
107 880
108 1446
109 100
110 1951
111 649
112 144
113 2537
114 1926
115 1924
116 2578
117 1418
118 1194
119 1425
120 158
121 759
122 2507
123 2529
124 528
125 450
126 1877
127 759
128 2213
129 1119
130 199
131 1336
132 2707
133 2670
134 860
135 568
136 68
137 2002
138 2470
139 1443
140 613
141 2588
142 673
143 308
144 974
145 149
146 2087
147 1641
148 876
149 2187
150 1543
151 680
152 1878
153 791
154 150
155 180
156 261
157 683
158 1266
159 1685
160 1759
161 1033
162 2391
163 1847
164 63
165 739
166 1819
167 2457
168 873
169 2506
170 1730
171 630
172 1072
173 1468
174 1498
175 1564
176 941
177 461
178 1656
179 797
180 1706
181 278
182 535
183 1836
184 1225
185 1042
186 1531
187 764
188 256
189 1223
190 697
191 252
192 2694
193 722
194 1640
195 2417
196 1153
197 1531
198 227
199 1389
200 389
201 1674
202 796
203 285
204 1987
205 1356
206 1331
207 2588
208 1446
209 728
210 613
211 650
212 1210
213 2025
214 424
215 2140
216 2390
217 1021
218 2056
219 2629
220 1063
221 165
222 40
223 804
224 780
225 1454
226 1907
227 1945
228 1176
229 189
230 1219
231 1250
232 2563
233 279
234 209
235 240
236 313
237 2003
238 1860
239 1395
240 386
241 428
242 2726
243 1837
244 187
245 307
246 2185
247 1447
248 928
249 2486
250 1449
251 482
252 2137
253 2058
254 2571
255 2688
256 1122
257 2399
258 2471
259 2654
260 2707
261 1829
262 788
263 1805
264 1158
265 1304
266 1973
267 2350
268 1359
269 737
270 1732
271 65
272 1850
273 1700
274 2006
275 2172
276 1164
277 922
278 806
279 1405
280 2283
281 96
282 842
283 708
284 1450
285 2082
286 1758
287 1158
288 1785
289 2431
290 1736
291 663
292 2187
293 182
294 2209
295 1668
296 2715
297 1243
298 2461
299 621
300 1158
301 608
302 2368
303 2467
304 341
305 1159
306 1041
307 2580
308 609
309 1908
310 2194
311 1684
312 1755
313 318
314 2067
315 2481
316 1834
317 1177
318 731
319 824
320 1900
321 394
322 20
323 2346
324 2677
325 1677
326 919
327 1928
328 274
329 770
330 1508
331 94
332 1053
333 2726
334 2020
335 1371
336 1228
337 102
338 287
339 2468
340 1044
341 1600
342 1535
343 1143
344 937
345 553
346 1981
347 1554
348 639
349 1482
350 1903
351 2186
352 1032
353 1833
354 1229
355 1099
356 1876
357 1926
358 370
359 2201
360 1227
361 849
362 209
363 1827
364 2145
365 1663
366 907
367 2526
368 511
369 2726
370 2576
371 2102
372 1762
373 1782
374 231
375 1576
376 2422
377 2285
378 2365
379 1374
380 1207
381 1925
382 1385
383 2009
384 1651
385 1290
386 1753
387 692
388 251
389 1261
390 1753
391 17
392 1518
393 2621
394 1762
395 1804
396 664
397 1813
398 605
399 1352
400 1343
401 2253
402 1432
403 592
404 1125
405 172
406 1307
407 165
408 992
409 1334
410 1173
411 555
412 2166
413 2371
414 505
415 1383
416 1962
417 1457
418 1698
419 1411
420 2476
421 1908
422 928
423 1973
424 1060
425 2620
426 1958
427 882
428 865
429 629
430 307
431 2225
432 1386
433 1379
434 1570
435 429
436 1192
437 1946
438 1534
439 147
440 2113
441 1354
442 340
443 1373
444 253
445 770
446 2148
447 438
448 1664
449 2050
450 832
451 2328
452 1235
453 357
454 2053
455 2576
456 979
457 1329
458 847
459 2081
460 1192
461 101
462 6
463 1114
464 2549
465 824
466 1474
467 2274
468 344
469 956
470 2152
471 1517
472 1561
473 310
474 658
475 1708
476 552
477 26
478 983
479 292
480 2342
481 383
482 2121
483 2213
484 2316
485 1130
486 682
487 1233
488 336
489 871
490 1596
491 1625
492 2317
493 2327
494 1265
495 2706
496 1424
497 2497
498 747
499 2569
500 642
501 2027
502 1535
503 2391
504 1526
505 2456
506 185
507 2445
508 379
509 2060
510 164
511 2403
512 1361
513 2713
514 1402
515 2339
516 1096
517 2324
518 33
519 2056
520 2604
521 191
522 654
523 1874
524 1950
525 943
526 2161
527 1627
528 1502
529 437
530 1580
531 1073
532 2087
533 2711
534 1071
535 2643
536 980
537 392
538 1419
539 753
540 529
541 2120
542 280
543 558
544 1832
545 579
546 2285
547 1136
548 530
549 1746
550 803
551 2203
552 1179
553 207
554 1324
555 1530
556 1713
557 1606
558 1683
559 2620
560 1080
561 2409
562 1391
563 1744
564 1945
565 1246
566 1501
567 829
568 2221
569 2541
570 1505
571 2726
572 1131
573 1763
574 445
575 133
576 117
577 1058
578 373
579 1992
580 1675
581 2050
582 2171
583 1227
584 182
585 401
586 2320
587 1580
588 1522
589 515
590 2370
591 1786
592 251
593 1249
594 771
595 307
596 30
597 2672
598 386
599 1187
600 763
601 1438
602 2565
603 185
604 241
605 136
606 131
607 647
608 1314
609 861
610 303
611 1420
612 2403
613 2096
614 736
615 1909
616 1091
617 333
618 1994
619 1226
620 2483
621 273
622 1198
623 2508
624 2620
625 2575
626 1481
627 1207
628 124
629 904
630 2382
631 377
632 1656
633 187
634 888
635 408
636 2571
637 933
638 577
639 1097
640 1217
641 2496
642 1589
643 513
644 688
645 1022
646 1399
647 1332
648 1651
649 1389
650 2657
651 1464
652 580
653 1140
654 28
655 1842
656 2533
657 2261
658 1253
659 728
660 1896
661 262
662 1465
663 155
664 817
665 2418
666 2282
667 468
668 821
669 13
670 982
671 1762
672 867
673 2397
674 1842
675 136
676 418
677 1063
678 1814
679 451
680 1086
681 2005
682 2673
683 1103
684 2002
685 2486
686 1829
687 1226
688 675
689 2512
690 2631
691 723
692 555
693 243
694 2462
695 2466
696 1014
697 317
698 31
699 579
700 2140
701 1230
702 200
703 445
704 681
705 2485
706 1159
707 58
708 2237
709 334
710 1635
711 1771
712 734
713 424
714 1305
715 208
716 2440
717 324
718 142
719 798
720 692
721 1911
722 202
723 1053
724 2422
725 2247
726 1417
727 1489
728 1871
729 378
730 2282
731 2241
732 583
733 1683
734 2091
735 946
736 2038
737 1514
738 660
739 2335
740 379
741 2472
742 362
743 2512
744 609
745 770
746 1320
747 821
748 247
749 680
750 2493
751 558
752 1995
753 1109
754 1396
755 483
756 2714
757 1747
758 767
759 4
760 407
761 1946
762 945
763 124
764 852
765 2019
766 2482
767 1455
768 1541
769 1466
770 1968
771 1811
772 626
773 2673
774 1132
775 293
776 2092
777 665
778 198
779 1113
780 2006
781 800
782 2403
783 2141
784 1298
785 1059
786 2422
787 1706
788 2571
789 554
790 1735
791 886
792 1244
793 1453
794 1607
795 836
796 282
797 1733
798 257
799 874
800 810
801 1416
802 2635
803 2549
804 570
805 1779
806 591
807 1633
808 2228
809 1965
810 2361
811 1840
812 2399
813 1757
814 2042
815 309
816 2124
817 724
818 1345
819 1563
820 1945
821 1610
822 824
823 1785
824 150
825 1744
826 1289
827 779
828 2024
829 941
830 157
831 1523
832 2147
833 2496
834 1487
835 2172
836 326
837 2059
838 1756
839 2157
840 2313
841 1052
842 1130
843 1454
844 503
845 231
846 153
847 2128
848 1098
849 589
850 1298
851 2664
852 1590
853 2106
854 12
855 604
856 1123
857 1932
858 711
859 2344
860 2599
861 2191
862 2519
863 2196
864 231
865 1791
866 2430
867 1779
868 2350
869 1675
870 157
871 2287
872 935
873 531
874 2576
875 2697
876 2121
877 2309
878 714
879 1753
880 154
881 1409
882 232
883 232
884 289
885 1099
886 2329
887 633
888 1455
889 1702
890 416
891 891
892 628
893 787
894 2407
895 1526
896 767
897 738
898 2643
899 2680
900 2310
901 237
902 1851
903 1818
904 2401
905 1385
906 2100
907 2452
908 9
909 683
910 404
911 1191
912 806
913 2326
914 1476
915 271
916 840
917 1676
918 1426
919 1577
920 1458
921 1286
922 2112
923 1716
924 2691
925 1363
926 1312
927 697
928 1954
929 785
930 1595
931 518
932 1490
933 2120
934 2470
935 1541
936 1024
937 2171
938 1467
939 1122
940 1158
941 2610
942 2546
943 2267
944 2471
945 156
946 368
947 1641
948 2621
949 1177
950 1412
951 1409
952 2582
953 1635
954 2221
955 588
956 1418
957 1837
958 1250
959 745
960 2441
961 1092
962 259
963 122
964 2715
965 285
966 962
967 528
968 2548
969 1215
970 1471
971 255
972 1970
973 742
974 1833
975 1994
976 976
977 1979
978 1853
979 2382
980 1518
981 353
982 523
983 1147
984 516
985 33
986 1814
987 633
988 2665
989 1884
990 1853
991 90
992 1504
993 27
994 1468
995 2593
996 245
997 2682
998 1787
999 47
1000 61
1001 310
1002 1410
1003 777
1004 667
1005 1519
1006 886
1007 1835
1008 2486
1009 2524
1010 2506
1011 2459
1012 1684
1013 81
1014 2101
1015 2008
1016 2575
1017 583
1018 652
1019 626
1020 762
1021 1679
1022 929
1023 2411
1024 987
1025 639
1026 621
1027 578
1028 1111
1029 355
1030 1697
1031 1334
1032 279
1033 2264
1034 21
1035 1045
1036 1697
1037 2209
1038 980
1039 954
1040 1020
1041 443
1042 1990
1043 2566
1044 1868
1045 1456
1046 2376
1047 1574
1048 1888
1049 668
1050 492
1051 2077
1052 239
1053 296
1054 498
1055 1477
1056 976
1057 703
1058 1635
1059 399
1060 1191
1061 1984
1062 780
1063 1354
1064 206
1065 117
1066 576
1067 1362
1068 980
1069 0
1070 2572
1071 444
1072 260
1073 2275
1074 137
1075 1824
1076 1880
1077 1602
1078 740
1079 1352
1080 736
1081 2686
1082 2327
1083 2139
1084 2047
1085 1791
1086 194
1087 2171
1088 468
1089 2687
1090 427
1091 231
1092 363
1093 77
1094 617
1095 1460
1096 1334
1097 105
1098 2022
1099 1435
1100 2219
1101 304
1102 2012
1103 2248
1104 2239
1105 2213
1106 2013
1107 2514
1108 789
1109 2511
1110 2001
1111 323
1112 1671
1113 2151
1114 1749
1115 1035
1116 788
1117 336
1118 1490
1119 2549
1120 1015
1121 1897
1122 451
1123 646
1124 699
1125 1584
1126 2581
1127 2708
1128 1358
1129 470
1130 275
1131 2122
1132 605
1133 1423
1134 2010
1135 14
1136 1873
1137 1665
1138 2474
1139 1907
1140 1856
1141 2594
1142 1719
1143 1875
1144 972
1145 1975
1146 2256
1147 633
1148 59
1149 1889
1150 531
1151 1598
1152 2096
1153 563
1154 2672
1155 2188
1156 1441
1157 2377
1158 1458
1159 1395
1160 232
1161 916
1162 2231
1163 1008
1164 2407
1165 2673
1166 369
1167 2026
1168 780
1169 1832
1170 558
1171 1818
1172 863
1173 1256
1174 1865
1175 634
1176 242
1177 2123
1178 1006
1179 533
1180 445
1181 1891
1182 1797
1183 1521
1184 759
1185 204
1186 2657
1187 1601
1188 2468
1189 1521
1190 564
1191 159
1192 286
1193 428
1194 1577
1195 643
1196 1562
1197 766
1198 2288
1199 1038
1200 2075
1201 1042
1202 2328
1203 893
1204 1408
1205 1695
1206 2628
1207 700
1208 772
1209 2638
1210 1815
1211 387
1212 606
1213 2
1214 1245
1215 673
1216 2324
1217 2242
1218 389
1219 175
1220 959
1221 1149
1222 2092
1223 1865
1224 1505
1225 287
1226 1670
1227 1423
1228 335
1229 432
1230 1589
1231 2452
1232 1370
1233 1372
1234 543
1235 1194
1236 2426
1237 124
1238 743
1239 1591
1240 1262
1241 922
1242 184
1243 1901
1244 1863
1245 2584
1246 927
1247 1445
1248 889
1249 1898
1250 790
1251 1879
1252 2675
1253 918
1254 1289
1255 1363
1256 148
1257 1446
1258 1013
1259 422
1260 2589
1261 413
1262 1383
1263 960
1264 570
1265 1831
1266 2616
1267 1695
1268 2017
1269 226
1270 1978
1271 392
1272 636
1273 2118
1274 1813
1275 1493
1276 2163
1277 1136
1278 488
1279 1876
1280 1160
1281 1849
1282 1917
1283 1789
1284 187
1285 2585
1286 1968
1287 1369
1288 311
1289 2448
1290 894
1291 1574
1292 1593
1293 1573
1294 638
1295 1654
1296 2078
1297 1217
1298 465
1299 1118
1300 661
1301 324
1302 1875
1303 1301
1304 2596
1305 1471
1306 1923
1307 100
1308 1834
1309 449
1310 787
1311 1415
1312 789
1313 1967
1314 594
1315 771
1316 1894
1317 2482
1318 2555
1319 197
1320 2537
1321 1209
1322 2512
1323 1874
1324 1649
1325 2045
1326 1469
1327 944
1328 1736
1329 245
1330 892
1331 2374
1332 2084
1333 1888
1334 278
1335 1971
1336 287
1337 2121
1338 436
1339 293
1340 2011
1341 434
1342 2189
1343 193
1344 2535
1345 2628
1346 1068
1347 2485
1348 454
1349 688
1350 930
1351 2395
1352 1983
1353 1666
1354 327
1355 2459
1356 2558
1357 437
1358 815
1359 2297
1360 902
1361 391
1362 516
1363 2356
1364 1061
1365 987
1366 2256
1367 1524
1368 1665
1369 498
1370 1844
1371 419
1372 1485
1373 148
1374 427
1375 499
1376 601
1377 392
1378 469
1379 420
1380 640
1381 429
1382 985
1383 1088
1384 238
1385 2204
1386 133
1387 840
1388 212
1389 1693
1390 1166
1391 918
1392 1905
1393 540
1394 786
1395 277
1396 993
1397 1031
1398 1778
1399 297
1400 1603
1401 1684
1402 1372
1403 1480
1404 1513
1405 402
1406 877
1407 811
1408 1373
1409 2231
1410 2211
1411 811
1412 668
1413 2644
1414 2266
1415 465
1416 2310
1417 1664
1418 136
1419 2031
1420 1109
1421 1574
1422 884
1423 2526
1424 2681
1425 2604
1426 1156
1427 1097
1428 339
1429 1779
1430 971
1431 440
1432 609
1433 585
1434 1033
1435 1206
1436 833
1437 1164
1438 1789
1439 787
1440 1780
1441 2680
1442 1955
1443 66
1444 949
1445 746
1446 1725
1447 1807
1448 2194
1449 2386
1450 1708
1451 1101
1452 1938
1453 1306
1454 522
1455 1965
1456 310
1457 2453
1458 1236
1459 1250
1460 997
1461 882
1462 2088
1463 2686
1464 719
1465 1031
1466 2191
1467 1059
1468 934
1469 2114
1470 1315
1471 2528
1472 304
1473 1217
1474 1965
1475 1422
1476 843
1477 107
1478 355
1479 393
1480 2542
1481 2506
1482 330
1483 787
1484 2438
1485 839
1486 2413
1487 2399
1488 817
1489 2448
1490 2470
1491 1869
1492 1708
1493 1442
1494 573
1495 1514
1496 2318
1497 2046
1498 1889
1499 1343
1500 2244
1501 2192
1502 2659
1503 1932
1504 722
1505 2669
1506 1231
1507 1829
1508 2352
1509 1102
1510 754
1511 1989
1512 2588
1513 262
1514 2546
1515 2229
1516 1912
1517 2395
1518 2490
1519 828
1520 2173
1521 2469
1522 125
1523 2451
1524 571
1525 179
1526 1851
1527 1954
1528 1031
1529 2343
1530 2187
1531 2339
1532 137
1533 1136
1534 2158
1535 1906
1536 2553
1537 1496
1538 1249
1539 36
1540 182
1541 650
1542 78
1543 2158
1544 2380
1545 2218
1546 855
1547 237
1548 2406
1549 2058
1550 2012
1551 1335
1552 1100
1553 277
1554 1346
1555 1717
1556 330
1557 486
1558 2193
1559 273
1560 1154
1561 2458
1562 1560
1563 650
1564 2459
1565 2022
1566 645
1567 1690
1568 1530
1569 517
1570 362
1571 1759
1572 2651
1573 700
1574 2570
1575 728
1576 1486
1577 2322
1578 949
1579 2444
1580 2634
1581 1846
1582 1952
1583 2060
1584 1899
1585 702
1586 1137
1587 1875
1588 2193
1589 1624
1590 884
1591 1502
1592 2417
1593 529
1594 1886
1595 1621
1596 1759
1597 1210
1598 229
1599 2328
1600 2721
1601 2006
1602 2028
1603 1232
1604 562
1605 2100
1606 2143
1607 2031
1608 128
1609 125
1610 2268
1611 1021
1612 1062
1613 599
1614 581
1615 1154
1616 93
1617 596
1618 2609
1619 177
1620 1992
1621 2233
1622 1759
1623 544
1624 667
1625 334
1626 1843
1627 163
1628 121
1629 200
1630 1970
1631 1206
1632 491
1633 2426
1634 2714
1635 1699
1636 1380
1637 2064
1638 1839
1639 2673
1640 979
1641 548
1642 1442
1643 1363
1644 2358
1645 1066
1646 79
1647 228
1648 460
1649 634
1650 1612
1651 361
1652 75
1653 1221
1654 1328
1655 2180
1656 1148
1657 981
1658 1675
1659 722
1660 1190
1661 1916
1662 1383
1663 1967
1664 2550
1665 2481
1666 2336
1667 112
1668 1483
1669 1504
1670 2155
1671 1671
1672 1399
1673 1349
1674 2180
1675 655
1676 558
1677 2018
1678 491
1679 142
1680 1140
1681 1942
1682 2726
1683 1026
1684 529
1685 2698
1686 1802
1687 114
1688 65
1689 979
1690 805
1691 1169
1692 2168
1693 424
1694 1736
1695 28
1696 885
1697 783
1698 1539
1699 1795
1700 478
1701 1356
1702 601
1703 2427
1704 810
1705 1115
1706 2396
1707 586
1708 123
1709 2113
1710 1733
1711 2265
1712 228
1713 717
1714 1381
1715 1466
1716 524
1717 622
1718 2278
1719 1977
1720 1531
1721 814
1722 690
1723 1517
1724 236
1725 1251
1726 394
1727 288
1728 485
1729 938
1730 69
1731 641
1732 1305
1733 706
1734 261
1735 2705
1736 1617
1737 2086
1738 321
1739 2685
1740 309
1741 1453
1742 74
1743 1780
1744 55
1745 1659
1746 1831
1747 2509
1748 2508
1749 1626
1750 2197
1751 805
1752 2198
1753 89
1754 73
1755 1562
1756 1570
1757 1640
1758 1006
1759 1684
1760 2020
1761 1530
1762 364
1763 1464
1764 651
1765 2632
1766 2297
1767 1858
1768 424
1769 906
1770 533
1771 2363
1772 2451
1773 283
1774 1808
1775 1378
1776 2649
1777 2701
1778 520
1779 1100
1780 1689
1781 1569
1782 603
1783 384
1784 1947
1785 1423
1786 2104
1787 898
1788 1962
1789 1162
1790 1514
1791 412
1792 1453
1793 486
1794 66
1795 271
1796 747
1797 394
1798 346
1799 2502
1800 746
1801 1536
1802 1254
1803 462
1804 1140
1805 1505
1806 483
1807 1140
1808 1179
1809 899
1810 1640
1811 1794
1812 1164
1813 2570
1814 2243
1815 1604
1816 1530
1817 2145
1818 2304
1819 1205
1820 773
1821 2588
1822 2633
1823 2641
1824 556
1825 497
1826 1064
1827 163
1828 1447
1829 1171
1830 2320
1831 1273
1832 1581
1833 322
1834 80
1835 864
1836 1613
1837 2008
1838 738
1839 1153
1840 1078
1841 1986
1842 386
1843 600
1844 2111
1845 535
1846 1972
1847 1717
1848 1392
1849 485
1850 2130
1851 2597
1852 1458
1853 1686
1854 991
1855 2344
1856 617
1857 2520
1858 672
1859 2072
1860 2204
1861 2501
1862 2113
1863 721
1864 2350
1865 2707
1866 96
1867 353
1868 1449
1869 1322
1870 1741
1871 2511
1872 1020
1873 1201
1874 2209
1875 943
1876 2585
1877 1113
1878 256
1879 666
1880 729
1881 1771
1882 2390
1883 502
1884 669
1885 1989
1886 1897
1887 1708
1888 1905
1889 868
1890 1046
1891 1639
1892 131
1893 1358
1894 2069
1895 1205
1896 568
1897 881
1898 2092
1899 647
1900 1023
1901 108
1902 2265
1903 289
1904 35
1905 1931
1906 907
1907 1609
1908 1696
1909 1111
1910 439
1911 1358
1912 316
1913 517
1914 518
1915 68
1916 356
1917 492
1918 1585
1919 1739
1920 2232
1921 325
1922 97
1923 111
1924 1657
1925 269
1926 1453
1927 132
1928 1023
1929 1080
1930 1603
1931 2690
1932 199
1933 1690
1934 1966
1935 385
1936 1587
1937 133
1938 2318
1939 2353
1940 1882
1941 2073
1942 1695
1943 944
1944 197
1945 845
1946 1912
1947 1791
1948 2638
1949 717
1950 1772
1951 461
1952 270
1953 1654
1954 1692
1955 2139
1956 1830
1957 488
1958 2225
1959 1341
1960 499
1961 1485
1962 858
1963 757
1964 419
1965 118
1966 2575
1967 1512
1968 1092
1969 730
1970 624
1971 2171
1972 1076
1973 982
1974 2330
1975 2002
1976 2713
1977 938
1978 1983
1979 791
1980 1321
1981 536
1982 1651
1983 1276
1984 2280
1985 533
1986 449
1987 2326
1988 1470
1989 2516
1990 1305
1991 537
1992 520
1993 600
1994 2186
1995 710
1996 70
1997 2287
1998 627
1999 1387
2000 2215
2001 2557
2002 655
2003 2449
2004 2548
2005 880
2006 2104
2007 1291
2008 371
2009 1877
2010 955
2011 1835
2012 1666
2013 333
2014 1842
2015 957
2016 389
2017 11
2018 1676
2019 304
2020 1708
2021 31
2022 96
2023 2720
2024 1250
2025 1933
2026 1549
2027 2726
2028 1146
2029 2350
2030 1191
2031 2370
2032 2652
2033 2418
2034 2487
2035 2441
2036 2276
2037 2070
2038 2047
2039 1299
2040 97
2041 2059
2042 1854
2043 2006
2044 2660
2045 987
2046 749
2047 2112
2048 2536
2049 920
2050 2461
2051 1366
2052 2708
2053 2435
2054 2516
2055 594
2056 2647
2057 180
2058 2149
2059 468
2060 2574
2061 1096
2062 1382
2063 2054
2064 962
2065 1709
2066 1815
2067 2536
2068 88
2069 587
2070 175
2071 2622
2072 418
2073 279
2074 2247
2075 911
2076 994
2077 1422
2078 1629
2079 2366
2080 1656
2081 858
2082 1
2083 2349
2084 112
2085 903
2086 1222
2087 1619
2088 2403
2089 591
2090 2462
2091 1519
2092 1312
2093 1256
2094 1742
2095 2150
2096 967
2097 614
2098 530
2099 1384
2100 1682
2101 2281
2102 2387
2103 1227
2104 100
2105 151
2106 1426
2107 1582
2108 1318
2109 2468
2110 443
2111 974
2112 35
2113 2178
2114 587
2115 104
2116 1712
2117 2382
2118 746
2119 2175
2120 1535
2121 2400
2122 2140
2123 2494
2124 1360
2125 812
2126 2283
2127 1473
2128 2357
2129 1188
2130 2654
2131 2106
2132 2722
2133 312
2134 1459
2135 291
2136 2574
2137 819
2138 2339
2139 1408
2140 172
2141 2586
2142 1996
2143 830
2144 2458
2145 1435
2146 802
2147 1312
2148 585
2149 539
2150 533
2151 1048
2152 1838
2153 1944
2154 2109
2155 1639
2156 1151
2157 1221
2158 2544
2159 6
2160 1642
2161 1272
2162 326
2163 1909
2164 397
2165 417
2166 2466
2167 1088
2168 922
2169 2589
2170 917
2171 491
2172 1205
2173 2649
2174 1314
2175 899
2176 125
2177 2346
2178 1871
2179 1701
2180 1850
2181 2240
2182 2079
2183 326
2184 1057
2185 2479
2186 150
2187 2483
2188 1953
2189 2065
2190 1017
2191 365
2192 2182
2193 1121
2194 1535
2195 1279
2196 1059
2197 1820
2198 1194
2199 2506
2200 2018
2201 578
2202 711
2203 1531
2204 1332
2205 354
2206 458
2207 2378
2208 1628
2209 2133
2210 2700
2211 2053
2212 1803
2213 2118
2214 2125
2215 1941
2216 1345
2217 138
2218 1286
2219 2479
2220 1760
2221 1450
2222 2058
2223 1932
2224 125
2225 1124
2226 612
2227 37
2228 919
2229 2617
2230 1791
2231 748
2232 111
2233 2459
2234 1593
2235 1168
2236 2282
2237 489
2238 54
2239 539
2240 824
2241 1506
2242 697
2243 2533
2244 1097
2245 1336
2246 2561
2247 2261
2248 2177
2249 2047
2250 1436
2251 2649
2252 327
2253 2238
2254 2285
2255 320
2256 244
2257 2454
2258 409
2259 1147
2260 973
2261 1945
2262 2026
2263 50
2264 1520
2265 1755
2266 2125
2267 2480
2268 704
2269 285
2270 2006
2271 1812
2272 1620
2273 1822
2274 1695
2275 2617
2276 1104
2277 1888
2278 2412
2279 2521
2280 2392
2281 1932
2282 1762
2283 2006
2284 2634
2285 734
2286 287
2287 2165
2288 1558
2289 2403
2290 947
2291 1754
2292 1149
2293 2500
2294 687
2295 565
2296 544
2297 1000
2298 13
2299 2282
2300 467
2301 2286
2302 1609
2303 236
2304 1889
2305 595
2306 458
2307 1045
2308 2205
2309 2004
2310 2200
2311 2334
2312 1755
2313 1226
2314 2132
2315 1588
2316 2313
2317 1471
2318 2116
2319 350
2320 1347
2321 425
2322 227
2323 346
2324 1786
2325 2015
2326 2637
2327 1062
2328 751
2329 1552
2330 1380
2331 1227
2332 185
2333 1335
2334 2129
2335 2634
2336 2
2337 2681
2338 2015
2339 1587
2340 1560
2341 957
2342 71
2343 2593
2344 1748
2345 238
2346 2534
2347 1489
2348 736
2349 1567
2350 1360
2351 329
2352 1189
2353 2668
2354 579
2355 1553
2356 2585
2357 919
2358 2121
2359 2500
2360 2301
2361 1224
2362 1995
2363 2687
2364 1292
2365 410
2366 2618
2367 282
2368 1829
2369 615
2370 1363
2371 2654
2372 2457
2373 1771
2374 717
2375 654
2376 1260
2377 1677
2378 2382
2379 610
2380 358
2381 1791
2382 2462
2383 2295
2384 1968
2385 895
2386 1829
2387 2239
2388 394
2389 1018
2390 1810
2391 2100
2392 2619
2393 2003
2394 2452
2395 2179
2396 2122
2397 803
2398 2548
2399 2074
2400 2512
2401 418
2402 2657
2403 858
2404 807
2405 1418
2406 2651
2407 938
2408 965
2409 1286
2410 472
2411 1135
2412 1133
2413 1610
2414 689
2415 344
2416 179
2417 2462
2418 864
2419 2066
2420 2133
2421 2051
2422 1086
2423 1573
2424 1639
2425 2626
2426 2596
2427 2457
2428 1406
2429 1998
2430 1378
2431 1840
2432 21
2433 2511
2434 1178
2435 822
2436 432
2437 1539
2438 654
2439 1350
2440 1572
2441 1037
2442 1606
2443 1693
2444 2583
2445 2507
2446 748
2447 540
2448 2042
2449 1819
2450 1995
2451 1160
2452 2229
2453 2206
2454 2507
2455 140
2456 2388
2457 898
2458 478
2459 674
2460 981
2461 276
2462 777
2463 1833
2464 2678
2465 1881
2466 1551
2467 318
2468 2051
2469 1165
2470 2264
2471 1721
2472 1318
2473 120
2474 904
2475 405
2476 1130
2477 68
2478 2232
2479 1932
2480 1938
2481 294
2482 2419
2483 2400
2484 2129
2485 1207
2486 1358
2487 706
2488 1323
2489 1641
2490 485
2491 268
2492 1046
2493 1264
2494 2328
2495 198
2496 985
2497 1636
2498 199
2499 644
2500 1332
2501 5
2502 286
2503 1004
2504 255
2505 76
2506 1846
2507 481
2508 1011
2509 571
2510 2456
2511 138
2512 550
2513 186
2514 937
2515 445
2516 2150
2517 1775
2518 2392
2519 1407
2520 2587
2521 684
2522 1844
2523 1612
2524 2149
2525 1997
2526 101
2527 2059
2528 652
2529 1628
2530 574
2531 600
2532 2179
2533 628
2534 76
2535 2616
2536 2026
2537 719
2538 2701
2539 1902
2540 2453
2541 2008
2542 1029
2543 2069
2544 298
2545 1601
2546 629
2547 1994
2548 1676
2549 1691
2550 639
2551 490
2552 464
2553 2203
2554 657
2555 2492
2556 2338
2557 403
2558 1296
2559 1694
2560 2015
2561 685
2562 1344
2563 2305
2564 1339
2565 71
2566 1300
2567 1712
2568 2369
2569 512
2570 1085
2571 431
2572 718
2573 670
2574 2099
2575 2279
2576 912
2577 278
2578 2280
2579 1001
2580 902
2581 1939
2582 2517
2583 2200
2584 31
2585 373
2586 1141
2587 106
2588 271
2589 1181
2590 2442
2591 496
2592 1490
2593 844
2594 2135
2595 1173
2596 166
2597 1920
2598 495
2599 652
2600 1242
2601 1201
2602 1123
2603 1295
2604 2305
2605 2079
2606 2187
2607 158
2608 1053
2609 1418
2610 1933
2611 837
2612 1212
2613 558
2614 2633
2615 2089
2616 740
2617 2070
2618 1630
2619 2653
2620 1923
2621 1741
2622 1791
2623 1131
2624 663
2625 2724
2626 642
2627 555
2628 509
2629 2422
2630 1569
2631 955
2632 2660
2633 806
2634 769
2635 88
2636 2390
2637 82
2638 2370
2639 668
2640 1036
2641 315
2642 475
2643 371
2644 402
2645 1240
2646 684
2647 477
2648 1178
2649 1316
2650 999
2651 1007
2652 872
2653 2217
2654 459
2655 2564
2656 895
2657 1608
2658 2545
2659 373
2660 2428
2661 1592
2662 1225
2663 310
2664 1295
2665 420
2666 483
2667 803
2668 391
2669 894
2670 413
2671 1928
2672 1583
2673 1867
2674 1720
2675 1186
2676 1412
2677 2071
2678 1387
2679 2567
2680 1099
2681 1675
2682 2340
2683 2297
2684 2209
2685 2689
2686 2619
2687 455
2688 1959
2689 2185
2690 1494
2691 371
2692 386
2693 2504
2694 1100
2695 1723
2696 1833
2697 2406
2698 709
2699 2042
2700 2187
2701 10
2702 1671
2703 2696
2704 2194
2705 2458
2706 2147
2707 88
2708 216
2709 193
2710 2473
2711 2202
2712 1991
2713 417
2714 1006
2715 2125
2716 1926
2717 13
2718 2228
2719 2498
2720 1636
2721 2245
2722 1609
2723 1461
2724 1333
2725 827
2726 1943
