0 2503
1 2162
2 2258
3 25
4 1821
5 2296
6 1946
7 254
8 687
9 290
10 1640
11 2679
12 265
13 53
14 847
15 828
16 1778
17 2341
18 1230
19 286
20 2618
21 119
22 1801
23 2626
24 2584
25 303
26 1070
27 2567
28 2256
29 1475
30 1410
31 2642
32 1660
33 2613
34 1511
35 240
36 2627
37 2162
38 25
39 2434
40 976
41 1698
42 2030
43 1443
44 315
45 1752
46 143
47 2533
48 1654
49 1853
50 70
51 131
52 71
53 1716
54 2077
55 388
56 1161
57 691
58 483
59 1841
60 37
61 2162
62 693
63 1602
64 791
65 774
66 2601
67 636
68 1303
69 1347
70 1947
71 1002
72 781
73 1401
74 1945
75 1558
76 2293
77 1233
78 1040
79 1941
80 1327
81 2217
82 1699
83 2272
84 1903
85 355
86 858
87 1742
88 424
89 2324
90 1844
91 431
92 2005
93 1713
94 1558
95 844
96 2675
97 1090
98 1807
99 2443
100 2493
101 900
102 2211
103 1962
104 1482
105 1565
106 299
107 359
108 682
109 2656
110 890
111 2680
112 2239
113 1811
114 2076
115 1916
116 1914
117 1489
118 995
119 2120
120 63
121 149
122 1207
123 2147
124 1266
125 1312
126 1736
127 1297
128 1650
129 2038
130 770
131 1169
132 2243
133 2000
134 2573
135 2639
136 710
137 1807
138 1996
139 2695
140 415
141 1903
142 1972
143 162
144 79
145 133
146 2020
147 920
148 1763
149 2228
150 2142
151 584
152 1049
153 1453
154 1196
155 1682
156 1085
157 319
158 2660
159 2678
160 685
161 343
162 561
163 2273
164 1089
165 2064
166 1253
167 1004
168 2594
169 1052
170 2365
171 1011
172 2517
173 42
174 2707
175 1279
176 170
177 131
178 1596
179 768
180 1650
181 1135
182 2313
183 1370
184 1826
185 375
186 1113
187 2607
188 920
189 1149
190 1576
191 1642
192 684
193 100
194 2179
195 1352
196 2013
197 1375
198 2256
199 1453
200 659
201 2155
202 348
203 2546
204 2224
205 885
206 593
207 1532
208 385
209 2488
210 616
211 159
212 1346
213 2679
214 1537
215 976
216 284
217 858
218 2090
219 1247
220 1226
221 2724
222 1938
223 1719
224 1092
225 472
226 1304
227 1823
228 374
229 1026
230 1512
231 1277
232 2617
233 2118
234 111
235 2221
236 1288
237 171
238 2490
239 2560
240 993
241 1290
242 820
243 96
244 1898
245 1597
246 1733
247 1966
248 2198
249 1518
250 2410
251 1519
252 2563
253 910
254 519
255 1848
256 2250
257 1235
258 369
259 1538
260 400
261 1485
262 1763
263 796
264 2063
265 1876
266 892
267 2667
268 2159
269 1625
270 2514
271 2562
272 1063
273 1415
274 2377
275 1934
276 216
277 1337
278 2199
279 489
280 916
281 2330
282 440
283 2204
284 932
285 1581
286 2147
287 1863
288 819
289 2382
290 2177
291 2347
292 1755
293 1400
294 482
295 749
296 2107
297 2183
298 435
299 1856
300 83
301 563
302 1167
303 1227
304 2690
305 2241
306 2542
307 2124
308 591
309 2163
310 1970
311 2524
312 1960
313 615
314 2472
315 1615
316 712
317 115
318 1292
319 450
320 1460
321 2578
322 359
323 1794
324 112
325 1719
326 790
327 2295
328 2400
329 2659
330 2401
331 1407
332 1315
333 2147
334 2451
335 1506
336 262
337 2572
338 2652
339 806
340 623
341 2596
342 930
343 2004
344 430
345 842
346 644
347 1235
348 988
349 871
350 1602
351 1099
352 2477
353 1702
354 924
355 1418
356 261
357 2091
358 372
359 2095
360 2312
361 1612
362 2298
363 1870
364 184
365 2413
366 806
367 1542
368 153
369 704
370 1271
371 486
372 2109
373 2459
374 1305
375 1637
376 2703
377 950
378 1670
379 2637
380 23
381 245
382 1375
383 623
384 1392
385 827
386 1226
387 83
388 1440
389 2389
390 1546
391 154
392 2557
393 1129
394 2172
395 1489
396 372
397 1985
398 451
399 152
400 2663
401 158
402 1955
403 2440
404 9
405 508
406 400
407 498
408 1038
409 1778
410 706
411 2460
412 1539
413 1165
414 2247
415 1590
416 2270
417 1185
418 1094
419 2314
420 821
421 966
422 2483
423 1468
424 418
425 1905
426 1707
427 2125
428 1421
429 208
430 2298
431 1941
432 2629
433 339
434 2136
435 2670
436 1577
437 1275
438 2584
439 773
440 381
441 664
442 505
443 492
444 2724
445 47
446 1288
447 964
448 438
449 579
450 306
451 2502
452 2070
453 900
454 199
455 686
456 876
457 1842
458 1799
459 2131
460 1259
461 2691
462 1355
463 332
464 2659
465 1367
466 1552
467 1041
468 1721
469 525
470 1403
471 140
472 1788
473 2233
474 1307
475 652
476 1220
477 884
478 976
479 1447
480 13
481 668
482 447
483 986
484 1446
485 2152
486 577
487 274
488 995
489 477
490 1086
491 1642
492 2595
493 1086
494 2566
495 1863
496 1756
497 2712
498 351
499 246
500 335
501 1524
502 2428
503 3
504 824
505 1530
506 1974
507 1140
508 1676
509 566
510 2435
511 2136
512 1444
513 888
514 1945
515 2084
516 653
517 2391
518 1267
519 821
520 778
521 1468
522 1378
523 538
524 2352
525 2446
526 400
527 447
528 487
529 2260
530 2571
531 1013
532 431
533 1424
534 2275
535 1911
536 1393
537 349
538 1964
539 1075
540 2456
541 159
542 2520
543 920
544 865
545 358
546 1118
547 442
548 218
549 2171
550 1844
551 2039
552 1903
553 2086
554 427
555 1697
556 2528
557 910
558 67
559 409
560 468
561 1394
562 1051
563 769
564 760
565 983
566 2463
567 547
568 1786
569 2279
570 1660
571 1292
572 20
573 1580
574 111
575 321
576 1247
577 2457
578 766
579 2024
580 1007
581 2445
582 2535
583 328
584 668
585 403
586 2596
587 2517
588 1795
589 1329
590 833
591 1482
592 674
593 1927
594 191
595 1768
596 2549
597 75
598 1669
599 23
600 1772
601 1169
602 1086
603 156
604 772
605 922
606 125
607 69
608 2580
609 2577
610 198
611 1273
612 1773
613 2254
614 1995
615 1384
616 2501
617 629
618 2432
619 2281
620 2061
621 1817
622 2230
623 391
624 2600
625 648
626 1709
627 1064
628 2682
629 1746
630 719
631 1484
632 46
633 1197
634 2658
635 2113
636 2257
637 409
638 2360
639 314
640 415
641 502
642 2645
643 1150
644 475
645 2394
646 2511
647 1154
648 1945
649 1584
650 278
651 2480
652 99
653 313
654 2489
655 1628
656 933
657 1333
658 851
659 320
660 936
661 2693
662 1398
663 205
664 709
665 2511
666 93
667 1802
668 1563
669 790
670 1387
671 647
672 1795
673 1644
674 600
675 2406
676 2302
677 1135
678 1053
679 187
680 2211
681 1552
682 2286
683 1488
684 1674
685 1533
686 1238
687 2407
688 446
689 1547
690 272
691 971
692 637
693 298
694 509
695 2532
696 479
697 2648
698 1035
699 1999
700 1053
701 2273
702 2719
703 875
704 1751
705 1920
706 2607
707 1030
708 1906
709 1433
710 771
711 314
712 1127
713 2463
714 2208
715 1703
716 1225
717 2133
718 14
719 2280
720 2502
721 1452
722 344
723 1137
724 2235
725 1116
726 855
727 2503
728 311
729 2382
730 2082
731 341
732 2107
733 54
734 956
735 800
736 2422
737 637
738 1919
739 1069
740 2077
741 310
742 1902
743 1950
744 477
745 1152
746 774
747 1120
748 1489
749 1584
750 2533
751 2036
752 1424
753 2718
754 1448
755 692
756 810
757 2338
758 136
759 17
760 381
761 2185
762 650
763 144
764 48
765 341
766 885
767 476
768 746
769 2578
770 2714
771 426
772 1008
773 15
774 2302
775 1446
776 185
777 389
778 2089
779 2609
780 2345
781 1472
782 1087
783 1123
784 2372
785 2524
786 1277
787 1595
788 1153
789 2135
790 422
791 2674
792 2699
793 2166
794 69
795 382
796 1113
797 2461
798 1710
799 114
800 158
801 1669
802 245
803 2199
804 2022
805 821
806 1437
807 2416
808 1660
809 969
810 1228
811 2577
812 1587
813 864
814 1330
815 1201
816 1282
817 1842
818 872
819 924
820 856
821 266
822 2160
823 286
824 2507
825 1384
826 2264
827 1485
828 963
829 256
830 2358
831 1434
832 300
833 1909
834 1129
835 1269
836 72
837 2336
838 566
839 56
840 2216
841 1952
842 2121
843 1999
844 236
845 1382
846 437
847 1039
848 455
849 2499
850 914
851 412
852 834
853 198
854 1291
855 1955
856 2461
857 2202
858 1055
859 3
860 368
861 427
862 1803
863 129
864 1556
865 723
866 1469
867 455
868 2164
869 1060
870 879
871 1831
872 2134
873 2280
874 192
875 994
876 38
877 1227
878 257
879 429
880 2182
881 2288
882 2207
883 2644
884 1605
885 943
886 1476
887 2275
888 1309
889 2652
890 2405
891 2574
892 653
893 1889
894 437
895 827
896 1303
897 2374
898 917
899 922
900 263
901 997
902 1048
903 1885
904 1862
905 2559
906 409
907 1780
908 1487
909 2178
910 1147
911 2668
912 259
913 1017
914 566
915 1920
916 1493
917 1690
918 1293
919 2659
920 1177
921 1331
922 769
923 2403
924 40
925 254
926 1
927 2229
928 1951
929 222
930 900
931 1509
932 1234
933 2242
934 2359
935 327
936 2649
937 348
938 375
939 1434
940 2099
941 1036
942 2113
943 209
944 198
945 2230
946 1522
947 404
948 2054
949 1259
950 2290
951 2221
952 2339
953 242
954 1536
955 375
956 114
957 1251
958 1304
959 2082
960 739
961 1960
962 1626
963 2275
964 1332
965 1500
966 1161
967 2278
968 1922
969 529
970 2066
971 2369
972 2056
973 648
974 857
975 1597
976 1502
977 1396
978 1681
979 718
980 1258
981 2544
982 1809
983 1983
984 2148
985 2534
986 9
987 989
988 84
989 2539
990 1499
991 859
992 1839
993 180
994 468
995 1863
996 105
997 532
998 1004
999 1130
1000 2521
1001 1718
1002 798
1003 2663
1004 2015
1005 368
1006 501
1007 455
1008 1590
1009 1032
1010 2422
1011 2492
1012 1169
1013 1878
1014 796
1015 389
1016 1354
1017 1138
1018 2489
1019 2035
1020 1772
1021 1997
1022 175
1023 1156
1024 1618
1025 2720
1026 273
1027 2184
1028 1726
1029 395
1030 2250
1031 736
1032 2120
1033 1343
1034 408
1035 1606
1036 1170
1037 518
1038 1949
1039 184
1040 326
1041 878
1042 1964
1043 2689
1044 2610
1045 2450
1046 2270
1047 1395
1048 1537
1049 2389
1050 324
1051 1595
1052 462
1053 2114
1054 460
1055 1648
1056 444
1057 783
1058 1196
1059 2487
1060 2065
1061 431
1062 2156
1063 808
1064 1954
1065 2598
1066 1867
1067 29
1068 872
1069 797
1070 1304
1071 308
1072 2520
1073 1937
1074 2402
1075 1445
1076 2720
1077 2045
1078 393
1079 2117
1080 1264
1081 2145
1082 2641
1083 2007
1084 2428
1085 960
1086 378
1087 689
1088 1485
1089 1618
1090 364
1091 508
1092 2333
1093 233
1094 2215
1095 1136
1096 1693
1097 1612
1098 2542
1099 805
1100 600
1101 355
1102 753
1103 2284
1104 2324
1105 330
1106 429
1107 535
1108 1176
1109 1047
1110 2348
1111 1944
1112 2076
1113 308
1114 125
1115 1184
1116 1273
1117 2297
1118 1443
1119 1199
1120 235
1121 1065
1122 1655
1123 2174
1124 2406
1125 1907
1126 942
1127 269
1128 1884
1129 2401
1130 2539
1131 553
1132 1041
1133 2271
1134 1882
1135 1540
1136 2354
1137 1784
1138 2402
1139 1882
1140 107
1141 1056
1142 517
1143 1696
1144 2094
1145 2564
1146 2718
1147 2051
1148 1520
1149 1129
1150 2492
1151 1858
1152 1847
1153 1589
1154 2452
1155 2032
1156 1281
1157 847
1158 1414
1159 653
1160 2718
1161 1874
1162 901
1163 716
1164 2716
1165 209
1166 562
1167 400
1168 2160
1169 1220
1170 1066
1171 1035
1172 217
1173 2439
1174 540
1175 726
1176 2025
1177 1607
1178 2484
1179 2542
1180 467
1181 1594
1182 1634
1183 2598
1184 341
1185 2319
1186 2160
1187 207
1188 1350
1189 1175
1190 1830
1191 1181
1192 1073
1193 2517
1194 875
1195 187
1196 1114
1197 951
1198 1869
1199 40
1200 1162
1201 1678
1202 462
1203 1021
1204 786
1205 416
1206 800
1207 814
1208 1375
1209 302
1210 1930
1211 1473
1212 2147
1213 815
1214 873
1215 1997
1216 582
1217 422
1218 922
1219 1259
1220 1587
1221 2441
1222 983
1223 2658
1224 1555
1225 2575
1226 921
1227 2149
1228 166
1229 1058
1230 713
1231 2600
1232 960
1233 1652
1234 29
1235 1133
1236 1357
1237 844
1238 1604
1239 1057
1240 397
1241 1533
1242 1971
1243 1989
1244 2387
1245 949
1246 1218
1247 2349
1248 2558
1249 696
1250 272
1251 574
1252 1572
1253 1876
1254 692
1255 35
1256 1316
1257 257
1258 2491
1259 504
1260 1645
1261 1747
1262 2181
1263 1222
1264 2488
1265 2398
1266 161
1267 680
1268 284
1269 695
1270 657
1271 1054
1272 351
1273 1000
1274 2611
1275 371
1276 1431
1277 301
1278 2520
1279 1080
1280 53
1281 762
1282 2688
1283 897
1284 2547
1285 1141
1286 304
1287 2448
1288 297
1289 2460
1290 771
1291 2257
1292 249
1293 787
1294 1483
1295 618
1296 1227
1297 2371
1298 425
1299 2544
1300 1498
1301 570
1302 341
1303 233
1304 2117
1305 1327
1306 2246
1307 2229
1308 90
1309 1494
1310 1817
1311 55
1312 253
1313 547
1314 2662
1315 1346
1316 1848
1317 1956
1318 1266
1319 219
1320 506
1321 2281
1322 119
1323 1552
1324 2365
1325 477
1326 712
1327 1550
1328 1781
1329 1797
1330 1681
1331 2547
1332 976
1333 2018
1334 2580
1335 627
1336 2230
1337 2701
1338 2519
1339 47
1340 2342
1341 962
1342 1848
1343 1263
1344 1468
1345 1642
1346 933
1347 2214
1348 28
1349 2482
1350 2621
1351 930
1352 1117
1353 625
1354 593
1355 1570
1356 1677
1357 2612
1358 684
1359 1636
1360 903
1361 732
1362 460
1363 2260
1364 815
1365 1464
1366 2272
1367 1323
1368 2510
1369 634
1370 1870
1371 1639
1372 1628
1373 1488
1374 462
1375 66
1376 1440
1377 735
1378 2129
1379 190
1380 833
1381 700
1382 835
1383 2477
1384 1622
1385 1538
1386 805
1387 505
1388 1899
1389 1323
1390 337
1391 1656
1392 30
1393 674
1394 1335
1395 982
1396 644
1397 511
1398 1718
1399 2629
1400 1412
1401 1126
1402 2130
1403 1778
1404 2266
1405 216
1406 2164
1407 766
1408 2432
1409 2492
1410 616
1411 254
1412 32
1413 1839
1414 1890
1415 2658
1416 1869
1417 2636
1418 271
1419 1164
1420 179
1421 1936
1422 649
1423 1510
1424 659
1425 110
1426 2173
1427 2306
1428 641
1429 2411
1430 2510
1431 511
1432 2592
1433 2097
1434 765
1435 2020
1436 1495
1437 2448
1438 328
1439 40
1440 2144
1441 2388
1442 518
1443 2510
1444 2133
1445 1665
1446 461
1447 302
1448 154
1449 1969
1450 1787
1451 2592
1452 2258
1453 443
1454 1614
1455 1817
1456 580
1457 1048
1458 2294
1459 1440
1460 320
1461 494
1462 2709
1463 1517
1464 748
1465 1393
1466 1362
1467 2005
1468 2350
1469 1816
1470 885
1471 1801
1472 2718
1473 878
1474 2548
1475 1119
1476 2337
1477 1813
1478 2357
1479 196
1480 1392
1481 253
1482 920
1483 900
1484 1968
1485 139
1486 389
1487 1554
1488 785
1489 2710
1490 1638
1491 1339
1492 2195
1493 1690
1494 1709
1495 2374
1496 153
1497 502
1498 206
1499 1310
1500 1590
1501 16
1502 1817
1503 2216
1504 1967
1505 1427
1506 95
1507 2593
1508 376
1509 2251
1510 80
1511 1867
1512 2614
1513 337
1514 345
1515 874
1516 2435
1517 1598
1518 751
1519 2064
1520 2106
1521 1590
1522 1065
1523 992
1524 2167
1525 1570
1526 1810
1527 1991
1528 373
1529 1922
1530 2400
1531 941
1532 2208
1533 1545
1534 2233
1535 612
1536 392
1537 2035
1538 2282
1539 1758
1540 2107
1541 1797
1542 2321
1543 559
1544 1527
1545 2652
1546 16
1547 473
1548 2368
1549 1131
1550 1290
1551 1796
1552 498
1553 1888
1554 709
1555 1958
1556 1796
1557 78
1558 509
1559 141
1560 2053
1561 2471
1562 960
1563 452
1564 2666
1565 571
1566 429
1567 1726
1568 753
1569 2436
1570 2654
1571 1135
1572 2726
1573 59
1574 732
1575 2105
1576 52
1577 679
1578 1986
1579 1503
1580 1744
1581 2642
1582 834
1583 1775
1584 2625
1585 1960
1586 2531
1587 1821
1588 796
1589 1042
1590 257
1591 2204
1592 1832
1593 1818
1594 1209
1595 2211
1596 1958
1597 2568
1598 2201
1599 1542
1600 293
1601 1517
1602 1747
1603 2660
1604 2420
1605 1235
1606 1718
1607 2112
1608 1470
1609 135
1610 1401
1611 1652
1612 1816
1613 2175
1614 2449
1615 10
1616 2257
1617 1852
1618 1330
1619 400
1620 2526
1621 2340
1622 116
1623 1826
1624 2475
1625 2332
1626 913
1627 1738
1628 132
1629 417
1630 1512
1631 813
1632 2351
1633 1411
1634 288
1635 1239
1636 1620
1637 1785
1638 566
1639 1138
1640 2251
1641 2177
1642 1873
1643 1696
1644 1250
1645 427
1646 1488
1647 1987
1648 795
1649 1871
1650 51
1651 1234
1652 188
1653 906
1654 2150
1655 1424
1656 1721
1657 1177
1658 359
1659 2673
1660 933
1661 56
1662 1852
1663 2066
1664 2545
1665 1502
1666 1359
1667 2049
1668 196
1669 452
1670 1043
1671 138
1672 2077
1673 843
1674 1622
1675 424
1676 1005
1677 531
1678 109
1679 995
1680 280
1681 2647
1682 2449
1683 2086
1684 1729
1685 1175
1686 2721
1687 1454
1688 1624
1689 1471
1690 1204
1691 2586
1692 2131
1693 1723
1694 2175
1695 1189
1696 1085
1697 62
1698 2039
1699 378
1700 2198
1701 2627
1702 1980
1703 856
1704 1746
1705 2631
1706 1052
1707 212
1708 1716
1709 1615
1710 1621
1711 200
1712 2187
1713 1486
1714 1099
1715 2313
1716 78
1717 548
1718 1860
1719 2136
1720 889
1721 1702
1722 1320
1723 1669
1724 1041
1725 751
1726 2052
1727 2088
1728 568
1729 1781
1730 159
1731 1063
1732 1882
1733 1085
1734 1732
1735 128
1736 471
1737 204
1738 1748
1739 1110
1740 1902
1741 1831
1742 309
1743 2099
1744 1552
1745 41
1746 2627
1747 390
1748 441
1749 2534
1750 1457
1751 2491
1752 1180
1753 1174
1754 647
1755 1571
1756 2224
1757 1868
1758 2699
1759 380
1760 2194
1761 1775
1762 2467
1763 1565
1764 734
1765 1889
1766 669
1767 43
1768 1769
1769 2337
1770 125
1771 2158
1772 2702
1773 2445
1774 1335
1775 685
1776 1486
1777 495
1778 43
1779 144
1780 2174
1781 625
1782 615
1783 1702
1784 2270
1785 1744
1786 1572
1787 2357
1788 1737
1789 1244
1790 759
1791 2626
1792 273
1793 1117
1794 1458
1795 1070
1796 1161
1797 2566
1798 1695
1799 847
1800 1955
1801 1726
1802 1208
1803 756
1804 1378
1805 2366
1806 2372
1807 348
1808 2215
1809 2061
1810 705
1811 914
1812 1718
1813 2318
1814 1574
1815 2462
1816 2569
1817 1509
1818 2011
1819 171
1820 832
1821 1959
1822 2271
1823 1497
1824 2257
1825 884
1826 1885
1827 1005
1828 2109
1829 2445
1830 2613
1831 2719
1832 525
1833 522
1834 906
1835 1617
1836 2134
1837 898
1838 2612
1839 2109
1840 1444
1841 2316
1842 1345
1843 805
1844 2157
1845 1097
1846 178
1847 2208
1848 290
1849 553
1850 1066
1851 2718
1852 1235
1853 860
1854 2072
1855 2238
1856 1694
1857 615
1858 355
1859 295
1860 405
1861 1943
1862 1460
1863 897
1864 940
1865 1127
1866 1128
1867 2384
1868 317
1869 2515
1870 1123
1871 2074
1872 18
1873 2447
1874 751
1875 2360
1876 1758
1877 2008
1878 890
1879 1914
1880 2267
1881 2149
1882 378
1883 512
1884 1980
1885 514
1886 18
1887 1760
1888 2096
1889 2588
1890 837
1891 2699
1892 2416
1893 1066
1894 2724
1895 1802
1896 1383
1897 2149
1898 1136
1899 777
1900 316
1901 2545
1902 2607
1903 195
1904 2415
1905 1545
1906 719
1907 825
1908 279
1909 98
1910 316
1911 604
1912 2438
1913 2242
1914 2402
1915 2469
1916 514
1917 780
1918 1984
1919 1368
1920 2074
1921 1348
1922 305
1923 837
1924 2255
1925 1287
1926 109
1927 346
1928 2316
1929 2299
1930 423
1931 2695
1932 696
1933 2659
1934 1748
1935 1550
1936 440
1937 84
1938 171
1939 328
1940 181
1941 1433
1942 1341
1943 2177
1944 2662
1945 1000
1946 1358
1947 1255
1948 800
1949 246
1950 2643
1951 2283
1952 146
1953 1426
1954 1087
1955 1532
1956 1039
1957 2034
1958 583
1959 950
1960 1707
1961 1561
1962 88
1963 508
1964 2070
1965 930
1966 1539
1967 274
1968 1223
1969 936
1970 1653
1971 386
1972 946
1973 2078
1974 1258
1975 2439
1976 333
1977 1239
1978 1683
1979 740
1980 2693
1981 1987
1982 1893
1983 2439
1984 1038
1985 2337
1986 484
1987 1381
1988 2708
1989 1060
1990 2250
1991 766
1992 640
1993 1756
1994 966
1995 1629
1996 2596
1997 1453
1998 281
1999 2060
2000 322
2001 221
2002 1482
2003 271
2004 2497
2005 1647
2006 2327
2007 1309
2008 2014
2009 2655
2010 2570
2011 2401
2012 155
2013 233
2014 301
2015 1031
2016 1247
2017 610
2018 1199
2019 2371
2020 2092
2021 1185
2022 1488
2023 2658
2024 1399
2025 2640
2026 805
2027 791
2028 2005
2029 1034
2030 1797
2031 2689
2032 2099
2033 322
2034 327
2035 116
2036 1066
2037 2145
2038 583
2039 2269
2040 2643
2041 1314
2042 182
2043 27
2044 777
2045 1107
2046 323
2047 1328
2048 1151
2049 1733
2050 577
2051 391
2052 655
2053 1561
2054 721
2055 657
2056 1586
2057 2718
2058 555
2059 7
2060 1890
2061 2054
2062 1861
2063 385
2064 28
2065 1914
2066 2387
2067 1114
2068 1214
2069 891
2070 239
2071 1564
2072 2409
2073 719
2074 2084
2075 515
2076 2582
2077 2381
2078 892
2079 1603
2080 1147
2081 1893
2082 82
2083 1203
2084 2044
2085 576
2086 1521
2087 199
2088 1066
2089 174
2090 183
2091 2509
2092 919
2093 2031
2094 2590
2095 2444
2096 169
2097 33
2098 1869
2099 698
2100 2303
2101 1894
2102 1243
2103 230
2104 2236
2105 1867
2106 1415
2107 804
2108 1461
2109 179
2110 1753
2111 1198
2112 240
2113 1928
2114 524
2115 1649
2116 959
2117 882
2118 456
2119 2687
2120 973
2121 667
2122 407
2123 1900
2124 2536
2125 1275
2126 16
2127 1945
2128 1827
2129 2208
2130 2017
2131 30
2132 287
2133 1719
2134 207
2135 1447
2136 8
2137 822
2138 1465
2139 750
2140 781
2141 129
2142 1000
2143 1385
2144 2043
2145 382
2146 759
2147 1328
2148 2211
2149 507
2150 351
2151 1484
2152 1168
2153 1967
2154 671
2155 2172
2156 2116
2157 806
2158 2283
2159 967
2160 2029
2161 1980
2162 365
2163 824
2164 559
2165 161
2166 326
2167 2695
2168 2164
2169 986
2170 1751
2171 2182
2172 892
2173 1066
2174 1629
2175 72
2176 1787
2177 254
2178 2108
2179 268
2180 728
2181 1335
2182 831
2183 1012
2184 254
2185 1249
2186 1353
2187 1535
2188 778
2189 17
2190 2423
2191 730
2192 1402
2193 12
2194 1544
2195 1212
2196 1445
2197 2431
2198 1134
2199 2228
2200 2222
2201 438
2202 1867
2203 1460
2204 29
2205 1396
2206 1061
2207 262
2208 1893
2209 480
2210 2102
2211 1155
2212 1045
2213 1421
2214 2100
2215 945
2216 998
2217 525
2218 2399
2219 1616
2220 2212
2221 1060
2222 1823
2223 1968
2224 2227
2225 225
2226 1446
2227 622
2228 1610
2229 1323
2230 2702
2231 1932
2232 2059
2233 20
2234 2571
2235 1753
2236 359
2237 2627
2238 877
2239 1160
2240 988
2241 1357
2242 1511
2243 404
2244 1119
2245 2371
2246 1758
2247 1985
2248 1391
2249 427
2250 2143
2251 881
2252 69
2253 429
2254 140
2255 2392
2256 1722
2257 482
2258 189
2259 1844
2260 2178
2261 171
2262 1595
2263 457
2264 1903
2265 1156
2266 685
2267 2297
2268 2559
2269 821
2270 1829
2271 1699
2272 2303
2273 1071
2274 2668
2275 1482
2276 977
2277 1373
2278 715
2279 1580
2280 414
2281 2014
2282 1701
2283 1780
2284 942
2285 2269
2286 1743
2287 2634
2288 825
2289 1764
2290 2020
2291 1563
2292 1457
2293 181
2294 766
2295 588
2296 840
2297 2268
2298 678
2299 556
2300 1606
2301 1088
2302 1872
2303 603
2304 2394
2305 2470
2306 2448
2307 2154
2308 55
2309 2293
2310 393
2311 2162
2312 91
2313 2098
2314 747
2315 1661
2316 2309
2317 1360
2318 72
2319 1203
2320 1989
2321 88
2322 336
2323 2189
2324 480
2325 121
2326 1301
2327 1030
2328 344
2329 475
2330 2243
2331 1396
2332 2066
2333 309
2334 702
2335 1394
2336 1190
2337 2682
2338 2198
2339 1736
2340 2437
2341 1817
2342 634
2343 97
2344 1947
2345 2144
2346 1192
2347 1972
2348 1878
2349 697
2350 340
2351 1660
2352 884
2353 535
2354 536
2355 2094
2356 2591
2357 2095
2358 1516
2359 181
2360 2390
2361 1181
2362 1363
2363 2587
2364 2318
2365 411
2366 2661
2367 258
2368 658
2369 49
2370 1984
2371 435
2372 801
2373 451
2374 470
2375 1031
2376 918
2377 2624
2378 2354
2379 706
2380 195
2381 704
2382 207
2383 43
2384 1109
2385 2357
2386 689
2387 1752
2388 607
2389 1758
2390 2017
2391 1514
2392 443
2393 693
2394 294
2395 2712
2396 2280
2397 191
2398 1166
2399 2189
2400 2515
2401 176
2402 1079
2403 2426
2404 1441
2405 402
2406 1697
2407 290
2408 2137
2409 1766
2410 1244
2411 1077
2412 1311
2413 2583
2414 81
2415 2034
2416 2418
2417 2676
2418 1358
2419 1204
2420 2115
2421 1350
2422 629
2423 1015
2424 2691
2425 389
2426 238
2427 1458
2428 2011
2429 2468
2430 1407
2431 2188
2432 2069
2433 1613
2434 2308
2435 2202
2436 484
2437 1760
2438 1184
2439 845
2440 1599
2441 1717
2442 1975
2443 1150
2444 71
2445 2095
2446 2491
2447 2623
2448 1483
2449 2228
2450 1494
2451 2060
2452 2398
2453 1252
2454 312
2455 146
2456 378
2457 1325
2458 2585
2459 0
2460 1471
2461 1294
2462 2102
2463 1627
2464 979
2465 211
2466 609
2467 943
2468 1035
2469 466
2470 420
2471 2491
2472 1347
2473 1092
2474 1434
2475 1623
2476 1636
2477 607
2478 1430
2479 1288
2480 1829
2481 1156
2482 1710
2483 411
2484 949
2485 55
2486 460
2487 1313
2488 1282
2489 312
2490 162
2491 1416
2492 1468
2493 1486
2494 2301
2495 695
2496 2439
2497 1637
2498 1000
2499 2147
2500 1168
2501 1604
2502 668
2503 880
2504 1852
2505 1481
2506 346
2507 1223
2508 2485
2509 1504
2510 2069
2511 1704
2512 794
2513 87
2514 2129
2515 110
2516 2446
2517 549
2518 2674
2519 1672
2520 2530
2521 2717
2522 2131
2523 2671
2524 2715
2525 1849
2526 907
2527 498
2528 636
2529 1223
2530 45
2531 1498
2532 422
2533 73
2534 192
2535 936
2536 1634
2537 1693
2538 1077
2539 1867
2540 2491
2541 1398
2542 169
2543 1909
2544 1941
2545 1698
2546 2476
2547 1528
2548 2215
2549 902
2550 1851
2551 101
2552 1861
2553 2465
2554 829
2555 2714
2556 1005
2557 948
2558 1186
2559 1994
2560 554
2561 1025
2562 1723
2563 2066
2564 253
2565 2571
2566 2559
2567 255
2568 472
2569 1523
2570 116
2571 961
2572 1388
2573 1844
2574 2202
2575 363
2576 489
2577 2714
2578 16
2579 1331
2580 1698
2581 377
2582 446
2583 2518
2584 1016
2585 88
2586 1526
2587 49
2588 2447
2589 1265
2590 1209
2591 2623
2592 0
2593 1218
2594 1390
2595 1575
2596 1078
2597 1218
2598 2245
2599 170
2600 415
2601 1919
2602 643
2603 240
2604 1233
2605 560
2606 197
2607 209
2608 424
2609 2726
2610 1552
2611 708
2612 1034
2613 2592
2614 692
2615 45
2616 2083
2617 1821
2618 32
2619 1762
2620 430
2621 1371
2622 704
2623 311
2624 1515
2625 2362
2626 1216
2627 1967
2628 2538
2629 1380
2630 283
2631 542
2632 1604
2633 457
2634 1382
2635 1904
2636 1544
2637 1052
2638 653
2639 537
2640 900
2641 2475
2642 1260
2643 1180
2644 2338
2645 2357
2646 988
2647 1226
2648 1155
2649 182
2650 1516
2651 2719
2652 1717
2653 1543
2654 1126
2655 917
2656 16
2657 2504
2658 1514
2659 1284
2660 2502
2661 2035
2662 121
2663 1586
2664 1205
2665 193
2666 897
2667 767
2668 1592
2669 2396
2670 1246
2671 2528
2672 1548
2673 1742
2674 2017
2675 1000
2676 738
2677 149
2678 727
2679 2336
2680 2124
2681 516
2682 1118
2683 2465
2684 1276
2685 821
2686 2676
2687 808
2688 2253
2689 2497
2690 30
2691 2037
2692 1620
2693 2630
2694 1247
2695 1688
2696 1765
2697 202
2698 1458
2699 308
2700 1557
2701 758
2702 2700
2703 1066
2704 2583
2705 788
2706 776
2707 1
2708 1142
2709 2701
2710 2417
2711 1806
2712 2629
2713 958
2714 1712
2715 732
2716 1710
2717 1301
2718 1899
2719 1364
2720 2377
2721 1308
2722 1946
2723 2322
2724 627
2725 1165
2726 443
0 1556
1 920
2 2264
3 537
4 1821
5 915
6 1449
7 778
8 2143
9 282
10 874
11 2535
12 265
13 954
14 847
15 828
16 1602
17 1988
18 1230
19 55
20 2618
21 1311
22 1159
23 1866
24 2584
25 2129
26 1087
27 2567
28 1878
29 1475
30 1410
31 2642
32 687
33 2613
34 1511
35 240
36 471
37 3
38 2069
39 2434
40 2242
41 2349
42 72
43 2356
44 79
45 1093
46 928
47 1706
48 816
49 1505
50 2275
51 100
52 2688
53 1704
54 1775
55 388
56 965
57 691
58 483
59 672
60 16
61 1650
62 693
63 975
64 791
65 197
66 2601
67 636
68 1715
69 839
70 1947
71 641
72 1562
73 1547
74 1945
75 295
76 1717
77 1583
78 71
79 1941
80 942
81 1031
82 1699
83 280
84 532
85 355
86 1762
87 270
88 424
89 2324
90 290
91 431
92 1282
93 1713
94 1558
95 2625
96 399
97 1090
98 832
99 2182
100 2493
101 1145
102 2211
103 1962
104 1367
105 58
106 1009
107 359
108 682
109 2197
110 890
111 837
112 2239
113 1811
114 587
115 1916
116 1914
117 1936
118 2193
119 2120
120 63
121 149
122 1945
123 148
124 1266
125 1312
126 2021
127 1220
128 672
129 1827
130 770
131 1133
132 1911
133 381
134 2573
135 268
136 1665
137 2617
138 315
139 2695
140 2452
141 1903
142 1972
143 162
144 1769
145 1243
146 2378
147 920
148 419
149 1965
150 806
151 813
152 1490
153 1453
154 1972
155 1274
156 968
157 319
158 2660
159 1432
160 2317
161 588
162 561
163 2282
164 1255
165 2064
166 1839
167 1004
168 1377
169 622
170 2365
171 898
172 1496
173 42
174 2660
175 1784
176 170
177 131
178 1517
179 1316
180 251
181 695
182 1427
183 1960
184 968
185 375
186 2334
187 2607
188 920
189 721
190 1576
191 432
192 684
193 2600
194 2179
195 10
196 2314
197 2003
198 2256
199 615
200 659
201 1597
202 348
203 543
204 354
205 816
206 295
207 1791
208 385
209 2657
210 616
211 1350
212 2488
213 2679
214 2044
215 1515
216 1477
217 2279
218 1210
219 2088
220 2568
221 2632
222 2377
223 2016
224 206
225 450
226 1304
227 1823
228 2036
229 1026
230 2537
231 1123
232 2617
233 722
234 111
235 2221
236 2696
237 663
238 1128
239 933
240 993
241 1718
242 1479
243 96
244 1445
245 1597
246 1733
247 2483
248 1478
249 2461
250 2410
251 1519
252 1676
253 910
254 2406
255 1848
256 2250
257 1573
258 443
259 301
260 1021
261 1485
262 1763
263 796
264 2063
265 1876
266 892
267 2522
268 2159
269 2344
270 1894
271 2562
272 1063
273 227
274 2253
275 1934
276 216
277 2688
278 1246
279 489
280 520
281 2330
282 2606
283 1395
284 932
285 1581
286 2329
287 1277
288 819
289 983
290 2205
291 2347
292 1447
293 1400
294 2690
295 749
296 2586
297 2183
298 593
299 1856
300 642
301 756
302 1167
303 2706
304 1926
305 2396
306 1474
307 2124
308 1028
309 1358
310 1685
311 1927
312 1960
313 1975
314 1546
315 2369
316 712
317 115
318 1339
319 618
320 95
321 2168
322 1773
323 1794
324 112
325 1747
326 1799
327 515
328 342
329 2659
330 893
331 319
332 2579
333 2147
334 2451
335 1733
336 1741
337 2572
338 870
339 806
340 2649
341 2429
342 1671
343 2004
344 1873
345 2458
346 644
347 1926
348 1703
349 2475
350 1602
351 546
352 261
353 356
354 2520
355 2105
356 39
357 2091
358 191
359 886
360 1574
361 2689
362 2298
363 322
364 184
365 673
366 806
367 2022
368 2215
369 704
370 1271
371 709
372 182
373 2459
374 1305
375 467
376 1115
377 1339
378 1670
379 2637
380 151
381 245
382 1343
383 623
384 1392
385 827
386 630
387 83
388 2144
389 1304
390 1546
391 525
392 116
393 1129
394 2172
395 107
396 1326
397 1895
398 451
399 152
400 2663
401 158
402 1014
403 588
404 125
405 198
406 2447
407 1749
408 1823
409 1778
410 569
411 698
412 1322
413 1165
414 559
415 24
416 2270
417 1185
418 1094
419 2314
420 1771
421 31
422 2483
423 2050
424 74
425 1960
426 1707
427 2125
428 1814
429 208
430 2298
431 665
432 747
433 339
434 2136
435 1799
436 1550
437 1275
438 1443
439 773
440 154
441 2319
442 505
443 492
444 2286
445 2719
446 2007
447 1987
448 275
449 579
450 459
451 2502
452 2070
453 900
454 199
455 369
456 755
457 1842
458 1799
459 1619
460 1259
461 1457
462 854
463 2135
464 2659
465 1367
466 1552
467 1636
468 2613
469 2465
470 1682
471 1286
472 1788
473 220
474 1821
475 652
476 554
477 884
478 1137
479 2264
480 1428
481 710
482 447
483 1055
484 1063
485 2146
486 76
487 2187
488 995
489 477
490 1086
491 944
492 2595
493 1427
494 1366
495 346
496 1037
497 1703
498 979
499 246
500 611
501 1524
502 2571
503 3
504 824
505 2012
506 1691
507 1140
508 1676
509 566
510 2420
511 2136
512 1444
513 2286
514 897
515 1025
516 2063
517 2391
518 2087
519 821
520 1424
521 379
522 1235
523 2138
524 2352
525 2446
526 882
527 1124
528 487
529 2288
530 391
531 1013
532 431
533 1424
534 2275
535 1911
536 1393
537 349
538 1964
539 1088
540 2658
541 159
542 1188
543 2510
544 728
545 2607
546 1118
547 1585
548 375
549 2171
550 532
551 166
552 2027
553 189
554 2340
555 1394
556 1210
557 910
558 67
559 938
560 846
561 1236
562 1804
563 2049
564 760
565 348
566 2463
567 547
568 2032
569 2279
570 391
571 1292
572 20
573 1798
574 2288
575 321
576 1247
577 2457
578 766
579 1003
580 2352
581 1844
582 2535
583 328
584 668
585 757
586 2705
587 711
588 475
589 1329
590 1238
591 1482
592 151
593 1927
594 191
595 1280
596 2549
597 75
598 467
599 1397
600 762
601 2257
602 1086
603 156
604 2135
605 922
606 125
607 1653
608 2626
609 2638
610 190
611 38
612 1773
613 2254
614 350
615 1384
616 379
617 2593
618 1460
619 2281
620 2061
621 1172
622 855
623 391
624 2600
625 1218
626 973
627 1064
628 2682
629 1746
630 2047
631 1930
632 46
633 1814
634 72
635 2113
636 2257
637 409
638 1454
639 1901
640 1025
641 531
642 2645
643 1150
644 475
645 482
646 2293
647 2223
648 1717
649 1584
650 1444
651 2480
652 99
653 258
654 2489
655 2283
656 1091
657 1333
658 1752
659 447
660 1909
661 2693
662 1398
663 205
664 2697
665 2511
666 93
667 2545
668 2384
669 1664
670 1065
671 647
672 1913
673 1644
674 909
675 308
676 504
677 1135
678 1053
679 1647
680 1819
681 1552
682 2286
683 1488
684 115
685 869
686 2243
687 2407
688 455
689 1547
690 2380
691 971
692 637
693 200
694 509
695 2532
696 776
697 2648
698 176
699 2241
700 18
701 2252
702 1390
703 687
704 856
705 1920
706 1689
707 1030
708 2488
709 1433
710 771
711 35
712 954
713 2463
714 2208
715 417
716 1225
717 2133
718 1828
719 2280
720 2502
721 1452
722 283
723 2051
724 2647
725 990
726 2173
727 2503
728 2189
729 1309
730 2180
731 341
732 2107
733 1750
734 689
735 85
736 2422
737 637
738 2219
739 1069
740 923
741 310
742 510
743 1016
744 2344
745 1592
746 294
747 1874
748 1489
749 2608
750 2
751 2036
752 2136
753 2534
754 1448
755 692
756 959
757 806
758 136
759 2456
760 2242
761 566
762 1275
763 144
764 51
765 341
766 885
767 476
768 746
769 2578
770 1422
771 667
772 1008
773 56
774 2232
775 1446
776 185
777 1620
778 1301
779 2609
780 1707
781 1595
782 1087
783 1216
784 2372
785 2524
786 837
787 1595
788 1153
789 232
790 818
791 1121
792 832
793 2166
794 69
795 1183
796 1113
797 2461
798 402
799 372
800 1222
801 1669
802 1321
803 1385
804 2022
805 1593
806 926
807 856
808 1660
809 969
810 1228
811 2577
812 1587
813 864
814 1911
815 1007
816 1309
817 1016
818 872
819 2306
820 856
821 266
822 664
823 2332
824 1204
825 1384
826 1106
827 268
828 1338
829 2660
830 2451
831 1434
832 332
833 1909
834 847
835 2349
836 2605
837 1798
838 566
839 2395
840 1055
841 1952
842 1373
843 1928
844 2250
845 96
846 437
847 1039
848 455
849 478
850 914
851 1699
852 834
853 2256
854 1291
855 2538
856 252
857 2202
858 2005
859 3
860 368
861 427
862 1803
863 1735
864 2167
865 2264
866 770
867 290
868 2164
869 1060
870 1553
871 1831
872 472
873 2280
874 192
875 994
876 535
877 1227
878 1289
879 1103
880 981
881 1877
882 630
883 1125
884 2260
885 943
886 1476
887 1226
888 1309
889 1784
890 2405
891 2302
892 2126
893 1336
894 1809
895 227
896 1359
897 1846
898 917
899 1147
900 2003
901 997
902 1187
903 1885
904 2341
905 1213
906 898
907 397
908 388
909 2178
910 1147
911 2668
912 259
913 1017
914 669
915 1964
916 2347
917 474
918 1293
919 2256
920 1177
921 1331
922 769
923 2403
924 2329
925 685
926 2027
927 2229
928 2344
929 556
930 2495
931 1886
932 2473
933 2078
934 397
935 1755
936 199
937 2366
938 1133
939 884
940 2099
941 1036
942 579
943 2568
944 198
945 1536
946 2417
947 492
948 2054
949 240
950 1974
951 2221
952 455
953 2661
954 1536
955 2526
956 114
957 1251
958 728
959 2082
960 1728
961 1960
962 2035
963 2275
964 2682
965 2652
966 1565
967 2278
968 60
969 2422
970 520
971 2369
972 1318
973 648
974 857
975 1597
976 1502
977 2629
978 839
979 2040
980 2322
981 1938
982 1809
983 2416
984 2148
985 2690
986 1030
987 989
988 899
989 2539
990 409
991 1209
992 1839
993 180
994 2409
995 1863
996 1086
997 532
998 1461
999 1798
1000 2521
1001 1718
1002 934
1003 2663
1004 354
1005 645
1006 501
1007 455
1008 1297
1009 2231
1010 2422
1011 1301
1012 1603
1013 703
1014 796
1015 744
1016 1354
1017 1107
1018 194
1019 2035
1020 1772
1021 1437
1022 175
1023 1156
1024 1618
1025 1665
1026 1862
1027 1829
1028 923
1029 1735
1030 737
1031 1380
1032 2120
1033 1343
1034 1413
1035 691
1036 1006
1037 518
1038 1949
1039 86
1040 326
1041 868
1042 1285
1043 2689
1044 1722
1045 1725
1046 1135
1047 1395
1048 1352
1049 67
1050 1364
1051 1595
1052 2715
1053 164
1054 670
1055 1648
1056 444
1057 783
1058 20
1059 2487
1060 2065
1061 127
1062 363
1063 518
1064 2252
1065 2598
1066 1867
1067 29
1068 872
1069 2487
1070 1304
1071 308
1072 2033
1073 628
1074 1855
1075 1278
1076 2191
1077 408
1078 792
1079 2117
1080 1917
1081 2145
1082 1333
1083 2156
1084 346
1085 1526
1086 378
1087 689
1088 1485
1089 246
1090 1079
1091 2218
1092 2333
1093 233
1094 2215
1095 1136
1096 2105
1097 1612
1098 2542
1099 2557
1100 726
1101 355
1102 753
1103 2284
1104 2324
1105 1330
1106 429
1107 535
1108 1176
1109 1950
1110 1111
1111 1061
1112 2076
1113 833
1114 125
1115 1184
1116 216
1117 586
1118 1443
1119 1199
1120 235
1121 282
1122 420
1123 2310
1124 2406
1125 2047
1126 942
1127 269
1128 1242
1129 170
1130 2539
1131 2442
1132 1041
1133 1727
1134 1882
1135 109
1136 1662
1137 1784
1138 2402
1139 2586
1140 2177
1141 2158
1142 517
1143 1696
1144 2094
1145 2564
1146 954
1147 1776
1148 1130
1149 1129
1150 466
1151 1424
1152 2532
1153 1589
1154 241
1155 2032
1156 1281
1157 246
1158 2325
1159 653
1160 2718
1161 1324
1162 1448
1163 716
1164 1737
1165 32
1166 228
1167 1574
1168 81
1169 1220
1170 179
1171 997
1172 217
1173 2439
1174 804
1175 89
1176 1207
1177 1607
1178 2484
1179 1759
1180 2598
1181 1594
1182 1634
1183 976
1184 2283
1185 2665
1186 2160
1187 1371
1188 1099
1189 376
1190 2504
1191 2066
1192 1073
1193 777
1194 875
1195 187
1196 1806
1197 951
1198 1964
1199 40
1200 2695
1201 226
1202 462
1203 521
1204 786
1205 1159
1206 1778
1207 1228
1208 1375
1209 2388
1210 1930
1211 929
1212 2147
1213 815
1214 873
1215 1997
1216 63
1217 782
1218 922
1219 844
1220 1587
1221 2441
1222 983
1223 2658
1224 497
1225 2575
1226 478
1227 2465
1228 166
1229 341
1230 713
1231 2600
1232 2279
1233 321
1234 29
1235 670
1236 1357
1237 844
1238 781
1239 2415
1240 397
1241 976
1242 1623
1243 2459
1244 2387
1245 1055
1246 658
1247 2349
1248 1298
1249 696
1250 272
1251 1871
1252 1659
1253 1820
1254 1948
1255 35
1256 2550
1257 1052
1258 2239
1259 1237
1260 1645
1261 1747
1262 66
1263 1159
1264 2488
1265 2627
1266 667
1267 562
1268 284
1269 152
1270 657
1271 2141
1272 2676
1273 2590
1274 2246
1275 1246
1276 1417
1277 1540
1278 758
1279 1080
1280 465
1281 28
1282 1893
1283 706
1284 30
1285 1141
1286 264
1287 1114
1288 297
1289 1540
1290 771
1291 2257
1292 2069
1293 787
1294 1710
1295 2449
1296 2138
1297 246
1298 425
1299 2518
1300 1749
1301 2499
1302 570
1303 233
1304 2117
1305 1327
1306 2246
1307 2229
1308 90
1309 1544
1310 1817
1311 55
1312 1942
1313 2189
1314 1079
1315 1380
1316 1848
1317 1588
1318 1266
1319 219
1320 506
1321 782
1322 440
1323 1630
1324 958
1325 968
1326 712
1327 1550
1328 1781
1329 1928
1330 1491
1331 1903
1332 558
1333 2018
1334 899
1335 627
1336 2209
1337 2701
1338 2519
1339 1419
1340 61
1341 150
1342 460
1343 1263
1344 514
1345 1642
1346 933
1347 2214
1348 28
1349 1717
1350 2610
1351 930
1352 478
1353 400
1354 2559
1355 1851
1356 1677
1357 1928
1358 1737
1359 1636
1360 70
1361 732
1362 460
1363 2260
1364 815
1365 1464
1366 2272
1367 2548
1368 33
1369 330
1370 1209
1371 988
1372 970
1373 649
1374 1659
1375 552
1376 2421
1377 217
1378 1842
1379 1991
1380 532
1381 2485
1382 1827
1383 1050
1384 1622
1385 1538
1386 2467
1387 505
1388 2688
1389 2357
1390 337
1391 1477
1392 1246
1393 514
1394 541
1395 982
1396 644
1397 511
1398 1718
1399 1779
1400 1881
1401 1260
1402 536
1403 583
1404 769
1405 716
1406 2164
1407 1652
1408 848
1409 379
1410 616
1411 2717
1412 32
1413 1839
1414 1499
1415 2170
1416 121
1417 2636
1418 271
1419 1722
1420 179
1421 146
1422 2361
1423 1510
1424 659
1425 1178
1426 2173
1427 1890
1428 641
1429 1916
1430 2062
1431 511
1432 418
1433 2050
1434 2274
1435 2020
1436 1495
1437 2448
1438 328
1439 529
1440 2144
1441 1558
1442 518
1443 2510
1444 2210
1445 1728
1446 2083
1447 1094
1448 2049
1449 1969
1450 1787
1451 2592
1452 2086
1453 443
1454 524
1455 1817
1456 580
1457 1048
1458 417
1459 128
1460 320
1461 2458
1462 2220
1463 2170
1464 1736
1465 1393
1466 2098
1467 2005
1468 2350
1469 2587
1470 885
1471 1801
1472 732
1473 878
1474 1379
1475 1119
1476 2337
1477 2640
1478 1391
1479 2114
1480 2232
1481 2374
1482 276
1483 900
1484 1968
1485 2366
1486 389
1487 1554
1488 1431
1489 2710
1490 1638
1491 1339
1492 2570
1493 500
1494 921
1495 1414
1496 153
1497 502
1498 1380
1499 337
1500 1590
1501 757
1502 2026
1503 2286
1504 1967
1505 2445
1506 2559
1507 60
1508 376
1509 2251
1510 80
1511 1187
1512 2570
1513 337
1514 2235
1515 357
1516 2435
1517 2091
1518 906
1519 811
1520 2106
1521 980
1522 1505
1523 1815
1524 836
1525 1196
1526 1724
1527 1991
1528 2157
1529 1436
1530 1363
1531 941
1532 877
1533 1545
1534 315
1535 612
1536 392
1537 2357
1538 9
1539 1758
1540 1930
1541 672
1542 1109
1543 2111
1544 1134
1545 1331
1546 1623
1547 473
1548 2368
1549 1131
1550 477
1551 1796
1552 498
1553 1895
1554 709
1555 735
1556 1796
1557 78
1558 2375
1559 141
1560 2053
1561 2407
1562 1864
1563 1375
1564 2666
1565 1995
1566 429
1567 2712
1568 753
1569 1232
1570 45
1571 1135
1572 1721
1573 2317
1574 732
1575 2105
1576 1529
1577 324
1578 1986
1579 1914
1580 246
1581 1906
1582 1123
1583 1775
1584 2625
1585 665
1586 416
1587 1595
1588 796
1589 2059
1590 257
1591 2204
1592 1080
1593 1818
1594 532
1595 2211
1596 238
1597 2568
1598 939
1599 1542
1600 293
1601 1517
1602 1747
1603 2394
1604 1300
1605 1074
1606 1718
1607 2112
1608 1464
1609 561
1610 1401
1611 1681
1612 599
1613 141
1614 1578
1615 10
1616 798
1617 100
1618 1330
1619 233
1620 1087
1621 1736
1622 116
1623 1826
1624 1948
1625 1750
1626 913
1627 2690
1628 1210
1629 417
1630 1894
1631 656
1632 2567
1633 1411
1634 288
1635 1239
1636 145
1637 1785
1638 1503
1639 2021
1640 2251
1641 881
1642 1873
1643 1696
1644 802
1645 1351
1646 1488
1647 402
1648 1087
1649 1871
1650 51
1651 362
1652 2049
1653 1965
1654 1895
1655 894
1656 228
1657 1177
1658 359
1659 1869
1660 933
1661 56
1662 1852
1663 887
1664 2545
1665 1502
1666 1359
1667 2049
1668 2453
1669 528
1670 1351
1671 549
1672 1719
1673 843
1674 1622
1675 22
1676 1005
1677 531
1678 109
1679 1692
1680 2716
1681 2647
1682 2449
1683 2080
1684 1758
1685 718
1686 1480
1687 1454
1688 1872
1689 381
1690 223
1691 2301
1692 2131
1693 1723
1694 1908
1695 323
1696 1733
1697 1069
1698 335
1699 2478
1700 2198
1701 655
1702 1696
1703 2538
1704 166
1705 97
1706 1428
1707 2187
1708 2090
1709 1615
1710 613
1711 2295
1712 2088
1713 1486
1714 1099
1715 2313
1716 78
1717 2438
1718 1576
1719 2074
1720 2556
1721 287
1722 1320
1723 1231
1724 1014
1725 963
1726 643
1727 2088
1728 2451
1729 872
1730 936
1731 1063
1732 663
1733 1502
1734 1068
1735 128
1736 471
1737 204
1738 1748
1739 1538
1740 1902
1741 2104
1742 309
1743 1842
1744 1552
1745 41
1746 2627
1747 390
1748 441
1749 1665
1750 1457
1751 2361
1752 2222
1753 1174
1754 647
1755 1571
1756 1600
1757 1868
1758 2152
1759 380
1760 2194
1761 1446
1762 213
1763 1565
1764 734
1765 1345
1766 669
1767 43
1768 3
1769 2337
1770 2523
1771 2158
1772 2702
1773 2088
1774 1622
1775 1439
1776 1486
1777 2248
1778 43
1779 144
1780 2174
1781 2269
1782 2677
1783 1466
1784 2270
1785 1744
1786 1572
1787 1086
1788 1656
1789 2016
1790 2251
1791 2626
1792 923
1793 599
1794 1458
1795 2121
1796 166
1797 1107
1798 1695
1799 1102
1800 1881
1801 1726
1802 2357
1803 246
1804 2656
1805 21
1806 2372
1807 144
1808 1391
1809 1394
1810 705
1811 123
1812 1718
1813 2318
1814 1488
1815 2462
1816 219
1817 1562
1818 2011
1819 171
1820 1206
1821 1959
1822 1394
1823 1874
1824 2257
1825 1597
1826 1885
1827 1459
1828 1996
1829 2223
1830 2613
1831 1343
1832 1369
1833 522
1834 906
1835 1382
1836 2134
1837 578
1838 2477
1839 650
1840 840
1841 2616
1842 2630
1843 521
1844 1719
1845 1097
1846 109
1847 2208
1848 1451
1849 1445
1850 2604
1851 2358
1852 2689
1853 2064
1854 2072
1855 1087
1856 1694
1857 1363
1858 355
1859 295
1860 405
1861 1943
1862 2196
1863 433
1864 71
1865 1127
1866 1128
1867 868
1868 2321
1869 2515
1870 2135
1871 2446
1872 18
1873 2126
1874 435
1875 519
1876 1525
1877 2008
1878 2714
1879 1086
1880 2267
1881 2149
1882 864
1883 575
1884 2245
1885 514
1886 1457
1887 2654
1888 2096
1889 2588
1890 2308
1891 2699
1892 2445
1893 1066
1894 2724
1895 1824
1896 1383
1897 273
1898 1136
1899 777
1900 1312
1901 2545
1902 2417
1903 292
1904 2258
1905 1545
1906 1476
1907 2158
1908 279
1909 379
1910 1090
1911 604
1912 1514
1913 2061
1914 1251
1915 2469
1916 514
1917 1317
1918 2579
1919 1838
1920 919
1921 1348
1922 305
1923 1772
1924 2255
1925 1698
1926 2678
1927 2632
1928 1778
1929 325
1930 423
1931 2695
1932 1152
1933 2659
1934 751
1935 1550
1936 847
1937 1804
1938 440
1939 328
1940 96
1941 689
1942 2148
1943 679
1944 2662
1945 1000
1946 1358
1947 1255
1948 886
1949 2711
1950 2643
1951 2283
1952 146
1953 178
1954 77
1955 2377
1956 1039
1957 2368
1958 1100
1959 665
1960 1707
1961 1561
1962 410
1963 2443
1964 2070
1965 2356
1966 1539
1967 274
1968 1643
1969 757
1970 2281
1971 386
1972 946
1973 1959
1974 1258
1975 1411
1976 2066
1977 266
1978 2530
1979 740
1980 2693
1981 472
1982 485
1983 598
1984 1038
1985 2337
1986 484
1987 1272
1988 913
1989 2666
1990 155
1991 1088
1992 963
1993 1756
1994 304
1995 149
1996 2596
1997 2526
1998 1862
1999 63
2000 1393
2001 558
2002 2313
2003 1831
2004 786
2005 2557
2006 146
2007 2043
2008 2442
2009 1473
2010 1146
2011 453
2012 155
2013 233
2014 301
2015 1722
2016 2170
2017 806
2018 1199
2019 1315
2020 2092
2021 2416
2022 1488
2023 959
2024 1457
2025 446
2026 805
2027 791
2028 760
2029 180
2030 1955
2031 2153
2032 1871
2033 2516
2034 327
2035 580
2036 1066
2037 140
2038 583
2039 2269
2040 799
2041 1427
2042 182
2043 2282
2044 2438
2045 30
2046 323
2047 2506
2048 1151
2049 2701
2050 1579
2051 391
2052 1603
2053 273
2054 600
2055 1846
2056 2512
2057 2718
2058 555
2059 7
2060 1890
2061 2723
2062 1861
2063 1885
2064 28
2065 492
2066 2387
2067 2004
2068 1214
2069 1127
2070 1786
2071 1564
2072 154
2073 719
2074 2183
2075 515
2076 1736
2077 2381
2078 892
2079 2019
2080 1644
2081 1893
2082 82
2083 1498
2084 2044
2085 1784
2086 635
2087 199
2088 1382
2089 1767
2090 183
2091 2041
2092 1996
2093 1945
2094 2590
2095 623
2096 67
2097 33
2098 1662
2099 698
2100 2682
2101 2526
2102 1304
2103 972
2104 177
2105 1867
2106 2103
2107 1746
2108 237
2109 224
2110 1731
2111 1198
2112 240
2113 1928
2114 1472
2115 810
2116 1011
2117 882
2118 2416
2119 2376
2120 973
2121 667
2122 2271
2123 1900
2124 2536
2125 1962
2126 972
2127 2428
2128 1827
2129 984
2130 1868
2131 2529
2132 287
2133 1719
2134 1736
2135 2344
2136 659
2137 822
2138 1465
2139 1373
2140 781
2141 129
2142 1000
2143 233
2144 2043
2145 689
2146 2491
2147 1090
2148 2211
2149 507
2150 1633
2151 2079
2152 2217
2153 1724
2154 671
2155 1828
2156 631
2157 806
2158 619
2159 967
2160 2029
2161 1980
2162 2148
2163 2233
2164 559
2165 2552
2166 1702
2167 2695
2168 2164
2169 986
2170 2174
2171 1627
2172 892
2173 1214
2174 872
2175 907
2176 639
2177 635
2178 2108
2179 2324
2180 607
2181 1377
2182 831
2183 1023
2184 1235
2185 405
2186 704
2187 1535
2188 566
2189 17
2190 682
2191 2544
2192 367
2193 1923
2194 7
2195 1449
2196 1306
2197 281
2198 463
2199 2228
2200 619
2201 2492
2202 1867
2203 1481
2204 980
2205 2141
2206 1061
2207 262
2208 1647
2209 480
2210 2102
2211 593
2212 1382
2213 1256
2214 2527
2215 945
2216 1663
2217 1700
2218 2399
2219 682
2220 946
2221 2546
2222 2048
2223 1391
2224 317
2225 225
2226 1446
2227 2306
2228 2623
2229 1188
2230 1567
2231 1932
2232 2059
2233 20
2234 2571
2235 739
2236 1532
2237 1562
2238 2012
2239 332
2240 1122
2241 1357
2242 2505
2243 1991
2244 1516
2245 138
2246 2090
2247 1874
2248 1391
2249 884
2250 2348
2251 1140
2252 536
2253 429
2254 710
2255 1959
2256 1722
2257 1747
2258 1274
2259 553
2260 2178
2261 171
2262 1595
2263 457
2264 1259
2265 1156
2266 2120
2267 2297
2268 740
2269 2143
2270 652
2271 1391
2272 2303
2273 1071
2274 2668
2275 1750
2276 2499
2277 1373
2278 970
2279 416
2280 58
2281 1865
2282 1701
2283 2141
2284 942
2285 2210
2286 1743
2287 2634
2288 825
2289 674
2290 2020
2291 450
2292 1542
2293 1689
2294 732
2295 588
2296 840
2297 307
2298 678
2299 556
2300 1973
2301 837
2302 1430
2303 1983
2304 2542
2305 2470
2306 1356
2307 978
2308 2184
2309 651
2310 123
2311 2162
2312 2282
2313 2565
2314 467
2315 1661
2316 1841
2317 2512
2318 1360
2319 407
2320 2420
2321 88
2322 336
2323 1425
2324 480
2325 121
2326 1301
2327 1030
2328 1497
2329 106
2330 1190
2331 1396
2332 543
2333 1514
2334 2707
2335 674
2336 1190
2337 2682
2338 1335
2339 1736
2340 2437
2341 521
2342 362
2343 1597
2344 1947
2345 1580
2346 1192
2347 1972
2348 1686
2349 697
2350 340
2351 274
2352 2008
2353 535
2354 2628
2355 164
2356 1208
2357 244
2358 651
2359 184
2360 635
2361 1712
2362 1924
2363 2587
2364 375
2365 2603
2366 2661
2367 31
2368 1246
2369 1585
2370 1984
2371 650
2372 801
2373 54
2374 2460
2375 1031
2376 918
2377 515
2378 1890
2379 706
2380 555
2381 704
2382 1105
2383 2191
2384 2278
2385 1150
2386 790
2387 260
2388 1551
2389 2148
2390 1131
2391 2092
2392 443
2393 1786
2394 294
2395 2556
2396 58
2397 1447
2398 804
2399 512
2400 2515
2401 1197
2402 1079
2403 794
2404 2572
2405 798
2406 1877
2407 124
2408 1417
2409 1766
2410 1244
2411 1077
2412 430
2413 2583
2414 81
2415 2247
2416 2418
2417 258
2418 1358
2419 1204
2420 315
2421 494
2422 1872
2423 1015
2424 2691
2425 545
2426 298
2427 1458
2428 537
2429 249
2430 1076
2431 1701
2432 1320
2433 1613
2434 2308
2435 1199
2436 2421
2437 1204
2438 2070
2439 2218
2440 1501
2441 65
2442 1975
2443 1150
2444 71
2445 1581
2446 617
2447 617
2448 1771
2449 2228
2450 1699
2451 1183
2452 249
2453 1252
2454 2562
2455 146
2456 255
2457 1019
2458 1041
2459 2494
2460 250
2461 1358
2462 2102
2463 1627
2464 1062
2465 211
2466 251
2467 943
2468 1718
2469 2178
2470 712
2471 667
2472 1347
2473 1092
2474 1509
2475 1623
2476 1636
2477 2114
2478 2261
2479 238
2480 1073
2481 1156
2482 2592
2483 12
2484 45
2485 55
2486 92
2487 1313
2488 605
2489 312
2490 328
2491 1394
2492 1972
2493 2635
2494 1197
2495 470
2496 1235
2497 1637
2498 1000
2499 2107
2500 1427
2501 340
2502 668
2503 874
2504 1852
2505 1481
2506 809
2507 553
2508 2485
2509 410
2510 1266
2511 1704
2512 2502
2513 185
2514 396
2515 417
2516 2446
2517 549
2518 1453
2519 2334
2520 463
2521 2717
2522 2131
2523 176
2524 1726
2525 2139
2526 1737
2527 634
2528 1748
2529 2064
2530 1328
2531 1753
2532 422
2533 933
2534 1371
2535 936
2536 1634
2537 1693
2538 87
2539 2343
2540 1258
2541 287
2542 1372
2543 1909
2544 2087
2545 971
2546 1307
2547 1748
2548 404
2549 902
2550 1851
2551 101
2552 42
2553 2033
2554 312
2555 92
2556 1832
2557 536
2558 1186
2559 1349
2560 554
2561 1025
2562 491
2563 2066
2564 1546
2565 603
2566 2559
2567 450
2568 2705
2569 56
2570 2131
2571 2129
2572 1388
2573 1532
2574 1339
2575 627
2576 454
2577 2714
2578 1772
2579 1040
2580 424
2581 2383
2582 1085
2583 2518
2584 1555
2585 88
2586 1526
2587 49
2588 1236
2589 1604
2590 998
2591 2623
2592 2173
2593 2533
2594 1023
2595 89
2596 1078
2597 246
2598 2245
2599 2585
2600 248
2601 1919
2602 2392
2603 609
2604 783
2605 1304
2606 2291
2607 209
2608 424
2609 2726
2610 603
2611 708
2612 1034
2613 2670
2614 2312
2615 1469
2616 540
2617 359
2618 32
2619 275
2620 2589
2621 1411
2622 704
2623 477
2624 1070
2625 910
2626 1216
2627 2243
2628 279
2629 1380
2630 318
2631 542
2632 1604
2633 2625
2634 447
2635 1904
2636 1544
2637 1052
2638 653
2639 537
2640 8
2641 1837
2642 1371
2643 1485
2644 1958
2645 617
2646 988
2647 2061
2648 1155
2649 1357
2650 1293
2651 1425
2652 1717
2653 1543
2654 1126
2655 917
2656 1741
2657 2504
2658 873
2659 2174
2660 2502
2661 568
2662 936
2663 1756
2664 1113
2665 193
2666 1617
2667 767
2668 2664
2669 2396
2670 1246
2671 2528
2672 2639
2673 880
2674 2017
2675 1000
2676 738
2677 236
2678 1149
2679 1867
2680 2124
2681 1095
2682 1118
2683 1145
2684 196
2685 270
2686 2676
2687 907
2688 2272
2689 1700
2690 2476
2691 1690
2692 1776
2693 1265
2694 2540
2695 1688
2696 1765
2697 829
2698 1458
2699 308
2700 1557
2701 1463
2702 72
2703 1066
2704 964
2705 2635
2706 2465
2707 147
2708 25
2709 2701
2710 2417
2711 1049
2712 2629
2713 2310
2714 560
2715 732
2716 2719
2717 2157
2718 1899
2719 1364
2720 230
2721 1507
2722 1946
2723 2075
2724 1492
2725 1165
2726 5
