0 2200
1 2384
2 1855
3 839
4 1534
5 881
6 1815
7 424
8 881
9 2269
10 768
11 1635
12 1225
13 2420
14 1028
15 1989
16 1946
17 1029
18 2250
19 968
20 2295
21 2008
22 2595
23 39
24 1971
25 1671
26 2298
27 2010
28 1389
29 907
30 1400
31 727
32 2413
33 1367
34 1080
35 552
36 182
37 2067
38 209
39 1325
40 1406
41 2473
42 931
43 2257
44 1050
45 1096
46 219
47 837
48 2182
49 311
50 2175
51 2557
52 2237
53 579
54 2155
55 2560
56 2189
57 517
58 1483
59 1707
60 854
61 1977
62 2385
63 2325
64 2113
65 1659
66 838
67 210
68 583
69 1357
70 565
71 94
72 1217
73 785
74 581
75 1135
76 2008
77 286
78 302
79 605
80 2033
81 1861
82 2524
83 12
84 2507
85 923
86 1076
87 728
88 277
89 1137
90 795
91 0
92 761
93 545
94 2681
95 1059
96 268
97 2666
98 99
99 2451
100 119
101 2059
102 1054
103 48
104 23
105 1776
106 823
107 688
108 720
109 1852
110 1149
111 98
112 485
113 131
114 1851
115 676
116 707
117 1167
118 186
119 2418
120 2466
121 1574
122 1325
123 709
124 2095
125 1747
126 1642
127 2658
128 924
129 606
130 1256
131 727
132 2612
133 2096
134 2221
135 1809
136 1053
137 1818
138 1294
139 947
140 1326
141 2308
142 785
143 1197
144 1460
145 1492
146 2538
147 294
148 854
149 2021
150 632
151 1701
152 25
153 2251
154 294
155 1673
156 1685
157 2564
158 1681
159 272
160 467
161 743
162 2473
163 2406
164 1216
165 25
166 886
167 2394
168 1559
169 2129
170 48
171 1139
172 117
173 2217
174 2439
175 2528
176 1893
177 1053
178 25
179 1292
180 1831
181 171
182 594
183 1879
184 1195
185 1400
186 981
187 2352
188 972
189 1627
190 525
191 381
192 1797
193 2504
194 2442
195 2656
196 1626
197 1631
198 1117
199 980
200 2317
201 984
202 764
203 266
204 1713
205 2325
206 1277
207 1620
208 1500
209 565
210 1559
211 1946
212 1585
213 1687
214 987
215 1049
216 701
217 2226
218 2562
219 433
220 2406
221 2557
222 1120
223 1932
224 1340
225 228
226 1612
227 163
228 776
229 1728
230 2013
231 812
232 2701
233 472
234 1117
235 1965
236 1341
237 1893
238 1925
239 1401
240 2171
241 2171
242 1003
243 1088
244 659
245 1929
246 2574
247 809
248 1771
249 424
250 1762
251 585
252 127
253 1693
254 622
255 1100
256 2681
257 1264
258 1386
259 2214
260 420
261 455
262 2032
263 633
264 1399
265 1610
266 349
267 2712
268 1366
269 700
270 2694
271 1197
272 115
273 2561
274 6
275 1134
276 1715
277 250
278 230
279 2242
280 2538
281 1280
282 2585
283 1540
284 2208
285 2305
286 2236
287 1401
288 1824
289 555
290 2699
291 34
292 782
293 786
294 1916
295 1508
296 1749
297 1596
298 2259
299 1869
300 2211
301 1415
302 2611
303 1484
304 1389
305 1703
306 2220
307 1115
308 2555
309 1474
310 101
311 1375
312 2427
313 2226
314 1956
315 962
316 1329
317 2605
318 1476
319 2073
320 1013
321 2296
322 1215
323 848
324 2259
325 1574
326 333
327 1950
328 2181
329 1850
330 13
331 2279
332 2608
333 22
334 1714
335 2593
336 1460
337 332
338 815
339 2140
340 441
341 1772
342 2302
343 724
344 2192
345 1612
346 345
347 2664
348 924
349 2472
350 2462
351 2305
352 41
353 667
354 1215
355 2297
356 199
357 2445
358 2419
359 732
360 1351
361 2363
362 116
363 1039
364 1660
365 655
366 1805
367 1259
368 1345
369 2514
370 647
371 1287
372 916
373 1208
374 2537
375 2314
376 259
377 2403
378 68
379 267
380 2414
381 2259
382 1244
383 652
384 676
385 1180
386 240
387 657
388 426
389 908
390 1051
391 2323
392 689
393 2183
394 2598
395 1471
396 1488
397 2694
398 1984
399 461
400 214
401 1985
402 2308
403 533
404 176
405 2218
406 1694
407 2352
408 768
409 1877
410 2516
411 515
412 1401
413 1003
414 752
415 1319
416 1125
417 161
418 78
419 2163
420 278
421 1658
422 1331
423 1123
424 2224
425 63
426 621
427 2618
428 1382
429 1986
430 1566
431 2558
432 1193
433 864
434 76
435 1306
436 2652
437 1829
438 1877
439 794
440 1347
441 2642
442 1613
443 155
444 489
445 2039
446 1523
447 1548
448 283
449 188
450 1296
451 2497
452 1492
453 1729
454 367
455 1612
456 711
457 1894
458 150
459 482
460 1323
461 280
462 2667
463 703
464 826
465 819
466 2495
467 1568
468 2443
469 890
470 2575
471 2035
472 1380
473 960
474 1370
475 2072
476 1289
477 1715
478 2596
479 968
480 75
481 1762
482 811
483 1348
484 2133
485 567
486 1703
487 2371
488 2075
489 2205
490 1150
491 2560
492 197
493 1501
494 1328
495 1727
496 2511
497 335
498 642
499 2355
500 860
501 541
502 2037
503 283
504 2105
505 390
506 126
507 2426
508 9
509 1919
510 1234
511 2242
512 1788
513 1292
514 2155
515 1477
516 777
517 1617
518 1865
519 2270
520 1153
521 948
522 1132
523 2203
524 1181
525 10
526 992
527 795
528 636
529 151
530 70
531 2247
532 2567
533 1752
534 490
535 1030
536 1596
537 2125
538 1119
539 429
540 1620
541 2158
542 1567
543 728
544 534
545 1498
546 2642
547 1921
548 2199
549 1109
550 2347
551 2646
552 440
553 438
554 1275
555 2401
556 1574
557 2500
558 552
559 1359
560 140
561 2279
562 2595
563 2363
564 2455
565 2357
566 649
567 676
568 147
569 2442
570 312
571 792
572 1590
573 2507
574 2636
575 1738
576 870
577 1313
578 2645
579 1798
580 1990
581 1951
582 1991
583 29
584 934
585 2192
586 15
587 2022
588 1136
589 1406
590 56
591 649
592 2711
593 580
594 1839
595 202
596 1182
597 1374
598 2028
599 885
600 1962
601 2432
602 613
603 1150
604 492
605 1972
606 1442
607 1458
608 248
609 1940
610 2050
611 2600
612 406
613 2019
614 229
615 2585
616 344
617 1169
618 2264
619 1829
620 0
621 2322
622 267
623 971
624 733
625 763
626 12
627 2574
628 1304
629 1611
630 1801
631 900
632 1211
633 2227
634 2568
635 1223
636 1299
637 1963
638 2487
639 639
640 1599
641 620
642 2265
643 1030
644 2401
645 2571
646 1135
647 2308
648 423
649 996
650 571
651 2086
652 288
653 1737
654 131
655 1111
656 1183
657 366
658 652
659 1329
660 1182
661 2100
662 1648
663 2324
664 2155
665 559
666 679
667 1668
668 1720
669 1594
670 1002
671 2666
672 1328
673 144
674 680
675 627
676 1922
677 1149
678 1370
679 1577
680 326
681 1282
682 1272
683 859
684 820
685 1057
686 2480
687 1693
688 382
689 2416
690 1793
691 2563
692 1092
693 1422
694 2636
695 1298
696 2059
697 210
698 2621
699 2459
700 1061
701 1594
702 2598
703 2463
704 1107
705 178
706 1536
707 1274
708 146
709 1894
710 955
711 819
712 2037
713 1866
714 2358
715 2523
716 900
717 1447
718 824
719 895
720 2377
721 2324
722 570
723 2380
724 1308
725 2157
726 462
727 2584
728 664
729 824
730 1020
731 1433
732 612
733 135
734 188
735 1124
736 2068
737 472
738 609
739 728
740 1307
741 1580
742 1607
743 289
744 2718
745 686
746 2475
747 2302
748 1962
749 277
750 604
751 480
752 2193
753 862
754 1178
755 2165
756 2686
757 962
758 2420
759 1899
760 2621
761 1672
762 970
763 1915
764 1866
765 921
766 1228
767 678
768 1427
769 592
770 1675
771 932
772 1846
773 1369
774 296
775 957
776 622
777 655
778 1797
779 1281
780 162
781 543
782 1778
783 604
784 993
785 1583
786 2199
787 288
788 2397
789 1465
790 2329
791 2556
792 202
793 2083
794 225
795 1670
796 1844
797 1936
798 29
799 2476
800 275
801 2096
802 855
803 1181
804 135
805 2216
806 1952
807 544
808 1384
809 469
810 226
811 406
812 2298
813 2579
814 854
815 1664
816 1363
817 23
818 230
819 560
820 665
821 2012
822 214
823 1556
824 1368
825 2044
826 803
827 2519
828 774
829 825
830 2391
831 2656
832 1741
833 1189
834 2192
835 1500
836 1668
837 2273
838 907
839 1545
840 549
841 1981
842 715
843 2479
844 2095
845 1051
846 1572
847 748
848 326
849 1266
850 1576
851 2607
852 1488
853 1267
854 2399
855 1562
856 2377
857 1001
858 246
859 1332
860 1701
861 2395
862 1765
863 998
864 336
865 738
866 1638
867 611
868 498
869 1671
870 476
871 1782
872 785
873 3
874 2171
875 2549
876 1359
877 252
878 1974
879 834
880 1222
881 321
882 1095
883 1710
884 99
885 1153
886 2448
887 444
888 957
889 1036
890 2433
891 45
892 2239
893 529
894 46
895 1285
896 1122
897 1686
898 1421
899 420
900 1519
901 1176
902 1171
903 1236
904 1404
905 1884
906 832
907 1097
908 426
909 240
910 1204
911 177
912 1618
913 1673
914 447
915 1820
916 2631
917 2440
918 2156
919 2550
920 12
921 1508
922 2235
923 106
924 2442
925 1144
926 2562
927 1966
928 2644
929 1327
930 1366
931 1757
932 2181
933 489
934 2583
935 2033
936 528
937 1551
938 1281
939 1003
940 1042
941 492
942 220
943 398
944 15
945 376
946 1569
947 2669
948 364
949 1852
950 2473
951 2252
952 515
953 2038
954 470
955 2079
956 1218
957 2600
958 139
959 360
960 1969
961 2381
962 1970
963 945
964 1338
965 2520
966 433
967 851
968 2077
969 1341
970 2573
971 2251
972 549
973 2567
974 2326
975 191
976 1034
977 31
978 167
979 2360
980 336
981 2224
982 1451
983 1807
984 2199
985 408
986 1733
987 215
988 1703
989 1308
990 503
991 2392
992 566
993 81
994 2049
995 2042
996 1929
997 1522
998 1079
999 958
1000 1846
1001 2097
1002 113
1003 2373
1004 764
1005 1179
1006 1950
1007 1237
1008 1393
1009 1508
1010 1082
1011 140
1012 1293
1013 1142
1014 1528
1015 2375
1016 364
1017 2514
1018 1800
1019 1602
1020 2188
1021 1725
1022 1386
1023 2331
1024 1297
1025 2461
1026 2171
1027 2014
1028 2650
1029 649
1030 1240
1031 607
1032 1026
1033 1152
1034 1560
1035 1801
1036 2366
1037 2704
1038 2127
1039 2073
1040 1215
1041 569
1042 1672
1043 672
1044 2622
1045 2144
1046 2215
1047 582
1048 2040
1049 798
1050 764
1051 988
1052 1508
1053 2528
1054 1270
1055 1808
1056 535
1057 2036
1058 2291
1059 619
1060 2509
1061 1175
1062 1603
1063 2355
1064 2211
1065 539
1066 1022
1067 1815
1068 721
1069 1840
1070 1304
1071 1290
1072 1171
1073 398
1074 1533
1075 1542
1076 1998
1077 2447
1078 1624
1079 1922
1080 2697
1081 930
1082 305
1083 918
1084 2695
1085 2278
1086 1275
1087 900
1088 1198
1089 2280
1090 267
1091 1883
1092 1802
1093 1293
1094 949
1095 1920
1096 258
1097 281
1098 1568
1099 1848
1100 1834
1101 2288
1102 1484
1103 1644
1104 2086
1105 982
1106 1430
1107 836
1108 2458
1109 573
1110 29
1111 1179
1112 1669
1113 1032
1114 1765
1115 144
1116 983
1117 770
1118 357
1119 1664
1120 2648
1121 1062
1122 47
1123 2262
1124 1206
1125 2508
1126 1871
1127 464
1128 2427
1129 548
1130 1024
1131 10
1132 1554
1133 177
1134 411
1135 565
1136 2016
1137 545
1138 1573
1139 1055
1140 598
1141 1947
1142 2263
1143 845
1144 752
1145 928
1146 444
1147 1220
1148 72
1149 2616
1150 2656
1151 27
1152 621
1153 782
1154 2664
1155 924
1156 1588
1157 162
1158 1811
1159 761
1160 462
1161 1146
1162 659
1163 2327
1164 2690
1165 653
1166 2196
1167 738
1168 85
1169 2322
1170 209
1171 1998
1172 1364
1173 576
1174 1791
1175 711
1176 1585
1177 1289
1178 80
1179 673
1180 1922
1181 335
1182 2337
1183 359
1184 699
1185 936
1186 1973
1187 1402
1188 1982
1189 1038
1190 2415
1191 1416
1192 913
1193 1017
1194 2586
1195 75
1196 16
1197 2243
1198 1005
1199 1502
1200 546
1201 1964
1202 659
1203 806
1204 598
1205 1425
1206 1668
1207 1591
1208 1937
1209 2182
1210 1995
1211 631
1212 2085
1213 1051
1214 826
1215 1199
1216 971
1217 1853
1218 1856
1219 1623
1220 2141
1221 791
1222 2584
1223 916
1224 643
1225 2005
1226 1852
1227 1543
1228 2424
1229 492
1230 2665
1231 943
1232 2618
1233 952
1234 1702
1235 695
1236 2272
1237 277
1238 519
1239 2162
1240 644
1241 205
1242 1644
1243 1915
1244 2011
1245 1696
1246 1654
1247 1463
1248 293
1249 1247
1250 70
1251 1666
1252 393
1253 2695
1254 583
1255 1669
1256 396
1257 2266
1258 1322
1259 1474
1260 1584
1261 1920
1262 823
1263 796
1264 792
1265 2726
1266 837
1267 2006
1268 800
1269 1943
1270 315
1271 1523
1272 2068
1273 1329
1274 380
1275 706
1276 250
1277 1589
1278 273
1279 2197
1280 1379
1281 1562
1282 1174
1283 2286
1284 837
1285 2193
1286 2689
1287 1506
1288 802
1289 867
1290 2658
1291 1638
1292 2338
1293 1352
1294 1076
1295 1343
1296 1625
1297 1957
1298 2058
1299 1747
1300 914
1301 1943
1302 2674
1303 389
1304 285
1305 1321
1306 2092
1307 1715
1308 888
1309 2244
1310 2617
1311 1640
1312 2688
1313 2617
1314 1050
1315 583
1316 55
1317 684
1318 1323
1319 8
1320 2724
1321 1392
1322 1341
1323 1727
1324 188
1325 2037
1326 920
1327 1711
1328 656
1329 2424
1330 1276
1331 2091
1332 595
1333 503
1334 1547
1335 1022
1336 690
1337 2420
1338 1231
1339 1164
1340 2025
1341 2073
1342 1125
1343 2716
1344 920
1345 1141
1346 1371
1347 116
1348 1777
1349 2449
1350 2193
1351 1434
1352 1787
1353 1351
1354 1880
1355 273
1356 1725
1357 44
1358 1420
1359 551
1360 1023
1361 467
1362 722
1363 1747
1364 2692
1365 2367
1366 68
1367 1131
1368 2416
1369 1662
1370 110
1371 1334
1372 383
1373 900
1374 2095
1375 381
1376 263
1377 1476
1378 2316
1379 2266
1380 2491
1381 1492
1382 964
1383 298
1384 2022
1385 2652
1386 2252
1387 2651
1388 2281
1389 1968
1390 1784
1391 1432
1392 1771
1393 360
1394 2027
1395 1910
1396 1196
1397 60
1398 908
1399 741
1400 1629
1401 2669
1402 465
1403 2272
1404 1744
1405 2464
1406 714
1407 2217
1408 710
1409 2153
1410 812
1411 2083
1412 2300
1413 490
1414 2385
1415 2011
1416 670
1417 1969
1418 698
1419 305
1420 451
1421 1151
1422 1366
1423 2270
1424 1221
1425 2226
1426 778
1427 1447
1428 145
1429 1269
1430 292
1431 657
1432 1918
1433 942
1434 1359
1435 949
1436 760
1437 1420
1438 2583
1439 150
1440 2353
1441 2424
1442 396
1443 1170
1444 36
1445 2388
1446 1194
1447 782
1448 26
1449 2240
1450 418
1451 1093
1452 2122
1453 825
1454 1264
1455 272
1456 880
1457 2635
1458 775
1459 1627
1460 2403
1461 1627
1462 2078
1463 2285
1464 2378
1465 1789
1466 419
1467 2541
1468 1214
1469 264
1470 1027
1471 524
1472 366
1473 2684
1474 1260
1475 2158
1476 2024
1477 1845
1478 1953
1479 781
1480 301
1481 423
1482 243
1483 38
1484 1837
1485 2413
1486 2253
1487 1006
1488 2584
1489 2171
1490 443
1491 713
1492 77
1493 1090
1494 1619
1495 536
1496 1675
1497 1735
1498 276
1499 1989
1500 740
1501 2096
1502 1371
1503 319
1504 2099
1505 24
1506 72
1507 2694
1508 1910
1509 2668
1510 1566
1511 1783
1512 1606
1513 1116
1514 1503
1515 1200
1516 1003
1517 1833
1518 2393
1519 2335
1520 1720
1521 1292
1522 2410
1523 1190
1524 2147
1525 2473
1526 917
1527 2193
1528 177
1529 1947
1530 1953
1531 142
1532 1058
1533 2298
1534 693
1535 188
1536 1906
1537 558
1538 594
1539 1277
1540 1645
1541 807
1542 1566
1543 341
1544 762
1545 631
1546 871
1547 1269
1548 2452
1549 2627
1550 1726
1551 99
1552 1330
1553 1009
1554 1908
1555 2191
1556 15
1557 1214
1558 1796
1559 2719
1560 1997
1561 1458
1562 1637
1563 515
1564 35
1565 2632
1566 1607
1567 1225
1568 634
1569 1347
1570 1095
1571 1337
1572 284
1573 2004
1574 1780
1575 1276
1576 539
1577 299
1578 1539
1579 2528
1580 2301
1581 1542
1582 2318
1583 251
1584 1301
1585 1299
1586 2101
1587 799
1588 1495
1589 1724
1590 2078
1591 1943
1592 1509
1593 338
1594 2493
1595 1593
1596 330
1597 2183
1598 527
1599 1217
1600 2445
1601 6
1602 911
1603 927
1604 587
1605 1484
1606 1683
1607 1664
1608 2122
1609 2273
1610 2698
1611 1669
1612 1208
1613 1610
1614 1785
1615 317
1616 2619
1617 2407
1618 706
1619 2407
1620 715
1621 2718
1622 2213
1623 2266
1624 2645
1625 2476
1626 247
1627 2359
1628 314
1629 1020
1630 1396
1631 2635
1632 834
1633 783
1634 613
1635 946
1636 2315
1637 1859
1638 299
1639 573
1640 116
1641 198
1642 182
1643 2553
1644 2151
1645 2159
1646 2337
1647 2211
1648 338
1649 971
1650 596
1651 2202
1652 2220
1653 1166
1654 1354
1655 1497
1656 2067
1657 464
1658 2328
1659 396
1660 1090
1661 362
1662 1482
1663 1318
1664 2122
1665 134
1666 1928
1667 1469
1668 1496
1669 2261
1670 2156
1671 2463
1672 1682
1673 1217
1674 1876
1675 2307
1676 1079
1677 2595
1678 2061
1679 2581
1680 483
1681 2506
1682 1026
1683 1517
1684 57
1685 694
1686 1129
1687 1619
1688 683
1689 996
1690 778
1691 18
1692 2467
1693 1602
1694 1558
1695 750
1696 722
1697 1036
1698 2143
1699 2199
1700 720
1701 436
1702 349
1703 933
1704 1411
1705 6
1706 1332
1707 1500
1708 1084
1709 622
1710 2516
1711 2066
1712 2347
1713 339
1714 2440
1715 2080
1716 1845
1717 547
1718 1558
1719 1991
1720 1277
1721 498
1722 2435
1723 1405
1724 1529
1725 1760
1726 10
1727 649
1728 924
1729 2134
1730 1606
1731 654
1732 1794
1733 665
1734 1068
1735 1120
1736 147
1737 281
1738 1381
1739 2279
1740 2481
1741 2149
1742 307
1743 1677
1744 2128
1745 2223
1746 200
1747 1869
1748 116
1749 1662
1750 1097
1751 2609
1752 1056
1753 2432
1754 2641
1755 742
1756 2478
1757 2172
1758 552
1759 1187
1760 2340
1761 2699
1762 1853
1763 1206
1764 1581
1765 194
1766 2113
1767 481
1768 1838
1769 1114
1770 1060
1771 1561
1772 1369
1773 255
1774 2149
1775 1200
1776 1585
1777 2172
1778 454
1779 2469
1780 1929
1781 1260
1782 1330
1783 2125
1784 747
1785 1496
1786 359
1787 2036
1788 694
1789 1301
1790 2356
1791 1169
1792 854
1793 1986
1794 1955
1795 212
1796 2264
1797 855
1798 1646
1799 1830
1800 1533
1801 1078
1802 1684
1803 72
1804 1424
1805 1141
1806 2049
1807 2215
1808 694
1809 424
1810 853
1811 8
1812 419
1813 997
1814 1564
1815 234
1816 1200
1817 1346
1818 1443
1819 982
1820 358
1821 2586
1822 2670
1823 1804
1824 226
1825 866
1826 128
1827 209
1828 415
1829 1201
1830 2098
1831 2643
1832 1479
1833 226
1834 2455
1835 2226
1836 1424
1837 1955
1838 358
1839 575
1840 795
1841 2291
1842 1183
1843 1768
1844 1919
1845 136
1846 667
1847 1415
1848 2069
1849 418
1850 549
1851 2725
1852 822
1853 2244
1854 2406
1855 1922
1856 108
1857 2160
1858 1449
1859 1374
1860 764
1861 1738
1862 1897
1863 2306
1864 2559
1865 249
1866 2225
1867 1347
1868 1828
1869 477
1870 820
1871 2450
1872 1816
1873 2247
1874 515
1875 2697
1876 1514
1877 1617
1878 690
1879 1755
1880 1567
1881 187
1882 2345
1883 204
1884 2512
1885 26
1886 347
1887 1059
1888 1231
1889 1863
1890 2373
1891 480
1892 1302
1893 477
1894 2406
1895 1784
1896 290
1897 2037
1898 1618
1899 2070
1900 550
1901 1962
1902 226
1903 1203
1904 540
1905 1592
1906 2034
1907 1498
1908 1285
1909 907
1910 1119
1911 423
1912 1899
1913 543
1914 1949
1915 936
1916 2603
1917 1530
1918 1969
1919 1974
1920 1497
1921 1868
1922 2357
1923 2697
1924 343
1925 1604
1926 493
1927 2413
1928 1317
1929 117
1930 2077
1931 92
1932 181
1933 1422
1934 2394
1935 1220
1936 2346
1937 1527
1938 1465
1939 552
1940 1481
1941 1652
1942 2129
1943 2577
1944 2360
1945 2432
1946 343
1947 1285
1948 2374
1949 914
1950 288
1951 2106
1952 1530
1953 1361
1954 2066
1955 558
1956 1968
1957 1771
1958 209
1959 594
1960 2639
1961 1645
1962 2672
1963 2719
1964 1699
1965 739
1966 1904
1967 1222
1968 1499
1969 1686
1970 364
1971 2171
1972 2044
1973 2576
1974 2433
1975 2430
1976 1634
1977 674
1978 660
1979 396
1980 2424
1981 629
1982 619
1983 1939
1984 11
1985 1739
1986 1229
1987 1780
1988 909
1989 569
1990 855
1991 1523
1992 343
1993 1439
1994 2191
1995 2174
1996 376
1997 62
1998 957
1999 82
2000 169
2001 2654
2002 823
2003 2207
2004 1082
2005 2070
2006 720
2007 1016
2008 857
2009 2440
2010 1609
2011 1434
2012 350
2013 1930
2014 1356
2015 2052
2016 2614
2017 510
2018 972
2019 2601
2020 390
2021 1915
2022 2248
2023 2253
2024 711
2025 1762
2026 2587
2027 950
2028 2367
2029 1324
2030 2318
2031 2487
2032 2640
2033 526
2034 1065
2035 1983
2036 178
2037 2470
2038 1258
2039 471
2040 2693
2041 1796
2042 2698
2043 305
2044 651
2045 128
2046 472
2047 123
2048 44
2049 1233
2050 2413
2051 1798
2052 2032
2053 756
2054 639
2055 982
2056 544
2057 2152
2058 1888
2059 1554
2060 547
2061 1257
2062 2028
2063 2617
2064 316
2065 2052
2066 3
2067 2137
2068 2702
2069 872
2070 1350
2071 1888
2072 1505
2073 2146
2074 211
2075 2396
2076 1068
2077 709
2078 1665
2079 670
2080 1734
2081 2482
2082 2312
2083 2368
2084 2139
2085 351
2086 985
2087 399
2088 75
2089 0
2090 2361
2091 1900
2092 1221
2093 1410
2094 2564
2095 415
2096 1896
2097 2367
2098 569
2099 1090
2100 1421
2101 2344
2102 1633
2103 2353
2104 2670
2105 2403
2106 2154
2107 1939
2108 2001
2109 410
2110 2634
2111 1201
2112 1283
2113 2639
2114 2228
2115 1584
2116 637
2117 2161
2118 2298
2119 1392
2120 1054
2121 1920
2122 2311
2123 1879
2124 2126
2125 1172
2126 1475
2127 1166
2128 2246
2129 2257
2130 1478
2131 2241
2132 2221
2133 2185
2134 411
2135 986
2136 2236
2137 2265
2138 2148
2139 1576
2140 1036
2141 337
2142 2555
2143 746
2144 2051
2145 2469
2146 2108
2147 1072
2148 209
2149 75
2150 1406
2151 2272
2152 1887
2153 1507
2154 1849
2155 1992
2156 712
2157 329
2158 872
2159 1
2160 1561
2161 72
2162 1300
2163 106
2164 767
2165 962
2166 1028
2167 510
2168 1071
2169 2660
2170 2162
2171 169
2172 166
2173 428
2174 1390
2175 1602
2176 346
2177 392
2178 1231
2179 939
2180 2577
2181 1736
2182 1509
2183 364
2184 2451
2185 1432
2186 1346
2187 2567
2188 871
2189 562
2190 1331
2191 1374
2192 1667
2193 497
2194 1769
2195 1352
2196 2464
2197 1438
2198 1037
2199 482
2200 124
2201 2450
2202 1291
2203 1036
2204 2231
2205 2339
2206 906
2207 2039
2208 2721
2209 2413
2210 2105
2211 1911
2212 1250
2213 138
2214 1987
2215 448
2216 612
2217 435
2218 227
2219 1471
2220 1560
2221 653
2222 633
2223 837
2224 1149
2225 1305
2226 2099
2227 1610
2228 89
2229 81
2230 622
2231 303
2232 2470
2233 1076
2234 921
2235 2140
2236 890
2237 2282
2238 2175
2239 100
2240 1030
2241 2070
2242 2286
2243 2516
2244 694
2245 977
2246 2475
2247 1704
2248 1805
2249 2147
2250 171
2251 1865
2252 2103
2253 2192
2254 977
2255 849
2256 1040
2257 2373
2258 2463
2259 1869
2260 2647
2261 1421
2262 163
2263 549
2264 61
2265 1014
2266 2256
2267 632
2268 2515
2269 2307
2270 784
2271 262
2272 662
2273 1743
2274 1926
2275 2667
2276 1807
2277 1801
2278 456
2279 686
2280 118
2281 2196
2282 2529
2283 266
2284 1350
2285 901
2286 1505
2287 166
2288 2488
2289 2557
2290 2479
2291 608
2292 2696
2293 2105
2294 2035
2295 96
2296 929
2297 1803
2298 300
2299 218
2300 2023
2301 1426
2302 1255
2303 827
2304 738
2305 2410
2306 861
2307 1917
2308 1777
2309 739
2310 1923
2311 1752
2312 1391
2313 781
2314 183
2315 513
2316 2591
2317 757
2318 2134
2319 2132
2320 391
2321 2451
2322 2082
2323 1575
2324 496
2325 2640
2326 2203
2327 2171
2328 1644
2329 747
2330 1578
2331 2568
2332 2381
2333 2115
2334 2002
2335 773
2336 214
2337 990
2338 2550
2339 934
2340 1406
2341 715
2342 1384
2343 866
2344 2163
2345 490
2346 2651
2347 613
2348 1330
2349 450
2350 1520
2351 2169
2352 725
2353 1657
2354 1478
2355 1827
2356 2717
2357 148
2358 585
2359 2290
2360 1887
2361 535
2362 949
2363 2281
2364 1120
2365 1716
2366 1478
2367 304
2368 188
2369 410
2370 1671
2371 108
2372 2564
2373 1638
2374 475
2375 2388
2376 954
2377 7
2378 2397
2379 800
2380 1854
2381 25
2382 1789
2383 609
2384 1125
2385 2569
2386 349
2387 794
2388 1204
2389 2652
2390 562
2391 787
2392 949
2393 2210
2394 65
2395 2434
2396 692
2397 1606
2398 764
2399 766
2400 331
2401 2293
2402 2570
2403 2412
2404 162
2405 2490
2406 865
2407 1028
2408 1400
2409 2427
2410 2667
2411 646
2412 2176
2413 1066
2414 1846
2415 2064
2416 1801
2417 455
2418 1407
2419 976
2420 1763
2421 2265
2422 1771
2423 106
2424 164
2425 1811
2426 1145
2427 2513
2428 287
2429 2654
2430 641
2431 2289
2432 2504
2433 960
2434 1456
2435 1267
2436 2511
2437 950
2438 2709
2439 1273
2440 2054
2441 786
2442 1652
2443 966
2444 934
2445 1767
2446 1343
2447 1860
2448 1807
2449 1643
2450 2154
2451 736
2452 596
2453 1005
2454 547
2455 2485
2456 2125
2457 1179
2458 1407
2459 2020
2460 1720
2461 686
2462 542
2463 1717
2464 1161
2465 2266
2466 599
2467 2452
2468 2692
2469 433
2470 984
2471 2607
2472 205
2473 507
2474 1404
2475 1957
2476 1146
2477 2356
2478 106
2479 2561
2480 297
2481 1802
2482 999
2483 95
2484 78
2485 2087
2486 1699
2487 745
2488 1108
2489 368
2490 368
2491 335
2492 1806
2493 2524
2494 1232
2495 2479
2496 1200
2497 1146
2498 1890
2499 770
2500 1655
2501 2104
2502 1220
2503 286
2504 1653
2505 696
2506 2408
2507 116
2508 2687
2509 2163
2510 667
2511 422
2512 1241
2513 634
2514 2299
2515 1609
2516 80
2517 353
2518 871
2519 2405
2520 2493
2521 1153
2522 1347
2523 430
2524 664
2525 797
2526 640
2527 2711
2528 928
2529 1652
2530 2462
2531 2280
2532 2417
2533 1119
2534 46
2535 2428
2536 2197
2537 1586
2538 725
2539 2604
2540 1788
2541 2191
2542 1813
2543 552
2544 673
2545 2669
2546 280
2547 1008
2548 1497
2549 2044
2550 546
2551 2502
2552 2084
2553 598
2554 270
2555 2274
2556 342
2557 87
2558 1130
2559 2205
2560 556
2561 2281
2562 2117
2563 2651
2564 564
2565 2317
2566 2257
2567 743
2568 2619
2569 1176
2570 2241
2571 2176
2572 2423
2573 59
2574 2118
2575 982
2576 413
2577 1009
2578 2396
2579 1372
2580 751
2581 2458
2582 30
2583 162
2584 2348
2585 1216
2586 1499
2587 2357
2588 1828
2589 1859
2590 747
2591 471
2592 1361
2593 324
2594 779
2595 737
2596 1176
2597 1058
2598 14
2599 192
2600 1289
2601 1482
2602 1832
2603 2717
2604 2312
2605 738
2606 1920
2607 712
2608 2460
2609 1419
2610 1262
2611 1316
2612 787
2613 963
2614 868
2615 412
2616 825
2617 2055
2618 2584
2619 1586
2620 1281
2621 175
2622 414
2623 1339
2624 221
2625 611
2626 671
2627 2085
2628 2347
2629 1708
2630 1570
2631 2697
2632 2202
2633 284
2634 367
2635 256
2636 830
2637 295
2638 2389
2639 2402
2640 1708
2641 126
2642 1652
2643 1900
2644 1104
2645 1706
2646 42
2647 1520
2648 231
2649 1087
2650 1909
2651 2116
2652 446
2653 743
2654 1830
2655 1312
2656 1036
2657 1669
2658 512
2659 503
2660 760
2661 224
2662 2444
2663 1933
2664 377
2665 893
2666 1444
2667 204
2668 419
2669 1509
2670 2336
2671 2646
2672 1602
2673 2633
2674 650
2675 2107
2676 11
2677 715
2678 77
2679 1445
2680 1591
2681 277
2682 2120
2683 298
2684 619
2685 920
2686 1994
2687 2465
2688 234
2689 1116
2690 973
2691 119
2692 1510
2693 1818
2694 1466
2695 76
2696 1445
2697 1501
2698 149
2699 2246
2700 1883
2701 2057
2702 425
2703 1045
2704 2088
2705 514
2706 835
2707 2555
2708 2537
2709 179
2710 2142
2711 933
2712 1908
2713 1925
2714 467
2715 1146
2716 2546
2717 1789
2718 860
2719 1635
2720 1070
2721 1956
2722 2022
2723 2225
2724 1698
2725 2066
2726 1107
0 2200
1 1364
2 1295
3 1242
4 1534
5 2537
6 1815
7 720
8 353
9 1837
10 1170
11 1867
12 1531
13 1402
14 1028
15 261
16 1088
17 657
18 1318
19 968
20 160
21 2008
22 2178
23 39
24 825
25 216
26 2298
27 1981
28 1389
29 176
30 2507
31 1652
32 1228
33 1367
34 745
35 0
36 1034
37 2067
38 2584
39 1325
40 1406
41 2473
42 931
43 2257
44 288
45 666
46 1306
47 430
48 2182
49 311
50 2175
51 2557
52 2155
53 486
54 2155
55 269
56 1402
57 817
58 1483
59 1555
60 411
61 1819
62 2385
63 1250
64 2113
65 1659
66 1015
67 2708
68 75
69 1357
70 565
71 94
72 1806
73 1266
74 581
75 1135
76 1884
77 158
78 2413
79 1221
80 771
81 1861
82 616
83 1606
84 372
85 923
86 1076
87 1938
88 277
89 2567
90 2085
91 0
92 761
93 2546
94 2121
95 1918
96 268
97 2666
98 99
99 183
100 119
101 1305
102 507
103 1945
104 681
105 2081
106 1035
107 2526
108 720
109 2140
110 372
111 98
112 485
113 131
114 1851
115 1465
116 1582
117 688
118 186
119 2418
120 2466
121 2100
122 1385
123 709
124 2095
125 1747
126 858
127 1039
128 924
129 606
130 1256
131 972
132 510
133 308
134 2221
135 218
136 1053
137 1818
138 1549
139 947
140 1326
141 1663
142 2175
143 1468
144 1460
145 37
146 2538
147 1063
148 757
149 2621
150 632
151 1701
152 2173
153 2251
154 753
155 1673
156 76
157 429
158 1681
159 272
160 1530
161 1649
162 62
163 1718
164 2002
165 2003
166 1696
167 2394
168 1559
169 2129
170 48
171 1139
172 1668
173 1133
174 2439
175 1361
176 1893
177 1028
178 25
179 426
180 2346
181 2199
182 594
183 1670
184 1195
185 1260
186 969
187 1335
188 972
189 1627
190 382
191 381
192 2235
193 2504
194 2442
195 1586
196 1
197 1631
198 1117
199 766
200 2317
201 984
202 764
203 822
204 1713
205 645
206 456
207 2217
208 1500
209 1574
210 661
211 781
212 110
213 1978
214 987
215 1169
216 2202
217 37
218 2562
219 433
220 2154
221 1079
222 1097
223 1932
224 1384
225 1742
226 201
227 163
228 148
229 703
230 2013
231 812
232 749
233 2268
234 2072
235 1965
236 1861
237 1895
238 1491
239 1243
240 2171
241 2171
242 1003
243 1088
244 1687
245 2368
246 2574
247 809
248 1771
249 1373
250 1762
251 2533
252 1922
253 1693
254 720
255 306
256 2681
257 1264
258 152
259 900
260 1958
261 2717
262 2032
263 1836
264 1399
265 1610
266 349
267 1918
268 1302
269 2496
270 591
271 1197
272 115
273 343
274 937
275 2648
276 743
277 250
278 1830
279 2242
280 2538
281 1280
282 2326
283 1540
284 2290
285 933
286 657
287 228
288 1824
289 1077
290 452
291 1169
292 1938
293 167
294 1937
295 1508
296 1749
297 530
298 2259
299 1869
300 545
301 1828
302 163
303 53
304 1574
305 1703
306 2533
307 1115
308 2555
309 1474
310 101
311 1375
312 1360
313 1340
314 1956
315 962
316 259
317 799
318 2172
319 2073
320 1013
321 2092
322 364
323 320
324 658
325 1646
326 333
327 1950
328 1181
329 1850
330 13
331 498
332 2608
333 2469
334 2018
335 1630
336 2532
337 2353
338 815
339 1302
340 2513
341 2233
342 750
343 773
344 2192
345 1626
346 345
347 1718
348 1988
349 2472
350 2312
351 686
352 2596
353 1118
354 2128
355 329
356 199
357 1877
358 2658
359 732
360 1351
361 75
362 1704
363 912
364 1787
365 2189
366 1805
367 2310
368 43
369 2276
370 647
371 642
372 916
373 1208
374 230
375 2314
376 978
377 2403
378 68
379 2096
380 1943
381 2259
382 1720
383 652
384 2701
385 1375
386 174
387 657
388 426
389 1041
390 2485
391 2323
392 1952
393 2183
394 1488
395 634
396 758
397 1956
398 947
399 461
400 2404
401 1985
402 1869
403 525
404 176
405 2218
406 1200
407 2352
408 53
409 2688
410 1849
411 740
412 1401
413 1388
414 917
415 1319
416 991
417 204
418 867
419 2163
420 416
421 1658
422 1982
423 1047
424 1641
425 1971
426 865
427 235
428 1382
429 716
430 1093
431 1814
432 283
433 864
434 76
435 1604
436 1141
437 2558
438 1624
439 602
440 1868
441 2642
442 1613
443 155
444 489
445 486
446 900
447 1548
448 174
449 1350
450 1296
451 884
452 1492
453 689
454 2331
455 1041
456 711
457 1631
458 1245
459 867
460 1323
461 280
462 1477
463 2165
464 147
465 2335
466 2137
467 1568
468 2443
469 78
470 2575
471 1887
472 213
473 960
474 1370
475 1065
476 1062
477 29
478 2596
479 883
480 1750
481 1536
482 811
483 1094
484 2133
485 453
486 1703
487 482
488 2681
489 265
490 1662
491 888
492 688
493 842
494 816
495 394
496 287
497 335
498 2191
499 1128
500 200
501 1777
502 2037
503 283
504 2105
505 2658
506 126
507 2426
508 368
509 1919
510 1234
511 628
512 1788
513 2303
514 1695
515 2271
516 777
517 1617
518 2354
519 1042
520 1103
521 1343
522 1881
523 463
524 1206
525 105
526 1847
527 2529
528 636
529 926
530 2185
531 757
532 1493
533 1080
534 360
535 2306
536 1596
537 2125
538 1119
539 429
540 942
541 275
542 1416
543 1672
544 1361
545 2710
546 432
547 2375
548 2199
549 1465
550 2195
551 1560
552 440
553 438
554 1554
555 1347
556 1767
557 2500
558 1874
559 2155
560 2498
561 2279
562 1288
563 2363
564 769
565 896
566 1505
567 576
568 147
569 2442
570 1982
571 1694
572 467
573 2507
574 41
575 1521
576 870
577 1313
578 2645
579 2018
580 1990
581 417
582 1229
583 1018
584 1501
585 2336
586 359
587 914
588 99
589 1694
590 363
591 503
592 2711
593 2288
594 730
595 2680
596 1182
597 2231
598 2024
599 1033
600 1962
601 2100
602 2592
603 1150
604 492
605 1836
606 1722
607 1537
608 534
609 2671
610 149
611 2600
612 2398
613 2109
614 2420
615 2585
616 2006
617 2279
618 415
619 2685
620 2511
621 2322
622 267
623 1092
624 2458
625 763
626 244
627 1204
628 1304
629 137
630 1640
631 900
632 1211
633 1915
634 2568
635 1153
636 1299
637 1045
638 1713
639 639
640 1599
641 245
642 2265
643 1030
644 2011
645 2571
646 828
647 704
648 379
649 996
650 595
651 2086
652 1031
653 1032
654 2080
655 1111
656 391
657 366
658 652
659 2052
660 1182
661 2260
662 1779
663 2324
664 1381
665 774
666 679
667 886
668 2053
669 1594
670 2445
671 176
672 1328
673 371
674 1661
675 2034
676 1400
677 1149
678 739
679 929
680 326
681 1282
682 158
683 1838
684 820
685 2475
686 2480
687 1693
688 382
689 819
690 1793
691 1302
692 2429
693 1526
694 2082
695 1298
696 2059
697 210
698 2621
699 2459
700 2155
701 2164
702 1180
703 2463
704 1735
705 845
706 991
707 1274
708 168
709 185
710 1499
711 2342
712 1232
713 1866
714 2358
715 2523
716 900
717 1447
718 8
719 895
720 1072
721 1607
722 356
723 2380
724 1308
725 1328
726 462
727 70
728 664
729 1848
730 2105
731 1420
732 1994
733 2266
734 188
735 157
736 2068
737 472
738 609
739 728
740 2244
741 1580
742 768
743 289
744 1138
745 132
746 737
747 1620
748 1962
749 277
750 328
751 1713
752 2193
753 821
754 1178
755 1843
756 2054
757 962
758 602
759 1899
760 2621
761 1554
762 1416
763 1915
764 1218
765 2315
766 1555
767 678
768 1634
769 1109
770 90
771 2245
772 1092
773 1369
774 1259
775 84
776 622
777 655
778 111
779 1281
780 2542
781 543
782 1778
783 1398
784 993
785 1583
786 1325
787 1893
788 754
789 43
790 2141
791 2556
792 1441
793 1931
794 2622
795 1670
796 971
797 2016
798 29
799 1643
800 2595
801 144
802 1602
803 1181
804 135
805 2216
806 1952
807 544
808 1384
809 1753
810 2626
811 274
812 2298
813 2579
814 2668
815 1904
816 1363
817 1965
818 1068
819 560
820 2544
821 2012
822 559
823 2093
824 2112
825 1777
826 803
827 671
828 774
829 825
830 366
831 90
832 1741
833 517
834 160
835 752
836 1411
837 1469
838 1954
839 179
840 1898
841 1981
842 1177
843 2101
844 933
845 1051
846 2673
847 748
848 513
849 1266
850 755
851 2447
852 1488
853 521
854 1861
855 1562
856 2407
857 1324
858 343
859 1332
860 1701
861 806
862 1765
863 1251
864 240
865 1142
866 1005
867 1555
868 498
869 2470
870 1915
871 2238
872 785
873 2592
874 267
875 2549
876 1359
877 2715
878 1223
879 2651
880 1222
881 1359
882 657
883 2239
884 99
885 2087
886 2448
887 444
888 845
889 2102
890 2433
891 34
892 1009
893 967
894 27
895 2329
896 1122
897 1686
898 1421
899 1288
900 2015
901 854
902 1171
903 246
904 705
905 1049
906 2201
907 1097
908 426
909 240
910 1488
911 177
912 1469
913 1494
914 1344
915 29
916 2631
917 15
918 2156
919 1675
920 12
921 1988
922 2235
923 1236
924 2275
925 414
926 2101
927 1000
928 2644
929 1327
930 1366
931 1757
932 2181
933 667
934 1358
935 2033
936 861
937 273
938 1854
939 1320
940 1576
941 492
942 2705
943 595
944 15
945 2421
946 1569
947 2635
948 1804
949 1852
950 2473
951 1999
952 515
953 746
954 470
955 1565
956 361
957 1911
958 1186
959 2020
960 1969
961 2381
962 1970
963 729
964 643
965 2520
966 1829
967 851
968 1234
969 1341
970 2573
971 1707
972 33
973 2302
974 1573
975 643
976 830
977 31
978 167
979 1434
980 336
981 1960
982 1451
983 1527
984 2613
985 408
986 1428
987 215
988 1703
989 2151
990 343
991 2392
992 738
993 81
994 2049
995 2042
996 1575
997 2649
998 723
999 958
1000 469
1001 1395
1002 2597
1003 2373
1004 764
1005 1179
1006 2121
1007 1237
1008 2302
1009 2261
1010 1082
1011 140
1012 1283
1013 1142
1014 222
1015 1372
1016 364
1017 2425
1018 2467
1019 1169
1020 1434
1021 1725
1022 1386
1023 2331
1024 1568
1025 2239
1026 939
1027 2014
1028 2276
1029 810
1030 2047
1031 1983
1032 1026
1033 2085
1034 2031
1035 1833
1036 2366
1037 1766
1038 2127
1039 1595
1040 1215
1041 569
1042 1672
1043 672
1044 2622
1045 1396
1046 2215
1047 51
1048 24
1049 1971
1050 764
1051 988
1052 1508
1053 1846
1054 1270
1055 173
1056 535
1057 2036
1058 1576
1059 2307
1060 898
1061 79
1062 1603
1063 1466
1064 2211
1065 539
1066 400
1067 269
1068 721
1069 1840
1070 1304
1071 2114
1072 2443
1073 2715
1074 1277
1075 884
1076 1552
1077 1251
1078 1329
1079 1922
1080 2697
1081 930
1082 343
1083 918
1084 2269
1085 2684
1086 1275
1087 2136
1088 1198
1089 2280
1090 267
1091 2303
1092 2638
1093 1293
1094 1048
1095 1920
1096 2671
1097 281
1098 2374
1099 2024
1100 552
1101 1999
1102 1484
1103 1720
1104 2086
1105 982
1106 1430
1107 1877
1108 218
1109 573
1110 29
1111 1179
1112 2159
1113 1032
1114 2576
1115 1362
1116 372
1117 770
1118 357
1119 201
1120 694
1121 1040
1122 47
1123 2262
1124 1769
1125 2580
1126 1970
1127 464
1128 2166
1129 922
1130 2333
1131 10
1132 1554
1133 177
1134 411
1135 565
1136 1689
1137 120
1138 526
1139 1055
1140 94
1141 1212
1142 2263
1143 329
1144 752
1145 1887
1146 677
1147 1220
1148 2267
1149 2616
1150 2656
1151 27
1152 621
1153 377
1154 1596
1155 2127
1156 1086
1157 162
1158 1443
1159 761
1160 1780
1161 830
1162 659
1163 1662
1164 1162
1165 653
1166 987
1167 2579
1168 1484
1169 688
1170 209
1171 247
1172 1364
1173 576
1174 1357
1175 711
1176 1585
1177 2601
1178 654
1179 673
1180 1922
1181 335
1182 44
1183 1852
1184 699
1185 298
1186 1891
1187 1402
1188 1982
1189 154
1190 2425
1191 1416
1192 913
1193 8
1194 728
1195 75
1196 16
1197 1490
1198 1005
1199 1502
1200 546
1201 1437
1202 1181
1203 501
1204 656
1205 2065
1206 1668
1207 1591
1208 1245
1209 1799
1210 1907
1211 1163
1212 2085
1213 1051
1214 933
1215 1823
1216 2513
1217 413
1218 1856
1219 1545
1220 2141
1221 1633
1222 2557
1223 916
1224 643
1225 787
1226 1594
1227 1353
1228 2206
1229 161
1230 2665
1231 1206
1232 2618
1233 952
1234 2383
1235 695
1236 1940
1237 1766
1238 519
1239 883
1240 2040
1241 149
1242 1644
1243 408
1244 2011
1245 2017
1246 1794
1247 1463
1248 172
1249 1247
1250 2641
1251 1715
1252 1567
1253 1186
1254 583
1255 1669
1256 1950
1257 1652
1258 2663
1259 432
1260 1875
1261 1920
1262 600
1263 796
1264 792
1265 1041
1266 2310
1267 2070
1268 512
1269 1434
1270 907
1271 353
1272 2303
1273 1329
1274 380
1275 2680
1276 250
1277 1977
1278 273
1279 1189
1280 1321
1281 1562
1282 1174
1283 822
1284 837
1285 2193
1286 303
1287 2358
1288 1272
1289 1964
1290 421
1291 900
1292 281
1293 2456
1294 302
1295 1343
1296 909
1297 2273
1298 316
1299 1747
1300 914
1301 1943
1302 2674
1303 1306
1304 265
1305 1321
1306 225
1307 1715
1308 888
1309 803
1310 2617
1311 1640
1312 2688
1313 1023
1314 801
1315 2331
1316 55
1317 1744
1318 1323
1319 1184
1320 1902
1321 1054
1322 2120
1323 2621
1324 1958
1325 726
1326 920
1327 1711
1328 1301
1329 77
1330 2044
1331 2091
1332 595
1333 2553
1334 2689
1335 1022
1336 927
1337 2420
1338 1231
1339 2223
1340 2025
1341 2095
1342 1125
1343 2716
1344 920
1345 2075
1346 1832
1347 116
1348 1777
1349 2449
1350 1896
1351 1434
1352 1787
1353 1351
1354 203
1355 2411
1356 1725
1357 2131
1358 773
1359 2598
1360 1023
1361 461
1362 722
1363 429
1364 2692
1365 154
1366 1704
1367 1131
1368 1813
1369 353
1370 110
1371 472
1372 1671
1373 900
1374 844
1375 48
1376 263
1377 306
1378 2316
1379 2266
1380 2491
1381 1492
1382 2383
1383 851
1384 360
1385 2652
1386 2243
1387 160
1388 2281
1389 1776
1390 1784
1391 962
1392 1771
1393 360
1394 2027
1395 1019
1396 1196
1397 60
1398 908
1399 741
1400 1629
1401 2669
1402 134
1403 2272
1404 2100
1405 1646
1406 714
1407 2217
1408 1562
1409 2153
1410 2159
1411 2083
1412 1645
1413 2330
1414 1217
1415 774
1416 872
1417 596
1418 1058
1419 305
1420 88
1421 1990
1422 187
1423 950
1424 2532
1425 2226
1426 1864
1427 2329
1428 145
1429 2227
1430 1521
1431 657
1432 1943
1433 942
1434 185
1435 949
1436 2
1437 1420
1438 1083
1439 475
1440 1550
1441 2051
1442 396
1443 1267
1444 2714
1445 1223
1446 915
1447 782
1448 26
1449 2240
1450 622
1451 2616
1452 2047
1453 825
1454 1025
1455 272
1456 1240
1457 2116
1458 775
1459 1627
1460 2403
1461 1115
1462 252
1463 2285
1464 2378
1465 1789
1466 1591
1467 1375
1468 1870
1469 264
1470 915
1471 524
1472 2551
1473 2684
1474 1792
1475 2158
1476 1217
1477 2335
1478 1953
1479 781
1480 432
1481 1731
1482 516
1483 38
1484 1232
1485 1318
1486 2253
1487 1006
1488 1936
1489 1923
1490 898
1491 852
1492 604
1493 1090
1494 1352
1495 1393
1496 409
1497 417
1498 1410
1499 1989
1500 740
1501 291
1502 1269
1503 319
1504 298
1505 24
1506 582
1507 2611
1508 908
1509 2184
1510 1566
1511 2280
1512 2459
1513 2620
1514 1909
1515 1065
1516 601
1517 231
1518 567
1519 1724
1520 1720
1521 397
1522 1594
1523 2075
1524 2147
1525 2473
1526 917
1527 2193
1528 177
1529 1947
1530 2588
1531 142
1532 1058
1533 612
1534 58
1535 188
1536 1906
1537 4
1538 2055
1539 702
1540 2638
1541 2602
1542 1566
1543 1288
1544 762
1545 2502
1546 871
1547 1269
1548 70
1549 2627
1550 1726
1551 2625
1552 1330
1553 2113
1554 1500
1555 1065
1556 15
1557 57
1558 1596
1559 2067
1560 924
1561 2067
1562 1637
1563 2103
1564 949
1565 638
1566 1607
1567 694
1568 1547
1569 308
1570 1095
1571 1337
1572 2188
1573 2004
1574 1446
1575 1276
1576 579
1577 2696
1578 1482
1579 2276
1580 1569
1581 1973
1582 2318
1583 681
1584 154
1585 1764
1586 2101
1587 799
1588 1219
1589 1034
1590 2623
1591 378
1592 567
1593 338
1594 2493
1595 481
1596 330
1597 548
1598 527
1599 1217
1600 2445
1601 6
1602 911
1603 2054
1604 179
1605 1484
1606 192
1607 2556
1608 2122
1609 1449
1610 2505
1611 1669
1612 1208
1613 1143
1614 2071
1615 950
1616 2025
1617 1549
1618 2639
1619 814
1620 715
1621 900
1622 433
1623 2266
1624 533
1625 1665
1626 499
1627 2359
1628 478
1629 1020
1630 2081
1631 1521
1632 475
1633 783
1634 667
1635 946
1636 2272
1637 1907
1638 306
1639 573
1640 1482
1641 198
1642 182
1643 2553
1644 774
1645 2159
1646 2337
1647 2211
1648 338
1649 971
1650 914
1651 2202
1652 2220
1653 2643
1654 1354
1655 1497
1656 1951
1657 464
1658 274
1659 1709
1660 1090
1661 1968
1662 1482
1663 1318
1664 1367
1665 1024
1666 1928
1667 1469
1668 1496
1669 2261
1670 2156
1671 424
1672 1682
1673 1270
1674 291
1675 610
1676 1079
1677 226
1678 2061
1679 1036
1680 983
1681 2132
1682 2709
1683 233
1684 1857
1685 2351
1686 1168
1687 2636
1688 683
1689 996
1690 1057
1691 18
1692 2302
1693 1179
1694 365
1695 2663
1696 1813
1697 1036
1698 2460
1699 1282
1700 720
1701 2165
1702 795
1703 933
1704 1411
1705 6
1706 1332
1707 125
1708 1079
1709 622
1710 2516
1711 2066
1712 2347
1713 230
1714 1676
1715 1103
1716 1893
1717 1029
1718 1558
1719 1991
1720 457
1721 277
1722 2435
1723 1405
1724 1529
1725 2099
1726 2362
1727 649
1728 924
1729 2134
1730 1703
1731 2688
1732 928
1733 665
1734 504
1735 2045
1736 147
1737 860
1738 2679
1739 2279
1740 2462
1741 2292
1742 1784
1743 1677
1744 2128
1745 2223
1746 2577
1747 1869
1748 2244
1749 1554
1750 1097
1751 1740
1752 1405
1753 1478
1754 2641
1755 2358
1756 659
1757 2172
1758 552
1759 1909
1760 2650
1761 358
1762 797
1763 2419
1764 2117
1765 194
1766 2113
1767 135
1768 2061
1769 1657
1770 1060
1771 1561
1772 58
1773 652
1774 2149
1775 2306
1776 1585
1777 1710
1778 2006
1779 2469
1780 1604
1781 1260
1782 1330
1783 451
1784 2385
1785 1496
1786 359
1787 600
1788 2215
1789 1129
1790 2356
1791 1153
1792 1313
1793 383
1794 1265
1795 212
1796 2264
1797 2615
1798 2080
1799 1654
1800 1533
1801 1078
1802 1684
1803 979
1804 684
1805 1112
1806 2049
1807 1648
1808 442
1809 2282
1810 2215
1811 1335
1812 419
1813 997
1814 283
1815 569
1816 1751
1817 1272
1818 1443
1819 1187
1820 358
1821 2586
1822 2670
1823 1855
1824 770
1825 2401
1826 1064
1827 209
1828 2099
1829 260
1830 2098
1831 2643
1832 1813
1833 226
1834 163
1835 2016
1836 101
1837 935
1838 2126
1839 575
1840 400
1841 2109
1842 1183
1843 1768
1844 1919
1845 1124
1846 667
1847 2463
1848 1172
1849 355
1850 309
1851 2725
1852 822
1853 2244
1854 1380
1855 883
1856 631
1857 2160
1858 1534
1859 1164
1860 764
1861 1738
1862 1330
1863 1240
1864 2559
1865 2651
1866 1940
1867 155
1868 592
1869 500
1870 820
1871 1330
1872 1816
1873 1781
1874 2456
1875 2697
1876 112
1877 1224
1878 606
1879 1687
1880 1567
1881 187
1882 244
1883 1683
1884 2512
1885 26
1886 1159
1887 1059
1888 1295
1889 1863
1890 2373
1891 480
1892 1302
1893 1108
1894 1295
1895 1784
1896 290
1897 2037
1898 1662
1899 1783
1900 2657
1901 1962
1902 226
1903 68
1904 540
1905 2178
1906 388
1907 1498
1908 2240
1909 907
1910 1119
1911 1503
1912 2218
1913 543
1914 2466
1915 915
1916 2378
1917 2639
1918 1969
1919 1974
1920 1894
1921 2295
1922 2357
1923 1513
1924 117
1925 1604
1926 1118
1927 1161
1928 1117
1929 490
1930 2077
1931 92
1932 181
1933 2534
1934 1259
1935 1220
1936 2346
1937 1527
1938 2146
1939 552
1940 1481
1941 1332
1942 887
1943 2178
1944 281
1945 2047
1946 2298
1947 2441
1948 1261
1949 2257
1950 58
1951 2106
1952 1530
1953 992
1954 445
1955 2303
1956 969
1957 1483
1958 1706
1959 759
1960 1968
1961 1645
1962 2672
1963 2033
1964 833
1965 739
1966 1904
1967 1222
1968 1499
1969 1686
1970 1792
1971 1920
1972 2044
1973 1837
1974 2433
1975 2430
1976 1708
1977 382
1978 1244
1979 396
1980 414
1981 2184
1982 619
1983 2280
1984 11
1985 1739
1986 717
1987 1793
1988 909
1989 2528
1990 1117
1991 1523
1992 343
1993 2167
1994 365
1995 2331
1996 786
1997 285
1998 241
1999 28
2000 169
2001 884
2002 415
2003 454
2004 1559
2005 526
2006 720
2007 2
2008 585
2009 1769
2010 1914
2011 1434
2012 1532
2013 1930
2014 592
2015 2052
2016 2614
2017 510
2018 972
2019 922
2020 377
2021 1915
2022 2454
2023 2253
2024 2654
2025 1213
2026 1292
2027 2313
2028 2455
2029 2709
2030 2368
2031 282
2032 2640
2033 526
2034 1995
2035 2111
2036 2711
2037 2470
2038 1955
2039 2301
2040 39
2041 890
2042 2698
2043 305
2044 651
2045 1806
2046 472
2047 2713
2048 44
2049 1233
2050 102
2051 893
2052 2032
2053 756
2054 437
2055 570
2056 544
2057 2001
2058 1888
2059 180
2060 2409
2061 163
2062 2028
2063 2617
2064 316
2065 2052
2066 443
2067 2137
2068 2702
2069 965
2070 396
2071 1888
2072 1505
2073 2001
2074 140
2075 1289
2076 1068
2077 709
2078 469
2079 670
2080 1734
2081 1472
2082 1353
2083 2368
2084 2139
2085 1318
2086 884
2087 543
2088 75
2089 172
2090 796
2091 373
2092 162
2093 1410
2094 2160
2095 952
2096 1794
2097 2263
2098 569
2099 1019
2100 421
2101 2344
2102 1822
2103 2353
2104 2670
2105 404
2106 2154
2107 1108
2108 2001
2109 410
2110 1308
2111 1201
2112 1283
2113 1424
2114 1746
2115 1584
2116 637
2117 92
2118 2465
2119 1773
2120 1054
2121 2103
2122 2311
2123 1211
2124 363
2125 2254
2126 1475
2127 1166
2128 2457
2129 2257
2130 2629
2131 2609
2132 2221
2133 2607
2134 717
2135 986
2136 2236
2137 233
2138 2148
2139 241
2140 1036
2141 2215
2142 1363
2143 1447
2144 857
2145 2469
2146 2108
2147 1072
2148 691
2149 75
2150 1166
2151 2272
2152 766
2153 1507
2154 1849
2155 2305
2156 876
2157 1418
2158 872
2159 2304
2160 1561
2161 2061
2162 1300
2163 106
2164 117
2165 788
2166 1024
2167 2272
2168 1071
2169 1881
2170 2162
2171 63
2172 166
2173 128
2174 1390
2175 1602
2176 192
2177 162
2178 443
2179 1360
2180 749
2181 1736
2182 1509
2183 1335
2184 65
2185 2648
2186 782
2187 2567
2188 641
2189 1326
2190 916
2191 1206
2192 1667
2193 512
2194 153
2195 297
2196 2464
2197 1438
2198 1037
2199 482
2200 124
2201 540
2202 2400
2203 1036
2204 2231
2205 2372
2206 596
2207 2707
2208 2655
2209 2413
2210 1782
2211 1911
2212 2366
2213 138
2214 1263
2215 2411
2216 589
2217 435
2218 227
2219 2348
2220 1838
2221 653
2222 633
2223 837
2224 2470
2225 2406
2226 2380
2227 770
2228 2073
2229 81
2230 711
2231 632
2232 936
2233 2500
2234 770
2235 2347
2236 1911
2237 1264
2238 2175
2239 100
2240 1569
2241 2070
2242 254
2243 123
2244 694
2245 977
2246 2475
2247 1704
2248 2070
2249 1968
2250 1164
2251 1865
2252 1000
2253 272
2254 977
2255 849
2256 567
2257 2373
2258 2463
2259 1869
2260 2593
2261 740
2262 600
2263 567
2264 1755
2265 1014
2266 234
2267 632
2268 2515
2269 2103
2270 784
2271 2018
2272 2229
2273 1743
2274 1814
2275 1744
2276 1807
2277 1801
2278 456
2279 686
2280 118
2281 2196
2282 2529
2283 502
2284 1350
2285 901
2286 2620
2287 166
2288 2488
2289 2557
2290 1766
2291 608
2292 2696
2293 2367
2294 2035
2295 96
2296 929
2297 2372
2298 2571
2299 492
2300 1134
2301 414
2302 1004
2303 2442
2304 173
2305 2117
2306 861
2307 1917
2308 806
2309 739
2310 2384
2311 1337
2312 1391
2313 207
2314 2044
2315 390
2316 2591
2317 757
2318 1216
2319 2553
2320 2092
2321 1259
2322 2177
2323 960
2324 1174
2325 2640
2326 1624
2327 2171
2328 392
2329 445
2330 1578
2331 1840
2332 1045
2333 447
2334 1059
2335 176
2336 267
2337 1611
2338 640
2339 206
2340 939
2341 1509
2342 1278
2343 2709
2344 2163
2345 1732
2346 2651
2347 613
2348 2241
2349 450
2350 2484
2351 2169
2352 725
2353 1042
2354 999
2355 1827
2356 2717
2357 1272
2358 847
2359 2290
2360 1339
2361 1526
2362 949
2363 486
2364 2372
2365 1716
2366 1981
2367 2574
2368 1319
2369 2211
2370 1671
2371 280
2372 2564
2373 768
2374 2106
2375 2070
2376 954
2377 2190
2378 601
2379 1408
2380 1854
2381 655
2382 2698
2383 609
2384 2439
2385 1775
2386 349
2387 794
2388 2390
2389 1865
2390 2517
2391 787
2392 949
2393 845
2394 65
2395 317
2396 2129
2397 913
2398 404
2399 766
2400 573
2401 591
2402 1869
2403 2412
2404 162
2405 1117
2406 335
2407 1028
2408 1400
2409 558
2410 716
2411 2692
2412 692
2413 532
2414 1846
2415 2064
2416 364
2417 1622
2418 1407
2419 976
2420 1763
2421 2385
2422 514
2423 2091
2424 164
2425 522
2426 142
2427 1868
2428 287
2429 2654
2430 1210
2431 2289
2432 477
2433 1169
2434 1422
2435 2079
2436 2339
2437 2422
2438 1583
2439 2477
2440 2054
2441 786
2442 2458
2443 2538
2444 934
2445 1543
2446 685
2447 1860
2448 1737
2449 1643
2450 1115
2451 12
2452 2148
2453 2071
2454 547
2455 2485
2456 2402
2457 2485
2458 2554
2459 2020
2460 1720
2461 691
2462 542
2463 1393
2464 965
2465 2266
2466 1480
2467 2452
2468 2692
2469 1007
2470 2287
2471 2607
2472 205
2473 1920
2474 45
2475 1815
2476 671
2477 2356
2478 544
2479 2561
2480 297
2481 1802
2482 999
2483 95
2484 403
2485 1144
2486 1312
2487 1039
2488 1137
2489 9
2490 368
2491 2607
2492 2065
2493 1023
2494 1232
2495 1652
2496 416
2497 1070
2498 1890
2499 931
2500 1655
2501 2104
2502 1220
2503 2477
2504 2383
2505 42
2506 2658
2507 1630
2508 1514
2509 2163
2510 601
2511 422
2512 2154
2513 1227
2514 2199
2515 1378
2516 1707
2517 2501
2518 1683
2519 966
2520 2493
2521 1153
2522 1097
2523 825
2524 1473
2525 1327
2526 640
2527 2711
2528 2463
2529 1652
2530 858
2531 2280
2532 2040
2533 2224
2534 46
2535 2043
2536 2197
2537 812
2538 1928
2539 2221
2540 1788
2541 2191
2542 1813
2543 552
2544 673
2545 2669
2546 280
2547 2011
2548 1965
2549 2044
2550 919
2551 2502
2552 190
2553 598
2554 270
2555 1234
2556 342
2557 1120
2558 395
2559 1709
2560 1239
2561 2281
2562 2287
2563 2523
2564 422
2565 2317
2566 1293
2567 101
2568 2330
2569 1176
2570 932
2571 2176
2572 2423
2573 2477
2574 583
2575 1738
2576 1791
2577 1009
2578 1807
2579 1372
2580 527
2581 2071
2582 30
2583 678
2584 2348
2585 258
2586 1499
2587 2162
2588 622
2589 1859
2590 889
2591 73
2592 1361
2593 324
2594 779
2595 737
2596 1176
2597 1058
2598 921
2599 192
2600 1289
2601 2676
2602 1832
2603 2627
2604 2312
2605 2150
2606 661
2607 2445
2608 2696
2609 1419
2610 1985
2611 1316
2612 787
2613 2007
2614 868
2615 412
2616 1678
2617 810
2618 2356
2619 1586
2620 1281
2621 175
2622 414
2623 670
2624 682
2625 166
2626 41
2627 1392
2628 2694
2629 1708
2630 1791
2631 2697
2632 2432
2633 284
2634 2232
2635 1202
2636 830
2637 1929
2638 158
2639 2452
2640 188
2641 126
2642 1652
2643 1900
2644 1445
2645 1706
2646 42
2647 1156
2648 852
2649 2156
2650 1909
2651 1473
2652 1221
2653 1837
2654 2704
2655 797
2656 2125
2657 1917
2658 2412
2659 503
2660 135
2661 72
2662 2444
2663 1933
2664 1710
2665 1798
2666 42
2667 204
2668 419
2669 2420
2670 2676
2671 1078
2672 2384
2673 466
2674 564
2675 2284
2676 2610
2677 715
2678 2399
2679 1445
2680 1591
2681 1285
2682 1949
2683 1676
2684 267
2685 920
2686 1480
2687 1525
2688 1715
2689 2076
2690 2462
2691 119
2692 1558
2693 1050
2694 1438
2695 446
2696 1445
2697 247
2698 149
2699 1066
2700 1004
2701 1499
2702 425
2703 1208
2704 1315
2705 514
2706 835
2707 2461
2708 2537
2709 179
2710 2057
2711 1399
2712 482
2713 2328
2714 446
2715 1218
2716 2357
2717 2445
2718 748
2719 1635
2720 1070
2721 1956
2722 2022
2723 2225
2724 2004
2725 2066
2726 644
