0 593
1 2474
2 1008
3 2406
4 2538
5 923
6 2362
7 544
8 522
9 923
10 1008
11 2326
12 1960
13 2551
14 995
15 1661
16 689
17 367
18 1275
19 2632
20 1620
21 694
22 663
23 1525
24 1698
25 1257
26 1042
27 1645
28 2000
29 1204
30 2313
31 314
32 770
33 2092
34 992
35 841
36 2077
37 2716
38 1181
39 735
40 944
41 2369
42 617
43 2395
44 1551
45 1642
46 1862
47 1902
48 214
49 442
50 1705
51 663
52 1021
53 2374
54 520
55 710
56 1504
57 1289
58 2557
59 2002
60 1707
61 2600
62 2111
63 609
64 550
65 2566
66 1379
67 237
68 680
69 2260
70 224
71 1941
72 1502
73 2690
74 2112
75 2299
76 2290
77 2526
78 1536
79 746
80 1947
81 2193
82 1185
83 2469
84 476
85 1180
86 2363
87 576
88 1870
89 1815
90 1976
91 1908
92 1532
93 602
94 1653
95 2455
96 1313
97 646
98 2374
99 1022
100 817
101 1068
102 1500
103 2620
104 1131
105 1538
106 760
107 2020
108 386
109 824
110 2396
111 1546
112 1489
113 1221
114 2438
115 509
116 261
117 2338
118 240
119 826
120 873
121 248
122 499
123 1605
124 71
125 2611
126 2647
127 524
128 1129
129 671
130 2572
131 102
132 2275
133 1769
134 2272
135 2668
136 2143
137 105
138 714
139 1201
140 137
141 488
142 1312
143 1093
144 2721
145 1934
146 937
147 1334
148 704
149 494
150 892
151 942
152 1384
153 1534
154 1222
155 157
156 149
157 687
158 207
159 1058
160 783
161 178
162 96
163 1888
164 1007
165 2516
166 2091
167 2295
168 2547
169 720
170 1847
171 455
172 1373
173 2490
174 2400
175 802
176 1699
177 975
178 42
179 336
180 262
181 537
182 1364
183 125
184 1138
185 58
186 2620
187 1694
188 2073
189 2255
190 1475
191 346
192 2592
193 1715
194 237
195 1622
196 1509
197 610
198 2139
199 2185
200 1508
201 383
202 194
203 2204
204 2486
205 2378
206 2699
207 1903
208 479
209 1852
210 1470
211 2391
212 949
213 1899
214 1476
215 2645
216 2217
217 584
218 356
219 1686
220 2143
221 947
222 2470
223 1490
224 1346
225 1906
226 2193
227 777
228 2519
229 1182
230 12
231 1808
232 2646
233 63
234 632
235 1124
236 1873
237 1166
238 1853
239 2116
240 2290
241 1154
242 1079
243 1665
244 114
245 39
246 565
247 348
248 1295
249 2471
250 1416
251 1941
252 74
253 2156
254 1309
255 416
256 1164
257 1586
258 1247
259 1756
260 2620
261 1450
262 2667
263 1887
264 1166
265 2594
266 956
267 1677
268 766
269 379
270 2115
271 2439
272 830
273 2203
274 922
275 41
276 444
277 2392
278 2409
279 2023
280 1524
281 1662
282 1946
283 473
284 790
285 449
286 1134
287 1357
288 2383
289 380
290 402
291 2284
292 477
293 833
294 1270
295 1851
296 1211
297 1167
298 406
299 489
300 678
301 2158
302 2507
303 2358
304 2228
305 224
306 853
307 1500
308 1422
309 2099
310 59
311 2649
312 83
313 535
314 872
315 737
316 2088
317 816
318 1868
319 1976
320 1522
321 2589
322 197
323 356
324 780
325 952
326 2049
327 944
328 2679
329 2203
330 222
331 876
332 959
333 1516
334 61
335 2463
336 1036
337 1170
338 373
339 287
340 2608
341 2141
342 2427
343 565
344 1069
345 22
346 614
347 1225
348 1999
349 5
350 2382
351 1582
352 2264
353 2349
354 2358
355 2159
356 82
357 2102
358 410
359 1784
360 1164
361 1938
362 1863
363 1043
364 1253
365 223
366 1886
367 2490
368 880
369 1976
370 1670
371 2614
372 1282
373 1718
374 1014
375 1519
376 2454
377 2704
378 959
379 412
380 1910
381 1816
382 609
383 1302
384 671
385 2032
386 1006
387 1370
388 1457
389 2248
390 975
391 751
392 2295
393 2515
394 2049
395 1480
396 1125
397 760
398 1839
399 1880
400 96
401 426
402 1973
403 385
404 413
405 2085
406 1464
407 653
408 1979
409 442
410 217
411 1630
412 1512
413 2467
414 1360
415 48
416 627
417 2207
418 437
419 79
420 235
421 565
422 1523
423 1733
424 172
425 2449
426 805
427 2691
428 2425
429 1521
430 1433
431 1458
432 561
433 245
434 618
435 1171
436 820
437 1565
438 2301
439 264
440 651
441 1514
442 1243
443 1694
444 627
445 922
446 141
447 1808
448 2112
449 77
450 726
451 61
452 2099
453 119
454 182
455 802
456 2666
457 2214
458 2262
459 1612
460 1003
461 829
462 2501
463 2044
464 1922
465 2383
466 695
467 2277
468 1395
469 990
470 1310
471 1907
472 1029
473 1946
474 1610
475 1222
476 2699
477 2530
478 1632
479 919
480 2245
481 1765
482 1391
483 1559
484 2536
485 1792
486 2635
487 1928
488 1805
489 2029
490 2630
491 2339
492 2573
493 2285
494 15
495 2158
496 402
497 2658
498 1692
499 1559
500 822
501 694
502 2505
503 1763
504 620
505 1310
506 1355
507 2090
508 2550
509 1648
510 2690
511 377
512 3
513 175
514 437
515 1796
516 2360
517 1424
518 863
519 1694
520 2400
521 2270
522 2609
523 408
524 1688
525 2564
526 2724
527 1629
528 1256
529 1202
530 811
531 2415
532 453
533 2070
534 1367
535 2662
536 1458
537 2412
538 518
539 896
540 1977
541 2037
542 291
543 2009
544 2014
545 1944
546 157
547 2679
548 2642
549 1394
550 2275
551 2123
552 1453
553 342
554 573
555 2136
556 1904
557 2184
558 1189
559 709
560 2487
561 57
562 2202
563 155
564 1316
565 932
566 2141
567 1399
568 2027
569 2400
570 2578
571 445
572 1844
573 2477
574 2008
575 2585
576 1532
577 1245
578 2546
579 2057
580 1424
581 1960
582 2252
583 1523
584 585
585 2157
586 2277
587 2286
588 1783
589 2495
590 2681
591 1220
592 499
593 2238
594 2003
595 185
596 108
597 1884
598 1023
599 193
600 536
601 419
602 1689
603 1410
604 1326
605 455
606 1392
607 1594
608 405
609 855
610 1454
611 429
612 2351
613 2722
614 11
615 458
616 24
617 1017
618 1144
619 2391
620 2653
621 1745
622 1090
623 832
624 206
625 579
626 1580
627 2611
628 2475
629 1182
630 1036
631 1069
632 1275
633 1970
634 1911
635 2290
636 688
637 2107
638 651
639 340
640 1538
641 544
642 1969
643 2014
644 1128
645 1042
646 1360
647 2696
648 1104
649 2105
650 1225
651 1658
652 2487
653 1545
654 2392
655 2414
656 530
657 1198
658 2262
659 979
660 1155
661 2189
662 2092
663 825
664 1011
665 854
666 1322
667 2372
668 1577
669 1743
670 2141
671 1635
672 2611
673 2359
674 2658
675 808
676 1428
677 722
678 2472
679 997
680 366
681 453
682 1381
683 119
684 1284
685 183
686 1805
687 683
688 642
689 1982
690 1708
691 2428
692 923
693 1294
694 2415
695 592
696 2517
697 2146
698 1695
699 2611
700 845
701 921
702 2327
703 1035
704 2284
705 66
706 137
707 1666
708 1165
709 729
710 1685
711 1213
712 2626
713 2535
714 1906
715 2572
716 1083
717 791
718 1356
719 258
720 1610
721 599
722 2393
723 1459
724 1985
725 1462
726 1077
727 774
728 128
729 1531
730 2492
731 2492
732 1366
733 1211
734 1988
735 176
736 1091
737 2587
738 233
739 2426
740 2059
741 303
742 766
743 1760
744 1538
745 1194
746 813
747 1137
748 455
749 2335
750 451
751 2596
752 2096
753 1085
754 226
755 1129
756 409
757 1279
758 1639
759 640
760 1355
761 459
762 2108
763 1101
764 2442
765 2362
766 1870
767 1664
768 1426
769 1795
770 2414
771 2465
772 1314
773 1205
774 2131
775 2451
776 992
777 1889
778 2049
779 317
780 345
781 2102
782 2066
783 1273
784 2112
785 333
786 1762
787 2486
788 519
789 838
790 537
791 17
792 43
793 44
794 2084
795 1388
796 2673
797 1450
798 1740
799 369
800 2329
801 113
802 566
803 1051
804 1759
805 425
806 2486
807 2164
808 1763
809 2361
810 2200
811 730
812 2045
813 1534
814 1787
815 1182
816 713
817 695
818 1718
819 2396
820 1548
821 292
822 76
823 1203
824 948
825 409
826 1827
827 1242
828 580
829 757
830 1686
831 260
832 285
833 1423
834 459
835 2167
836 2380
837 1160
838 770
839 847
840 326
841 375
842 2245
843 219
844 1213
845 2305
846 2276
847 1884
848 601
849 344
850 312
851 1742
852 2424
853 1338
854 1841
855 678
856 846
857 1461
858 2388
859 1683
860 916
861 1528
862 392
863 1217
864 1617
865 2156
866 746
867 1083
868 1158
869 2226
870 1627
871 1958
872 1106
873 382
874 92
875 2703
876 2442
877 2123
878 1651
879 1024
880 1180
881 2431
882 2072
883 1602
884 1145
885 1128
886 831
887 2681
888 17
889 948
890 1913
891 1923
892 2521
893 174
894 1389
895 804
896 1412
897 2579
898 1474
899 854
900 2116
901 2491
902 2103
903 2209
904 2483
905 2002
906 2247
907 2291
908 1842
909 506
910 695
911 1208
912 2371
913 2601
914 1323
915 1426
916 623
917 1560
918 1114
919 2352
920 1238
921 1353
922 590
923 1866
924 322
925 2141
926 1607
927 17
928 786
929 195
930 1837
931 474
932 589
933 341
934 1361
935 1299
936 1276
937 2595
938 1102
939 420
940 65
941 1222
942 2380
943 1335
944 1862
945 1172
946 592
947 1430
948 1261
949 2220
950 777
951 1449
952 2196
953 620
954 2533
955 502
956 2402
957 2066
958 61
959 2649
960 655
961 1216
962 2463
963 2561
964 1347
965 1415
966 1701
967 2630
968 285
969 1513
970 1880
971 963
972 1680
973 1328
974 1786
975 1318
976 163
977 254
978 942
979 2464
980 2187
981 1467
982 2394
983 2669
984 2207
985 1262
986 1127
987 252
988 239
989 2437
990 345
991 1915
992 647
993 1741
994 900
995 1517
996 2626
997 2711
998 2303
999 1907
1000 654
1001 186
1002 60
1003 255
1004 2408
1005 825
1006 899
1007 568
1008 1721
1009 1290
1010 1110
1011 1208
1012 2157
1013 746
1014 2630
1015 640
1016 2009
1017 856
1018 2620
1019 108
1020 491
1021 926
1022 2065
1023 1912
1024 919
1025 1712
1026 1985
1027 2047
1028 1533
1029 1057
1030 1894
1031 1320
1032 1494
1033 1302
1034 310
1035 2356
1036 349
1037 502
1038 127
1039 1652
1040 2028
1041 1674
1042 2175
1043 672
1044 2002
1045 1120
1046 1382
1047 123
1048 1116
1049 1726
1050 1035
1051 826
1052 388
1053 2129
1054 1810
1055 1531
1056 2498
1057 2566
1058 383
1059 640
1060 1356
1061 868
1062 1054
1063 1937
1064 1344
1065 2583
1066 1377
1067 1601
1068 1568
1069 1299
1070 2603
1071 2146
1072 2171
1073 279
1074 1864
1075 1383
1076 1817
1077 1511
1078 2318
1079 327
1080 1698
1081 2373
1082 839
1083 258
1084 89
1085 2565
1086 2373
1087 2399
1088 1180
1089 1188
1090 1997
1091 1141
1092 2650
1093 1730
1094 2177
1095 1442
1096 118
1097 1779
1098 2619
1099 1287
1100 511
1101 1979
1102 1271
1103 1025
1104 2632
1105 1321
1106 1628
1107 710
1108 144
1109 2589
1110 1392
1111 1420
1112 1436
1113 513
1114 2651
1115 1684
1116 788
1117 116
1118 1482
1119 2315
1120 808
1121 1835
1122 350
1123 2698
1124 2200
1125 2587
1126 1619
1127 1894
1128 2138
1129 2246
1130 1775
1131 1466
1132 1443
1133 949
1134 1405
1135 1177
1136 699
1137 1530
1138 1572
1139 781
1140 1657
1141 1854
1142 2000
1143 2477
1144 1175
1145 1371
1146 1955
1147 2710
1148 957
1149 1034
1150 1367
1151 1943
1152 1455
1153 1018
1154 1043
1155 228
1156 2211
1157 602
1158 2578
1159 1293
1160 1655
1161 427
1162 853
1163 768
1164 2291
1165 2313
1166 2057
1167 1964
1168 1465
1169 1244
1170 2399
1171 2428
1172 2542
1173 974
1174 236
1175 1192
1176 98
1177 2016
1178 1662
1179 1618
1180 942
1181 339
1182 6
1183 501
1184 2061
1185 338
1186 2247
1187 1686
1188 2283
1189 1441
1190 2055
1191 354
1192 2660
1193 1723
1194 181
1195 2465
1196 1345
1197 1230
1198 2343
1199 2671
1200 2157
1201 2323
1202 1707
1203 817
1204 2302
1205 1481
1206 880
1207 1873
1208 1576
1209 2098
1210 1289
1211 956
1212 2092
1213 83
1214 2578
1215 2683
1216 174
1217 2663
1218 1016
1219 1078
1220 2375
1221 752
1222 957
1223 2331
1224 2218
1225 487
1226 1810
1227 902
1228 1496
1229 475
1230 2582
1231 1534
1232 2195
1233 204
1234 167
1235 1916
1236 217
1237 1215
1238 1924
1239 219
1240 1922
1241 2169
1242 1666
1243 98
1244 251
1245 93
1246 1478
1247 273
1248 336
1249 523
1250 1940
1251 664
1252 2000
1253 1482
1254 266
1255 1159
1256 2599
1257 1956
1258 1183
1259 79
1260 453
1261 1232
1262 2456
1263 1274
1264 290
1265 1374
1266 1411
1267 901
1268 757
1269 665
1270 1064
1271 441
1272 2451
1273 2179
1274 2226
1275 1583
1276 139
1277 2124
1278 1537
1279 812
1280 1986
1281 2002
1282 1366
1283 2002
1284 1345
1285 1134
1286 881
1287 2305
1288 793
1289 1719
1290 142
1291 893
1292 2387
1293 377
1294 1658
1295 924
1296 255
1297 1712
1298 749
1299 288
1300 2356
1301 461
1302 1213
1303 2387
1304 781
1305 338
1306 2251
1307 46
1308 1969
1309 678
1310 1953
1311 1789
1312 377
1313 2530
1314 1296
1315 2330
1316 2064
1317 2329
1318 1903
1319 1399
1320 1892
1321 44
1322 1784
1323 2112
1324 1455
1325 2648
1326 2101
1327 1308
1328 2594
1329 387
1330 2437
1331 33
1332 2054
1333 536
1334 177
1335 1181
1336 1339
1337 2162
1338 2486
1339 305
1340 2565
1341 810
1342 1960
1343 1523
1344 814
1345 2328
1346 403
1347 1701
1348 1463
1349 225
1350 449
1351 2170
1352 906
1353 1371
1354 2260
1355 652
1356 973
1357 1683
1358 623
1359 2220
1360 2629
1361 537
1362 528
1363 92
1364 130
1365 2181
1366 1268
1367 1378
1368 2320
1369 1354
1370 1314
1371 2345
1372 2254
1373 607
1374 2630
1375 282
1376 838
1377 1792
1378 387
1379 2677
1380 1339
1381 2069
1382 1308
1383 691
1384 2291
1385 924
1386 288
1387 1752
1388 2481
1389 2150
1390 1212
1391 2352
1392 1106
1393 1324
1394 2313
1395 2474
1396 2320
1397 960
1398 1989
1399 2094
1400 2065
1401 1487
1402 823
1403 1722
1404 2143
1405 372
1406 2107
1407 1874
1408 1304
1409 2313
1410 1487
1411 1426
1412 2303
1413 238
1414 380
1415 838
1416 470
1417 2029
1418 356
1419 2488
1420 714
1421 485
1422 860
1423 2551
1424 894
1425 325
1426 1169
1427 2620
1428 436
1429 122
1430 2341
1431 1686
1432 650
1433 1149
1434 1677
1435 1399
1436 2632
1437 1299
1438 2690
1439 1376
1440 481
1441 1370
1442 2374
1443 1697
1444 1216
1445 1022
1446 2549
1447 1614
1448 260
1449 65
1450 1117
1451 416
1452 2196
1453 1070
1454 2011
1455 1489
1456 2235
1457 2232
1458 1568
1459 1802
1460 1553
1461 808
1462 1216
1463 521
1464 912
1465 270
1466 1566
1467 1318
1468 2228
1469 497
1470 1326
1471 632
1472 1674
1473 1597
1474 1650
1475 242
1476 1834
1477 721
1478 2551
1479 979
1480 2528
1481 2726
1482 1336
1483 1232
1484 2057
1485 559
1486 793
1487 2342
1488 1211
1489 39
1490 1711
1491 298
1492 1681
1493 1630
1494 976
1495 2262
1496 1244
1497 2406
1498 269
1499 720
1500 11
1501 1896
1502 292
1503 979
1504 2419
1505 2711
1506 2201
1507 1887
1508 708
1509 2132
1510 1521
1511 202
1512 609
1513 1023
1514 1860
1515 907
1516 224
1517 2507
1518 1402
1519 904
1520 229
1521 2033
1522 1686
1523 820
1524 2316
1525 1842
1526 1734
1527 718
1528 1883
1529 1034
1530 2032
1531 1125
1532 1348
1533 1818
1534 813
1535 1168
1536 455
1537 1717
1538 396
1539 1608
1540 2275
1541 1800
1542 2268
1543 2595
1544 156
1545 2525
1546 856
1547 632
1548 2198
1549 1177
1550 1795
1551 609
1552 2035
1553 2150
1554 425
1555 693
1556 450
1557 220
1558 405
1559 574
1560 312
1561 1371
1562 657
1563 172
1564 2636
1565 2367
1566 618
1567 369
1568 1825
1569 378
1570 2404
1571 354
1572 1943
1573 1901
1574 2262
1575 587
1576 1153
1577 2640
1578 1582
1579 1679
1580 175
1581 1752
1582 1787
1583 1847
1584 1997
1585 881
1586 455
1587 2340
1588 2555
1589 633
1590 878
1591 1771
1592 1023
1593 1136
1594 1132
1595 1733
1596 1194
1597 1466
1598 893
1599 2459
1600 2326
1601 2035
1602 1478
1603 1725
1604 2003
1605 1308
1606 1214
1607 2502
1608 2433
1609 334
1610 1267
1611 2046
1612 971
1613 907
1614 1555
1615 39
1616 814
1617 1826
1618 1352
1619 1570
1620 2631
1621 871
1622 608
1623 1910
1624 1984
1625 1425
1626 1474
1627 1399
1628 2351
1629 275
1630 2590
1631 669
1632 1393
1633 2389
1634 520
1635 2642
1636 554
1637 2076
1638 2018
1639 1050
1640 1594
1641 1150
1642 2041
1643 1342
1644 1982
1645 1306
1646 1443
1647 1756
1648 587
1649 1600
1650 2465
1651 668
1652 2118
1653 686
1654 2368
1655 1889
1656 982
1657 462
1658 1592
1659 2148
1660 2189
1661 193
1662 730
1663 650
1664 2024
1665 2631
1666 1460
1667 1341
1668 2310
1669 838
1670 1387
1671 1578
1672 1439
1673 1164
1674 1705
1675 205
1676 1491
1677 2061
1678 1922
1679 83
1680 2719
1681 2329
1682 910
1683 1688
1684 976
1685 2622
1686 2402
1687 1409
1688 451
1689 2244
1690 2260
1691 1494
1692 662
1693 1970
1694 1586
1695 2662
1696 358
1697 1672
1698 2572
1699 2128
1700 908
1701 2484
1702 794
1703 630
1704 2344
1705 1122
1706 2429
1707 2099
1708 553
1709 2009
1710 2532
1711 947
1712 296
1713 2444
1714 1496
1715 978
1716 1318
1717 564
1718 1091
1719 1984
1720 69
1721 1347
1722 501
1723 185
1724 2277
1725 504
1726 2204
1727 104
1728 1508
1729 2498
1730 155
1731 2380
1732 981
1733 2295
1734 1023
1735 53
1736 2630
1737 1604
1738 2674
1739 534
1740 176
1741 489
1742 1387
1743 2004
1744 485
1745 1508
1746 1757
1747 1885
1748 371
1749 742
1750 1887
1751 700
1752 2015
1753 956
1754 2099
1755 544
1756 755
1757 49
1758 617
1759 2504
1760 822
1761 1135
1762 729
1763 874
1764 888
1765 1642
1766 1139
1767 1842
1768 868
1769 278
1770 2169
1771 1649
1772 1502
1773 2280
1774 1470
1775 487
1776 1778
1777 744
1778 1877
1779 2661
1780 364
1781 1720
1782 931
1783 596
1784 2704
1785 574
1786 728
1787 823
1788 1152
1789 66
1790 331
1791 1314
1792 1008
1793 888
1794 2215
1795 25
1796 1275
1797 53
1798 2090
1799 931
1800 2256
1801 2067
1802 2172
1803 1758
1804 774
1805 647
1806 1999
1807 1731
1808 449
1809 1833
1810 2713
1811 1963
1812 867
1813 1164
1814 616
1815 2597
1816 1234
1817 1568
1818 309
1819 1635
1820 428
1821 1228
1822 2331
1823 777
1824 1337
1825 837
1826 1611
1827 2542
1828 1544
1829 1513
1830 1716
1831 1188
1832 1885
1833 1471
1834 2278
1835 960
1836 796
1837 512
1838 141
1839 2011
1840 615
1841 263
1842 2416
1843 1083
1844 497
1845 498
1846 1132
1847 1467
1848 1423
1849 2401
1850 1777
1851 67
1852 1083
1853 1731
1854 2044
1855 1199
1856 1877
1857 2233
1858 1168
1859 402
1860 1793
1861 986
1862 286
1863 1831
1864 1516
1865 2336
1866 575
1867 825
1868 1760
1869 1532
1870 1435
1871 51
1872 428
1873 258
1874 2417
1875 2375
1876 130
1877 896
1878 189
1879 1647
1880 1014
1881 1599
1882 543
1883 90
1884 2654
1885 2449
1886 1334
1887 2508
1888 2710
1889 2252
1890 2482
1891 446
1892 2031
1893 1020
1894 1358
1895 284
1896 1797
1897 2388
1898 2514
1899 250
1900 1111
1901 1028
1902 1308
1903 1233
1904 1547
1905 220
1906 2190
1907 1504
1908 498
1909 235
1910 373
1911 992
1912 1994
1913 669
1914 2007
1915 989
1916 1995
1917 2638
1918 1611
1919 2505
1920 1948
1921 355
1922 2635
1923 2362
1924 150
1925 553
1926 517
1927 1054
1928 1516
1929 131
1930 2644
1931 2377
1932 1603
1933 203
1934 545
1935 1341
1936 1303
1937 2518
1938 1601
1939 2572
1940 223
1941 1139
1942 1402
1943 2353
1944 91
1945 1282
1946 205
1947 639
1948 1626
1949 1811
1950 1976
1951 1100
1952 1119
1953 188
1954 510
1955 1513
1956 2717
1957 360
1958 440
1959 1351
1960 1219
1961 2080
1962 2541
1963 571
1964 1652
1965 1401
1966 1273
1967 2115
1968 2688
1969 1796
1970 605
1971 1208
1972 2156
1973 2103
1974 49
1975 1382
1976 616
1977 1309
1978 900
1979 621
1980 2071
1981 1447
1982 1219
1983 2289
1984 2632
1985 1534
1986 2236
1987 1904
1988 321
1989 385
1990 888
1991 1086
1992 1224
1993 718
1994 2415
1995 131
1996 1999
1997 1685
1998 1329
1999 2179
2000 1280
2001 340
2002 1074
2003 2388
2004 579
2005 2195
2006 1305
2007 1875
2008 1057
2009 1450
2010 59
2011 221
2012 868
2013 1040
2014 763
2015 171
2016 1468
2017 959
2018 164
2019 140
2020 823
2021 1053
2022 2062
2023 1086
2024 743
2025 1061
2026 1658
2027 1670
2028 1837
2029 524
2030 280
2031 1500
2032 2067
2033 1359
2034 580
2035 915
2036 577
2037 2346
2038 2463
2039 2609
2040 1392
2041 2087
2042 2433
2043 717
2044 174
2045 360
2046 1504
2047 2418
2048 1971
2049 1918
2050 113
2051 2402
2052 1285
2053 2411
2054 2440
2055 1836
2056 198
2057 1160
2058 2659
2059 750
2060 856
2061 379
2062 1073
2063 1131
2064 288
2065 1889
2066 1312
2067 922
2068 559
2069 947
2070 2192
2071 2499
2072 1238
2073 2100
2074 1114
2075 513
2076 1852
2077 2273
2078 2722
2079 2213
2080 1500
2081 252
2082 1850
2083 870
2084 1675
2085 2291
2086 103
2087 1468
2088 245
2089 267
2090 580
2091 1197
2092 1358
2093 2386
2094 1100
2095 2506
2096 1195
2097 489
2098 2250
2099 2321
2100 2668
2101 907
2102 2052
2103 2375
2104 67
2105 636
2106 2082
2107 410
2108 680
2109 2540
2110 1652
2111 572
2112 295
2113 334
2114 711
2115 441
2116 99
2117 2003
2118 1812
2119 2355
2120 1393
2121 193
2122 1400
2123 1678
2124 1901
2125 89
2126 2100
2127 637
2128 1390
2129 1712
2130 2164
2131 364
2132 1150
2133 2447
2134 2215
2135 1977
2136 1576
2137 1728
2138 2229
2139 126
2140 475
2141 2716
2142 434
2143 1602
2144 1453
2145 2367
2146 1395
2147 1343
2148 2521
2149 110
2150 1448
2151 2462
2152 1359
2153 1055
2154 2266
2155 2104
2156 487
2157 1729
2158 2436
2159 2145
2160 632
2161 1543
2162 1548
2163 970
2164 1707
2165 1982
2166 887
2167 2138
2168 1625
2169 1901
2170 1239
2171 222
2172 793
2173 2566
2174 760
2175 1587
2176 2143
2177 2398
2178 2140
2179 2082
2180 558
2181 1568
2182 2060
2183 2599
2184 782
2185 803
2186 2105
2187 1445
2188 2503
2189 1576
2190 894
2191 1345
2192 848
2193 1238
2194 543
2195 1912
2196 1662
2197 817
2198 2224
2199 2377
2200 1174
2201 470
2202 2024
2203 2115
2204 552
2205 1123
2206 159
2207 769
2208 750
2209 27
2210 2475
2211 15
2212 2655
2213 2237
2214 2124
2215 1961
2216 1412
2217 2539
2218 1917
2219 6
2220 2667
2221 374
2222 1818
2223 1778
2224 995
2225 937
2226 646
2227 2524
2228 2578
2229 250
2230 1697
2231 789
2232 517
2233 1633
2234 1402
2235 1669
2236 1161
2237 354
2238 489
2239 796
2240 301
2241 1398
2242 1571
2243 765
2244 823
2245 1463
2246 2298
2247 1893
2248 1291
2249 1873
2250 2299
2251 1374
2252 1803
2253 2460
2254 2524
2255 638
2256 17
2257 2543
2258 2280
2259 2577
2260 1528
2261 482
2262 1713
2263 775
2264 1422
2265 2582
2266 690
2267 196
2268 1677
2269 323
2270 1828
2271 1504
2272 381
2273 1535
2274 1698
2275 2041
2276 1709
2277 1334
2278 2026
2279 1124
2280 1287
2281 854
2282 2676
2283 347
2284 2424
2285 149
2286 2394
2287 845
2288 1813
2289 2026
2290 2149
2291 2581
2292 924
2293 2066
2294 2387
2295 1628
2296 156
2297 1833
2298 318
2299 1194
2300 2654
2301 2486
2302 217
2303 2373
2304 965
2305 541
2306 1543
2307 932
2308 1541
2309 2214
2310 1275
2311 1222
2312 2192
2313 1813
2314 1012
2315 1859
2316 1964
2317 314
2318 622
2319 1343
2320 2143
2321 1735
2322 1526
2323 1063
2324 724
2325 451
2326 863
2327 1225
2328 1947
2329 1012
2330 2058
2331 1308
2332 1913
2333 256
2334 964
2335 1205
2336 764
2337 1529
2338 2596
2339 140
2340 1273
2341 1410
2342 35
2343 1192
2344 407
2345 2293
2346 1033
2347 2241
2348 1376
2349 518
2350 2510
2351 1977
2352 712
2353 1303
2354 1315
2355 2478
2356 592
2357 623
2358 336
2359 1044
2360 1249
2361 536
2362 773
2363 2435
2364 2722
2365 1285
2366 1602
2367 875
2368 2458
2369 2286
2370 2440
2371 508
2372 799
2373 161
2374 2178
2375 939
2376 424
2377 1651
2378 2061
2379 2454
2380 353
2381 1296
2382 972
2383 768
2384 638
2385 2487
2386 2141
2387 1940
2388 1830
2389 1737
2390 1510
2391 536
2392 1817
2393 1100
2394 1852
2395 220
2396 930
2397 1469
2398 1423
2399 1581
2400 2606
2401 1767
2402 1998
2403 1168
2404 996
2405 722
2406 545
2407 1926
2408 1229
2409 306
2410 1148
2411 2517
2412 22
2413 2494
2414 1122
2415 770
2416 1775
2417 1543
2418 2164
2419 1184
2420 2619
2421 688
2422 90
2423 1012
2424 1887
2425 511
2426 2561
2427 2330
2428 1573
2429 23
2430 1241
2431 1554
2432 2063
2433 1493
2434 1720
2435 1690
2436 2073
2437 1638
2438 2137
2439 1008
2440 2469
2441 238
2442 2653
2443 1983
2444 2173
2445 1441
2446 2194
2447 282
2448 496
2449 1879
2450 1371
2451 1961
2452 2695
2453 877
2454 1175
2455 2005
2456 4
2457 2581
2458 1203
2459 2041
2460 1639
2461 543
2462 737
2463 158
2464 390
2465 1570
2466 320
2467 312
2468 2094
2469 2502
2470 1712
2471 1494
2472 2405
2473 2346
2474 1081
2475 1794
2476 1770
2477 913
2478 1636
2479 1030
2480 2652
2481 1164
2482 2225
2483 1694
2484 1724
2485 2070
2486 2032
2487 491
2488 817
2489 2257
2490 2200
2491 2719
2492 1783
2493 2318
2494 1391
2495 710
2496 254
2497 789
2498 1733
2499 2195
2500 1874
2501 64
2502 2058
2503 768
2504 351
2505 2335
2506 2194
2507 588
2508 2658
2509 976
2510 1671
2511 55
2512 1709
2513 1922
2514 1993
2515 47
2516 598
2517 436
2518 225
2519 1376
2520 495
2521 309
2522 2156
2523 1122
2524 2463
2525 15
2526 1672
2527 926
2528 2303
2529 2081
2530 1930
2531 727
2532 1845
2533 1295
2534 1462
2535 1963
2536 391
2537 698
2538 953
2539 191
2540 1184
2541 2041
2542 217
2543 1480
2544 483
2545 2019
2546 165
2547 2463
2548 1086
2549 1075
2550 2415
2551 1296
2552 41
2553 1366
2554 949
2555 1964
2556 1170
2557 686
2558 2586
2559 751
2560 1600
2561 2418
2562 725
2563 2189
2564 2368
2565 371
2566 1372
2567 988
2568 1430
2569 2376
2570 1447
2571 2411
2572 1354
2573 1207
2574 2318
2575 851
2576 1406
2577 2197
2578 1166
2579 1926
2580 1761
2581 1080
2582 189
2583 2523
2584 335
2585 465
2586 2504
2587 781
2588 384
2589 2267
2590 2365
2591 882
2592 855
2593 380
2594 1340
2595 2442
2596 2331
2597 320
2598 1897
2599 1460
2600 1146
2601 1042
2602 2297
2603 2259
2604 512
2605 1075
2606 416
2607 1226
2608 1539
2609 531
2610 1347
2611 1768
2612 518
2613 372
2614 124
2615 1102
2616 364
2617 2164
2618 1144
2619 1702
2620 881
2621 2574
2622 2222
2623 311
2624 1174
2625 363
2626 1163
2627 2035
2628 2624
2629 2055
2630 2687
2631 2035
2632 2059
2633 1295
2634 1707
2635 1185
2636 907
2637 585
2638 837
2639 197
2640 1081
2641 1736
2642 1906
2643 2454
2644 2629
2645 1372
2646 1263
2647 30
2648 500
2649 2195
2650 1384
2651 1058
2652 1216
2653 2662
2654 341
2655 578
2656 1063
2657 2480
2658 1522
2659 624
2660 2486
2661 1970
2662 105
2663 492
2664 958
2665 955
2666 774
2667 138
2668 1751
2669 662
2670 1261
2671 1597
2672 2212
2673 2505
2674 703
2675 1801
2676 29
2677 1512
2678 395
2679 2159
2680 2245
2681 1598
2682 2229
2683 2125
2684 2529
2685 2
2686 930
2687 2580
2688 2198
2689 2545
2690 1318
2691 2087
2692 2289
2693 574
2694 1036
2695 851
2696 1546
2697 1121
2698 946
2699 2528
2700 2564
2701 234
2702 2392
2703 863
2704 725
2705 1653
2706 2264
2707 619
2708 454
2709 2626
2710 758
2711 755
2712 25
2713 599
2714 1796
2715 2578
2716 67
2717 2039
2718 2022
2719 2460
2720 786
2721 488
2722 2502
2723 1092
2724 1942
2725 2516
2726 2479
0 593
1 2474
2 252
3 2406
4 41
5 923
6 1043
7 1476
8 2321
9 923
10 1008
11 2326
12 1826
13 2551
14 1346
15 309
16 2099
17 367
18 645
19 2632
20 1581
21 2648
22 1567
23 1433
24 1388
25 1650
26 2351
27 1386
28 2000
29 1432
30 1940
31 314
32 770
33 2092
34 415
35 2329
36 1257
37 2716
38 251
39 735
40 1329
41 2509
42 617
43 2321
44 1456
45 1642
46 1862
47 1692
48 1090
49 442
50 333
51 1126
52 1021
53 2374
54 997
55 1742
56 684
57 1289
58 2637
59 1478
60 1610
61 2600
62 1404
63 58
64 2398
65 1189
66 1379
67 237
68 327
69 2260
70 1624
71 540
72 744
73 2493
74 2112
75 444
76 1
77 82
78 349
79 2513
80 1947
81 2193
82 90
83 2469
84 476
85 2641
86 690
87 282
88 453
89 1672
90 772
91 1908
92 1592
93 1289
94 795
95 2455
96 356
97 6
98 2346
99 1022
100 769
101 1068
102 1247
103 2620
104 1131
105 203
106 723
107 2252
108 386
109 824
110 2396
111 399
112 1489
113 1267
114 2438
115 134
116 261
117 2678
118 205
119 826
120 873
121 248
122 499
123 1622
124 959
125 2611
126 2647
127 334
128 1129
129 671
130 2572
131 102
132 2140
133 1769
134 1587
135 2574
136 2143
137 2567
138 714
139 2031
140 1703
141 488
142 2709
143 946
144 2721
145 1798
146 937
147 167
148 1628
149 1825
150 19
151 866
152 1384
153 1313
154 719
155 157
156 149
157 1194
158 739
159 1058
160 783
161 1671
162 96
163 1116
164 71
165 1908
166 1864
167 2295
168 2547
169 720
170 393
171 455
172 462
173 1287
174 2400
175 2427
176 1699
177 1095
178 42
179 1372
180 1394
181 537
182 988
183 125
184 1138
185 2582
186 2071
187 141
188 2034
189 2255
190 938
191 346
192 2592
193 1715
194 888
195 277
196 1968
197 2414
198 701
199 2185
200 856
201 2372
202 1904
203 1023
204 2231
205 917
206 1090
207 1903
208 2225
209 759
210 1003
211 2391
212 2060
213 667
214 1601
215 416
216 1240
217 584
218 2677
219 1627
220 2143
221 2696
222 2470
223 1490
224 1295
225 1906
226 2193
227 777
228 413
229 2494
230 740
231 2250
232 2646
233 314
234 632
235 1124
236 1873
237 1553
238 1853
239 2116
240 185
241 1154
242 1079
243 504
244 114
245 433
246 1530
247 548
248 1636
249 92
250 1400
251 1518
252 74
253 1467
254 746
255 975
256 95
257 1206
258 1782
259 811
260 2620
261 1450
262 2296
263 1887
264 2637
265 2594
266 956
267 1428
268 1289
269 2411
270 2115
271 1416
272 1039
273 2024
274 922
275 506
276 444
277 2392
278 387
279 2023
280 2532
281 2284
282 1946
283 473
284 1223
285 449
286 1134
287 1357
288 2282
289 380
290 402
291 2284
292 477
293 591
294 909
295 1851
296 775
297 1167
298 406
299 489
300 1060
301 2158
302 1436
303 2358
304 143
305 2154
306 123
307 1500
308 650
309 507
310 657
311 2207
312 1399
313 962
314 2650
315 1453
316 357
317 2470
318 2260
319 1976
320 1522
321 1545
322 1388
323 1969
324 1933
325 952
326 2049
327 944
328 1504
329 2330
330 568
331 1332
332 959
333 1889
334 61
335 2463
336 1036
337 1170
338 2182
339 287
340 2608
341 359
342 2427
343 1672
344 1746
345 1020
346 614
347 1225
348 1552
349 1699
350 1259
351 1582
352 2264
353 2296
354 1159
355 2159
356 353
357 2672
358 1887
359 1784
360 1020
361 1080
362 1863
363 945
364 1253
365 223
366 1901
367 2490
368 1246
369 1976
370 1670
371 2128
372 1282
373 1656
374 1014
375 2188
376 869
377 2704
378 959
379 2414
380 1351
381 119
382 409
383 493
384 671
385 2032
386 579
387 1370
388 1073
389 563
390 720
391 2355
392 874
393 2345
394 1066
395 1480
396 1125
397 583
398 1839
399 1041
400 96
401 426
402 1973
403 55
404 413
405 1725
406 1348
407 744
408 1290
409 442
410 2003
411 2206
412 1054
413 2467
414 1360
415 2209
416 627
417 1787
418 1264
419 1031
420 235
421 565
422 1523
423 2149
424 1125
425 2449
426 805
427 2691
428 1655
429 437
430 1433
431 542
432 561
433 1031
434 618
435 1171
436 2428
437 1026
438 1871
439 264
440 1879
441 2437
442 1520
443 1694
444 1685
445 2248
446 1547
447 1808
448 268
449 77
450 19
451 61
452 2485
453 119
454 182
455 1259
456 2263
457 1939
458 2003
459 1612
460 492
461 1287
462 2501
463 880
464 1922
465 2383
466 695
467 2592
468 1462
469 990
470 1310
471 1148
472 2679
473 1946
474 294
475 1222
476 2699
477 2530
478 1632
479 919
480 2245
481 1765
482 1391
483 312
484 2536
485 1792
486 2013
487 1928
488 1805
489 2029
490 2630
491 2628
492 1585
493 43
494 464
495 2158
496 2500
497 388
498 1178
499 1357
500 19
501 694
502 2505
503 1763
504 194
505 2259
506 2652
507 896
508 2404
509 1648
510 1116
511 377
512 1972
513 175
514 2012
515 1796
516 2360
517 2145
518 2092
519 1694
520 2400
521 2270
522 2088
523 966
524 1688
525 219
526 2724
527 2693
528 1256
529 1202
530 811
531 1559
532 350
533 2070
534 2261
535 1773
536 1458
537 701
538 864
539 896
540 1372
541 2037
542 291
543 1685
544 1317
545 697
546 157
547 2679
548 2486
549 1394
550 2275
551 2123
552 1270
553 342
554 2330
555 538
556 1430
557 2184
558 2011
559 709
560 2487
561 1998
562 1679
563 155
564 1576
565 2023
566 2141
567 203
568 1191
569 2400
570 777
571 445
572 1844
573 2477
574 2008
575 2585
576 1532
577 1339
578 2184
579 197
580 20
581 163
582 669
583 1523
584 1420
585 292
586 2006
587 2286
588 1158
589 2657
590 2681
591 2460
592 499
593 849
594 343
595 956
596 2169
597 135
598 1023
599 400
600 536
601 720
602 1689
603 2
604 327
605 1470
606 2584
607 2598
608 395
609 2402
610 1469
611 2002
612 1625
613 286
614 11
615 458
616 24
617 2117
618 1144
619 2391
620 2653
621 1745
622 1090
623 2512
624 351
625 579
626 1580
627 2611
628 2027
629 1945
630 2180
631 1069
632 2372
633 61
634 1911
635 2290
636 688
637 2107
638 62
639 1731
640 2207
641 2171
642 2296
643 2650
644 981
645 2707
646 1360
647 1110
648 1293
649 1843
650 90
651 1694
652 2487
653 1321
654 1390
655 1162
656 530
657 2435
658 2262
659 2066
660 1155
661 2189
662 1180
663 825
664 662
665 854
666 2309
667 2372
668 462
669 1922
670 2141
671 190
672 1833
673 2245
674 1311
675 293
676 2182
677 2184
678 2472
679 1951
680 2005
681 1375
682 2334
683 1693
684 2507
685 183
686 111
687 2429
688 642
689 1982
690 1708
691 1812
692 476
693 296
694 2364
695 1639
696 351
697 2146
698 1695
699 2362
700 163
701 2536
702 1969
703 1035
704 2284
705 419
706 137
707 223
708 934
709 1410
710 1436
711 2509
712 203
713 1359
714 1906
715 1386
716 712
717 791
718 1356
719 1116
720 2380
721 599
722 701
723 1459
724 1985
725 2239
726 2466
727 774
728 1846
729 1598
730 221
731 2088
732 249
733 952
734 1046
735 390
736 931
737 839
738 233
739 2054
740 1644
741 1599
742 647
743 394
744 1538
745 1194
746 813
747 2530
748 680
749 170
750 451
751 1491
752 1547
753 1085
754 226
755 1129
756 409
757 1979
758 1639
759 2315
760 1355
761 459
762 1489
763 54
764 2442
765 359
766 2050
767 1664
768 1494
769 1730
770 2330
771 371
772 1314
773 780
774 225
775 936
776 992
777 1889
778 2049
779 1355
780 2516
781 1222
782 1618
783 601
784 2668
785 333
786 568
787 2575
788 519
789 2062
790 235
791 0
792 332
793 928
794 2084
795 75
796 869
797 805
798 1255
799 22
800 2329
801 113
802 566
803 1051
804 1759
805 1780
806 26
807 2164
808 1763
809 927
810 2100
811 222
812 1761
813 67
814 1787
815 39
816 994
817 2071
818 2663
819 2396
820 1548
821 292
822 76
823 1203
824 948
825 1128
826 1827
827 1073
828 580
829 757
830 379
831 1013
832 487
833 1423
834 2684
835 2167
836 622
837 1160
838 2301
839 847
840 326
841 2387
842 891
843 2546
844 1213
845 2305
846 2276
847 2287
848 601
849 344
850 312
851 1663
852 1563
853 289
854 2450
855 1461
856 2221
857 1461
858 1111
859 1816
860 861
861 2083
862 392
863 1236
864 1349
865 992
866 746
867 1877
868 1158
869 162
870 1627
871 1958
872 1124
873 382
874 102
875 2703
876 2174
877 2123
878 682
879 659
880 1180
881 1631
882 261
883 1927
884 437
885 1128
886 177
887 2681
888 2537
889 307
890 1913
891 888
892 1844
893 174
894 108
895 804
896 1647
897 2579
898 1474
899 230
900 2116
901 2491
902 16
903 2209
904 1945
905 1922
906 328
907 2048
908 2620
909 506
910 695
911 2480
912 2371
913 1855
914 1281
915 1426
916 818
917 1560
918 1747
919 2435
920 1238
921 1353
922 590
923 731
924 2676
925 1558
926 1607
927 17
928 1696
929 195
930 1921
931 1881
932 2435
933 341
934 2017
935 1681
936 1276
937 2595
938 1102
939 1414
940 65
941 376
942 2380
943 1335
944 1862
945 1167
946 592
947 2248
948 1261
949 2220
950 1144
951 257
952 2196
953 1170
954 180
955 502
956 2402
957 1175
958 1980
959 2649
960 655
961 552
962 2463
963 1196
964 1347
965 1415
966 790
967 1332
968 1973
969 2068
970 1880
971 963
972 1680
973 1328
974 2051
975 1134
976 53
977 254
978 942
979 2464
980 2696
981 889
982 2394
983 129
984 2207
985 1262
986 831
987 252
988 966
989 2437
990 2032
991 989
992 1053
993 1741
994 1342
995 1517
996 2626
997 542
998 280
999 174
1000 559
1001 2361
1002 90
1003 212
1004 2498
1005 2337
1006 2561
1007 344
1008 1998
1009 1290
1010 1110
1011 1112
1012 2157
1013 746
1014 232
1015 640
1016 2188
1017 856
1018 1333
1019 108
1020 304
1021 926
1022 2411
1023 1410
1024 919
1025 1347
1026 1985
1027 1962
1028 2436
1029 2278
1030 2710
1031 140
1032 2002
1033 1302
1034 310
1035 782
1036 2500
1037 2513
1038 127
1039 2109
1040 2629
1041 2244
1042 459
1043 672
1044 2002
1045 283
1046 911
1047 123
1048 1116
1049 1726
1050 136
1051 437
1052 388
1053 2129
1054 2555
1055 1531
1056 2498
1057 2566
1058 215
1059 640
1060 1356
1061 868
1062 837
1063 1655
1064 1344
1065 1461
1066 2521
1067 473
1068 1624
1069 180
1070 2603
1071 2626
1072 1319
1073 279
1074 1864
1075 1383
1076 1801
1077 2487
1078 2318
1079 327
1080 486
1081 2373
1082 839
1083 1692
1084 2221
1085 1371
1086 1904
1087 1185
1088 1180
1089 2224
1090 1997
1091 848
1092 2650
1093 1649
1094 2623
1095 1524
1096 118
1097 2565
1098 2417
1099 1287
1100 1072
1101 1979
1102 464
1103 1586
1104 2632
1105 1321
1106 958
1107 710
1108 144
1109 2589
1110 2367
1111 489
1112 1436
1113 1647
1114 162
1115 789
1116 788
1117 116
1118 1617
1119 2192
1120 808
1121 1835
1122 350
1123 1554
1124 2002
1125 1227
1126 1619
1127 1894
1128 2138
1129 2246
1130 306
1131 1466
1132 1443
1133 949
1134 1194
1135 1177
1136 699
1137 1573
1138 1572
1139 1832
1140 1657
1141 525
1142 2282
1143 1483
1144 2022
1145 433
1146 952
1147 2710
1148 2121
1149 449
1150 1367
1151 1943
1152 2021
1153 1845
1154 1043
1155 228
1156 1565
1157 602
1158 835
1159 1293
1160 1655
1161 1165
1162 853
1163 2695
1164 2291
1165 204
1166 2057
1167 1964
1168 2381
1169 368
1170 2399
1171 2428
1172 1029
1173 974
1174 2499
1175 1212
1176 156
1177 1614
1178 579
1179 411
1180 942
1181 2212
1182 2283
1183 501
1184 2135
1185 338
1186 2247
1187 1686
1188 2560
1189 2066
1190 2055
1191 1606
1192 664
1193 407
1194 181
1195 395
1196 760
1197 1230
1198 2573
1199 2671
1200 1017
1201 2323
1202 85
1203 1765
1204 2302
1205 1481
1206 2416
1207 65
1208 1576
1209 63
1210 530
1211 1186
1212 1591
1213 1089
1214 2578
1215 1144
1216 735
1217 2663
1218 1634
1219 1078
1220 2375
1221 752
1222 2284
1223 2331
1224 2218
1225 1898
1226 165
1227 1738
1228 1738
1229 473
1230 743
1231 1229
1232 415
1233 204
1234 167
1235 1916
1236 1184
1237 250
1238 812
1239 1937
1240 1922
1241 2239
1242 1666
1243 98
1244 1624
1245 93
1246 1478
1247 337
1248 336
1249 523
1250 278
1251 137
1252 678
1253 2052
1254 1218
1255 1159
1256 992
1257 2191
1258 1183
1259 962
1260 1127
1261 1642
1262 1626
1263 1012
1264 123
1265 1374
1266 1411
1267 1726
1268 757
1269 665
1270 804
1271 441
1272 2250
1273 2691
1274 71
1275 1583
1276 139
1277 2124
1278 2131
1279 2173
1280 1986
1281 1764
1282 1366
1283 191
1284 1506
1285 1206
1286 881
1287 628
1288 798
1289 1719
1290 2711
1291 893
1292 2387
1293 377
1294 1484
1295 924
1296 815
1297 1712
1298 749
1299 288
1300 505
1301 461
1302 1213
1303 1638
1304 2556
1305 338
1306 2251
1307 708
1308 1969
1309 115
1310 564
1311 1789
1312 2465
1313 1618
1314 1296
1315 2330
1316 2064
1317 2329
1318 419
1319 424
1320 550
1321 1954
1322 2698
1323 741
1324 1347
1325 2648
1326 473
1327 1993
1328 863
1329 526
1330 2437
1331 33
1332 2054
1333 2390
1334 1287
1335 2220
1336 1339
1337 1669
1338 388
1339 1688
1340 2256
1341 1177
1342 198
1343 2700
1344 577
1345 1898
1346 262
1347 1949
1348 1463
1349 225
1350 449
1351 2170
1352 906
1353 677
1354 2188
1355 652
1356 424
1357 1683
1358 840
1359 2687
1360 308
1361 537
1362 1857
1363 2259
1364 1027
1365 2181
1366 601
1367 1378
1368 1386
1369 1011
1370 1937
1371 798
1372 37
1373 607
1374 558
1375 282
1376 838
1377 1651
1378 387
1379 2677
1380 1881
1381 917
1382 72
1383 691
1384 134
1385 1097
1386 166
1387 1752
1388 2481
1389 2150
1390 76
1391 2352
1392 358
1393 1925
1394 2484
1395 2474
1396 2320
1397 960
1398 1989
1399 2364
1400 1729
1401 1043
1402 823
1403 1153
1404 2143
1405 2040
1406 2107
1407 1874
1408 1501
1409 2583
1410 1487
1411 2012
1412 1820
1413 238
1414 2691
1415 838
1416 1927
1417 1345
1418 1959
1419 2488
1420 714
1421 485
1422 50
1423 2551
1424 2049
1425 1245
1426 1117
1427 361
1428 1327
1429 205
1430 2314
1431 1686
1432 280
1433 1163
1434 1677
1435 1158
1436 1977
1437 2626
1438 2690
1439 669
1440 481
1441 98
1442 2374
1443 1178
1444 1216
1445 1492
1446 2549
1447 930
1448 260
1449 2394
1450 1240
1451 416
1452 937
1453 1070
1454 1419
1455 303
1456 2185
1457 212
1458 1568
1459 1802
1460 1340
1461 1261
1462 757
1463 778
1464 2626
1465 2658
1466 1566
1467 367
1468 1645
1469 1015
1470 1976
1471 632
1472 1783
1473 2189
1474 426
1475 26
1476 1834
1477 970
1478 2551
1479 979
1480 964
1481 2726
1482 1165
1483 849
1484 460
1485 2007
1486 1560
1487 442
1488 413
1489 2658
1490 2710
1491 1684
1492 339
1493 1630
1494 273
1495 1263
1496 1244
1497 2194
1498 1559
1499 720
1500 2493
1501 2661
1502 292
1503 960
1504 747
1505 2711
1506 361
1507 1887
1508 1483
1509 6
1510 1521
1511 626
1512 418
1513 1023
1514 1860
1515 907
1516 224
1517 1649
1518 2057
1519 2478
1520 229
1521 2418
1522 1651
1523 1126
1524 1025
1525 1809
1526 617
1527 718
1528 2621
1529 1034
1530 718
1531 1125
1532 653
1533 580
1534 126
1535 424
1536 1336
1537 1717
1538 2070
1539 1608
1540 2275
1541 1800
1542 167
1543 2595
1544 1118
1545 2525
1546 2590
1547 632
1548 361
1549 1262
1550 173
1551 2326
1552 823
1553 2150
1554 157
1555 693
1556 1940
1557 2649
1558 1379
1559 574
1560 312
1561 1371
1562 2546
1563 1527
1564 306
1565 804
1566 618
1567 369
1568 403
1569 378
1570 690
1571 354
1572 1771
1573 1254
1574 2262
1575 2134
1576 118
1577 228
1578 2369
1579 1679
1580 1775
1581 1752
1582 180
1583 2691
1584 1997
1585 1546
1586 455
1587 2340
1588 1980
1589 1608
1590 989
1591 1771
1592 1023
1593 1136
1594 1725
1595 1733
1596 361
1597 439
1598 2614
1599 498
1600 2326
1601 2035
1602 1478
1603 1814
1604 2548
1605 137
1606 1042
1607 992
1608 2433
1609 343
1610 1267
1611 2046
1612 971
1613 907
1614 2570
1615 698
1616 2170
1617 2583
1618 2618
1619 2061
1620 2631
1621 744
1622 608
1623 1907
1624 1338
1625 1415
1626 1478
1627 1589
1628 2351
1629 1967
1630 2590
1631 1422
1632 1393
1633 917
1634 1252
1635 2642
1636 554
1637 2076
1638 1725
1639 1050
1640 384
1641 2500
1642 2591
1643 1342
1644 1740
1645 1962
1646 1443
1647 1756
1648 433
1649 1600
1650 2465
1651 2356
1652 1770
1653 1050
1654 2362
1655 758
1656 2066
1657 479
1658 2517
1659 2148
1660 2189
1661 193
1662 865
1663 1477
1664 2024
1665 786
1666 1126
1667 1341
1668 1022
1669 838
1670 1387
1671 1513
1672 2650
1673 1164
1674 1705
1675 205
1676 1367
1677 1228
1678 1841
1679 2375
1680 2111
1681 98
1682 910
1683 1173
1684 976
1685 2622
1686 1552
1687 1409
1688 188
1689 2244
1690 2507
1691 835
1692 662
1693 122
1694 1124
1695 206
1696 358
1697 1160
1698 2572
1699 2247
1700 2005
1701 2108
1702 794
1703 697
1704 1784
1705 1122
1706 1266
1707 2510
1708 553
1709 2048
1710 254
1711 947
1712 2561
1713 1899
1714 1960
1715 978
1716 1318
1717 564
1718 438
1719 627
1720 354
1721 1168
1722 2093
1723 781
1724 1566
1725 28
1726 2204
1727 1986
1728 2419
1729 2498
1730 1390
1731 2550
1732 745
1733 1693
1734 1023
1735 1312
1736 2630
1737 958
1738 808
1739 538
1740 176
1741 489
1742 2692
1743 1999
1744 767
1745 458
1746 1757
1747 2328
1748 371
1749 515
1750 2331
1751 2513
1752 2015
1753 956
1754 1536
1755 1053
1756 432
1757 204
1758 617
1759 2504
1760 822
1761 1135
1762 893
1763 874
1764 1085
1765 1642
1766 872
1767 1603
1768 667
1769 278
1770 2169
1771 938
1772 1502
1773 1407
1774 821
1775 990
1776 126
1777 744
1778 1877
1779 2661
1780 1043
1781 1299
1782 931
1783 715
1784 750
1785 1517
1786 728
1787 823
1788 1069
1789 193
1790 2067
1791 1314
1792 1008
1793 6
1794 1238
1795 387
1796 153
1797 681
1798 2354
1799 931
1800 1475
1801 2067
1802 1031
1803 1758
1804 393
1805 647
1806 2405
1807 588
1808 604
1809 1994
1810 2713
1811 1604
1812 867
1813 2473
1814 616
1815 2597
1816 2382
1817 1533
1818 2007
1819 1388
1820 316
1821 1034
1822 2331
1823 777
1824 1337
1825 2022
1826 552
1827 2542
1828 821
1829 111
1830 460
1831 2297
1832 1207
1833 612
1834 2278
1835 474
1836 1923
1837 1049
1838 141
1839 2011
1840 615
1841 263
1842 2416
1843 2644
1844 48
1845 498
1846 983
1847 751
1848 231
1849 146
1850 1777
1851 67
1852 1136
1853 2685
1854 528
1855 1199
1856 1877
1857 2233
1858 1307
1859 601
1860 1793
1861 94
1862 1857
1863 2381
1864 1952
1865 2336
1866 1063
1867 1056
1868 2490
1869 315
1870 73
1871 1086
1872 930
1873 258
1874 2114
1875 446
1876 915
1877 1965
1878 189
1879 1426
1880 1014
1881 1599
1882 543
1883 858
1884 2654
1885 2449
1886 1334
1887 2508
1888 1006
1889 2252
1890 2482
1891 65
1892 150
1893 1020
1894 1358
1895 620
1896 1797
1897 1597
1898 2514
1899 250
1900 1309
1901 1028
1902 562
1903 583
1904 1547
1905 2516
1906 2190
1907 277
1908 2439
1909 235
1910 194
1911 992
1912 1994
1913 937
1914 492
1915 1167
1916 2495
1917 2638
1918 1674
1919 331
1920 193
1921 1038
1922 1989
1923 1816
1924 150
1925 2098
1926 775
1927 1054
1928 1371
1929 891
1930 2644
1931 125
1932 1603
1933 2617
1934 545
1935 2566
1936 1303
1937 2497
1938 845
1939 50
1940 223
1941 1139
1942 1465
1943 366
1944 91
1945 1282
1946 205
1947 639
1948 290
1949 1811
1950 2686
1951 1946
1952 1119
1953 1445
1954 214
1955 1964
1956 2717
1957 2136
1958 440
1959 1351
1960 561
1961 1178
1962 2505
1963 571
1964 966
1965 56
1966 1273
1967 1808
1968 1179
1969 1796
1970 1694
1971 1972
1972 195
1973 2103
1974 2565
1975 1382
1976 2482
1977 1309
1978 900
1979 1251
1980 962
1981 819
1982 640
1983 2289
1984 2632
1985 423
1986 1411
1987 1904
1988 321
1989 2551
1990 1198
1991 1086
1992 737
1993 351
1994 664
1995 1362
1996 1999
1997 192
1998 1329
1999 2050
2000 2341
2001 212
2002 1514
2003 2012
2004 297
2005 2330
2006 1283
2007 1163
2008 1035
2009 1304
2010 290
2011 221
2012 868
2013 1040
2014 2608
2015 2337
2016 1463
2017 959
2018 1288
2019 140
2020 1886
2021 1053
2022 494
2023 1655
2024 1938
2025 8
2026 1657
2027 1670
2028 1837
2029 1328
2030 86
2031 1500
2032 2067
2033 1359
2034 580
2035 1622
2036 49
2037 596
2038 2463
2039 1295
2040 1392
2041 2087
2042 1823
2043 1889
2044 174
2045 2223
2046 1504
2047 2418
2048 2506
2049 941
2050 113
2051 2402
2052 1285
2053 2411
2054 2391
2055 703
2056 281
2057 1160
2058 2659
2059 1573
2060 409
2061 379
2062 1555
2063 1131
2064 288
2065 754
2066 395
2067 1489
2068 2360
2069 1068
2070 2192
2071 628
2072 1238
2073 808
2074 379
2075 337
2076 1605
2077 2172
2078 2722
2079 1951
2080 2571
2081 603
2082 1850
2083 1886
2084 1876
2085 2291
2086 2398
2087 1468
2088 817
2089 1736
2090 1923
2091 347
2092 1639
2093 1496
2094 1100
2095 1858
2096 1195
2097 510
2098 2184
2099 859
2100 1485
2101 105
2102 579
2103 1639
2104 67
2105 2620
2106 2143
2107 2680
2108 680
2109 2540
2110 2167
2111 39
2112 85
2113 1666
2114 891
2115 441
2116 2290
2117 1663
2118 1812
2119 558
2120 1393
2121 193
2122 1400
2123 808
2124 1901
2125 1655
2126 2328
2127 846
2128 1390
2129 2540
2130 2164
2131 1301
2132 2308
2133 2447
2134 2013
2135 998
2136 1399
2137 1728
2138 2229
2139 126
2140 475
2141 1121
2142 1387
2143 2454
2144 354
2145 482
2146 2428
2147 1343
2148 1723
2149 1916
2150 1897
2151 2462
2152 2576
2153 1441
2154 2004
2155 2104
2156 188
2157 1729
2158 2228
2159 920
2160 1915
2161 1610
2162 870
2163 1704
2164 1707
2165 610
2166 410
2167 2347
2168 1625
2169 1901
2170 1285
2171 857
2172 1218
2173 2566
2174 1166
2175 1255
2176 1659
2177 2398
2178 116
2179 2452
2180 1713
2181 602
2182 2060
2183 2599
2184 782
2185 1618
2186 1638
2187 1445
2188 912
2189 120
2190 894
2191 1393
2192 848
2193 1238
2194 716
2195 2479
2196 868
2197 817
2198 2224
2199 455
2200 2563
2201 671
2202 2024
2203 2115
2204 1931
2205 361
2206 159
2207 1653
2208 513
2209 485
2210 1844
2211 15
2212 1806
2213 575
2214 2124
2215 1833
2216 659
2217 2539
2218 751
2219 738
2220 2667
2221 374
2222 2210
2223 2720
2224 1506
2225 2176
2226 646
2227 1044
2228 2578
2229 250
2230 1697
2231 1763
2232 517
2233 1633
2234 880
2235 2058
2236 215
2237 354
2238 1857
2239 796
2240 355
2241 1398
2242 1571
2243 2228
2244 1283
2245 1463
2246 272
2247 1893
2248 19
2249 1873
2250 2369
2251 1374
2252 887
2253 2460
2254 514
2255 1540
2256 1760
2257 413
2258 2280
2259 2577
2260 1528
2261 1550
2262 1713
2263 1468
2264 1979
2265 2582
2266 2639
2267 2575
2268 246
2269 323
2270 302
2271 2334
2272 381
2273 397
2274 1562
2275 2041
2276 1709
2277 1397
2278 709
2279 1124
2280 1287
2281 2628
2282 2676
2283 2170
2284 2424
2285 149
2286 2394
2287 845
2288 101
2289 2026
2290 2149
2291 204
2292 924
2293 2097
2294 243
2295 1898
2296 156
2297 97
2298 528
2299 250
2300 119
2301 483
2302 25
2303 2213
2304 965
2305 541
2306 1543
2307 2198
2308 1541
2309 2214
2310 1117
2311 1222
2312 2192
2313 1813
2314 1012
2315 2356
2316 1964
2317 1706
2318 734
2319 1429
2320 2143
2321 1735
2322 1526
2323 1063
2324 24
2325 2696
2326 1214
2327 1225
2328 1947
2329 1012
2330 1513
2331 2343
2332 2013
2333 2281
2334 895
2335 2208
2336 1134
2337 1529
2338 2596
2339 140
2340 1273
2341 1161
2342 703
2343 1192
2344 407
2345 1230
2346 1249
2347 1609
2348 1376
2349 518
2350 408
2351 1977
2352 1475
2353 2360
2354 1076
2355 2478
2356 667
2357 623
2358 1957
2359 1044
2360 2229
2361 1408
2362 394
2363 1182
2364 359
2365 1285
2366 905
2367 875
2368 2458
2369 2286
2370 153
2371 508
2372 516
2373 426
2374 2178
2375 1606
2376 1679
2377 1113
2378 2061
2379 2508
2380 705
2381 2398
2382 972
2383 768
2384 1568
2385 2487
2386 79
2387 1940
2388 1830
2389 1737
2390 1510
2391 536
2392 1817
2393 1755
2394 1852
2395 220
2396 655
2397 1825
2398 1423
2399 1581
2400 2606
2401 496
2402 2268
2403 1168
2404 996
2405 722
2406 545
2407 580
2408 1729
2409 1469
2410 1148
2411 2434
2412 462
2413 303
2414 1122
2415 1009
2416 1770
2417 775
2418 1844
2419 1545
2420 2619
2421 688
2422 679
2423 1209
2424 1887
2425 2035
2426 489
2427 723
2428 1573
2429 23
2430 1344
2431 2458
2432 2298
2433 173
2434 308
2435 1690
2436 1166
2437 1690
2438 167
2439 272
2440 2469
2441 2234
2442 2653
2443 2001
2444 2208
2445 1650
2446 2194
2447 282
2448 496
2449 462
2450 1371
2451 1961
2452 2707
2453 116
2454 1175
2455 2005
2456 4
2457 2581
2458 1203
2459 2041
2460 1639
2461 348
2462 388
2463 1606
2464 2526
2465 1570
2466 320
2467 312
2468 339
2469 2502
2470 2071
2471 500
2472 2405
2473 2346
2474 1081
2475 595
2476 2095
2477 2577
2478 1922
2479 1030
2480 2652
2481 1375
2482 2225
2483 2564
2484 1724
2485 537
2486 2707
2487 491
2488 817
2489 2299
2490 2200
2491 955
2492 512
2493 2318
2494 1391
2495 1803
2496 1687
2497 2463
2498 1733
2499 582
2500 1377
2501 1343
2502 2058
2503 1899
2504 218
2505 2335
2506 2194
2507 2502
2508 686
2509 976
2510 1671
2511 1902
2512 276
2513 1922
2514 1993
2515 47
2516 598
2517 1639
2518 225
2519 1376
2520 495
2521 309
2522 1332
2523 401
2524 1610
2525 312
2526 1824
2527 2067
2528 1002
2529 998
2530 1472
2531 727
2532 2685
2533 158
2534 2504
2535 1963
2536 391
2537 1126
2538 592
2539 191
2540 156
2541 2041
2542 721
2543 1
2544 1517
2545 559
2546 165
2547 1004
2548 1086
2549 592
2550 2415
2551 1296
2552 1400
2553 1540
2554 1022
2555 1086
2556 7
2557 966
2558 2586
2559 2585
2560 1600
2561 2418
2562 321
2563 1222
2564 2224
2565 371
2566 742
2567 727
2568 1430
2569 2376
2570 2369
2571 885
2572 1354
2573 635
2574 915
2575 1133
2576 1348
2577 2197
2578 1166
2579 109
2580 1761
2581 1810
2582 189
2583 1306
2584 1768
2585 1405
2586 2504
2587 781
2588 384
2589 1335
2590 160
2591 882
2592 342
2593 2691
2594 607
2595 1970
2596 2331
2597 905
2598 2420
2599 2226
2600 1146
2601 2332
2602 312
2603 2259
2604 1737
2605 1583
2606 416
2607 455
2608 1733
2609 2193
2610 1347
2611 2103
2612 518
2613 372
2614 1245
2615 1102
2616 1101
2617 188
2618 1144
2619 1771
2620 881
2621 2346
2622 2222
2623 1584
2624 1174
2625 444
2626 1163
2627 2659
2628 173
2629 2055
2630 2687
2631 2035
2632 2059
2633 879
2634 1871
2635 118
2636 147
2637 1096
2638 873
2639 1540
2640 1349
2641 1736
2642 195
2643 2454
2644 942
2645 564
2646 1441
2647 890
2648 229
2649 2195
2650 1384
2651 2124
2652 1216
2653 2662
2654 1437
2655 502
2656 789
2657 2102
2658 30
2659 624
2660 1780
2661 707
2662 1219
2663 492
2664 958
2665 2619
2666 774
2667 138
2668 2035
2669 303
2670 1261
2671 591
2672 875
2673 1289
2674 703
2675 1801
2676 544
2677 1512
2678 395
2679 2159
2680 430
2681 279
2682 2532
2683 1892
2684 2529
2685 2488
2686 930
2687 2580
2688 2198
2689 2545
2690 857
2691 1357
2692 2289
2693 872
2694 1590
2695 851
2696 1546
2697 25
2698 946
2699 1476
2700 520
2701 1655
2702 1067
2703 863
2704 2205
2705 115
2706 368
2707 2312
2708 2246
2709 2667
2710 758
2711 1412
2712 25
2713 1221
2714 1796
2715 1707
2716 1375
2717 2039
2718 1810
2719 2460
2720 696
2721 760
2722 2523
2723 1092
2724 1942
2725 2572
2726 1905
