0 981
1 2554
2 2118
3 1710
4 2287
5 2123
6 885
7 1718
8 2214
9 1094
10 474
11 169
12 2168
13 1121
14 233
15 2442
16 2043
17 1575
18 2163
19 437
20 1844
21 149
22 249
23 1937
24 247
25 867
26 2583
27 2428
28 766
29 425
30 628
31 123
32 1589
33 1894
34 244
35 2156
36 314
37 2383
38 208
39 570
40 733
41 502
42 1957
43 166
44 2694
45 954
46 1560
47 2426
48 2714
49 2692
50 389
51 2389
52 2444
53 2509
54 2227
55 1230
56 2277
57 1087
58 1461
59 1641
60 2468
61 309
62 2646
63 545
64 406
65 1031
66 1741
67 1508
68 1710
69 1650
70 240
71 2476
72 13
73 841
74 108
75 967
76 2450
77 601
78 599
79 1591
80 438
81 1430
82 1478
83 2041
84 1428
85 2682
86 2418
87 1196
88 1146
89 1981
90 1332
91 1418
92 389
93 1535
94 63
95 899
96 650
97 2073
98 582
99 2581
100 1145
101 2526
102 259
103 536
104 2553
105 2328
106 1496
107 2600
108 1337
109 755
110 2195
111 1224
112 2456
113 1160
114 1854
115 662
116 1632
117 318
118 88
119 2162
120 1958
121 253
122 1277
123 64
124 441
125 8
126 2137
127 1914
128 1877
129 2556
130 2679
131 148
132 1088
133 1209
134 234
135 1438
136 1197
137 1487
138 74
139 2469
140 2638
141 54
142 891
143 1298
144 925
145 368
146 1740
147 553
148 2718
149 789
150 1833
151 1975
152 2195
153 2189
154 2014
155 431
156 715
157 2517
158 451
159 1110
160 1966
161 1472
162 1419
163 194
164 2206
165 2464
166 2469
167 527
168 491
169 386
170 2299
171 800
172 2686
173 695
174 506
175 1039
176 1214
177 1724
178 1118
179 2068
180 2092
181 1497
182 2367
183 2497
184 246
185 885
186 2321
187 499
188 2525
189 1870
190 1009
191 1018
192 1953
193 2184
194 1174
195 567
196 1487
197 520
198 1638
199 177
200 536
201 1274
202 213
203 126
204 988
205 1714
206 1254
207 2501
208 234
209 103
210 82
211 1861
212 744
213 598
214 1472
215 282
216 565
217 1139
218 2513
219 327
220 489
221 1312
222 2596
223 2007
224 2547
225 980
226 164
227 2470
228 97
229 1077
230 2232
231 490
232 1207
233 997
234 1916
235 1054
236 1996
237 1458
238 1263
239 933
240 1297
241 327
242 786
243 438
244 2217
245 1275
246 919
247 524
248 346
249 228
250 2112
251 1787
252 1043
253 612
254 767
255 2613
256 917
257 1997
258 1662
259 321
260 2439
261 1138
262 342
263 377
264 1433
265 1603
266 2247
267 603
268 2440
269 1877
270 1380
271 2091
272 909
273 1823
274 422
275 2321
276 335
277 22
278 1573
279 783
280 2204
281 2671
282 1347
283 285
284 2263
285 1768
286 1869
287 2355
288 2243
289 326
290 1250
291 2261
292 511
293 1504
294 449
295 1006
296 457
297 2538
298 1203
299 242
300 1099
301 2099
302 71
303 211
304 1452
305 2413
306 1530
307 2074
308 1464
309 2163
310 204
311 2041
312 2264
313 445
314 2584
315 410
316 1652
317 672
318 2048
319 2421
320 2178
321 290
322 755
323 442
324 1866
325 492
326 2151
327 603
328 98
329 2277
330 2175
331 1154
332 1818
333 2447
334 2366
335 2445
336 751
337 1624
338 484
339 1115
340 1731
341 257
342 544
343 1737
344 468
345 2394
346 471
347 2301
348 1692
349 1935
350 2229
351 1168
352 2106
353 248
354 1123
355 1441
356 355
357 1496
358 1301
359 1904
360 353
361 598
362 1985
363 109
364 911
365 2553
366 330
367 747
368 2528
369 1115
370 1652
371 1035
372 1731
373 511
374 1905
375 120
376 1969
377 2016
378 2322
379 1028
380 544
381 902
382 1894
383 2254
384 1335
385 52
386 2462
387 1120
388 858
389 1018
390 162
391 5
392 505
393 2563
394 617
395 2085
396 2546
397 1399
398 1812
399 2430
400 1718
401 1014
402 2547
403 651
404 731
405 2031
406 2175
407 90
408 1177
409 2268
410 597
411 1579
412 1529
413 1604
414 998
415 2483
416 496
417 785
418 645
419 1705
420 2400
421 2580
422 1332
423 1790
424 808
425 444
426 2021
427 943
428 853
429 681
430 2273
431 398
432 1669
433 877
434 397
435 2093
436 2318
437 1789
438 2429
439 1418
440 744
441 1563
442 2554
443 2161
444 1261
445 2110
446 274
447 333
448 728
449 185
450 1828
451 1591
452 1268
453 2186
454 665
455 605
456 1443
457 1120
458 694
459 952
460 255
461 1894
462 874
463 474
464 715
465 1596
466 1983
467 601
468 343
469 1846
470 2238
471 1407
472 469
473 1455
474 1839
475 1717
476 205
477 425
478 1985
479 1558
480 707
481 225
482 1647
483 2577
484 73
485 1677
486 937
487 1262
488 2521
489 690
490 1162
491 1966
492 1651
493 614
494 2695
495 1520
496 1105
497 2581
498 418
499 0
500 22
501 2597
502 1954
503 679
504 925
505 1517
506 2316
507 2705
508 208
509 2479
510 995
511 1005
512 75
513 577
514 829
515 1350
516 1656
517 1304
518 691
519 733
520 2101
521 805
522 227
523 1858
524 2189
525 1518
526 1199
527 885
528 1299
529 577
530 970
531 1933
532 1256
533 2259
534 854
535 1155
536 2714
537 1082
538 1199
539 820
540 1626
541 1767
542 2051
543 2656
544 2085
545 1867
546 1822
547 280
548 100
549 1960
550 1245
551 713
552 374
553 1526
554 217
555 1176
556 2628
557 1652
558 1199
559 1141
560 2693
561 1143
562 804
563 2605
564 1218
565 1468
566 438
567 2123
568 1175
569 954
570 2058
571 2174
572 2263
573 1444
574 300
575 2103
576 957
577 1321
578 576
579 1828
580 301
581 1499
582 2452
583 1927
584 1612
585 280
586 2154
587 1583
588 1180
589 237
590 605
591 1988
592 2651
593 558
594 637
595 2371
596 907
597 1183
598 142
599 2369
600 2028
601 1351
602 1458
603 2554
604 1903
605 800
606 1428
607 2309
608 1549
609 2019
610 374
611 2651
612 1668
613 1616
614 172
615 516
616 2118
617 2011
618 2404
619 879
620 1682
621 2208
622 2042
623 408
624 952
625 667
626 2654
627 2245
628 2640
629 2624
630 736
631 1253
632 1541
633 623
634 2132
635 335
636 751
637 1144
638 128
639 1979
640 639
641 2232
642 1619
643 1186
644 1567
645 1303
646 1415
647 216
648 1715
649 436
650 891
651 2414
652 1349
653 2394
654 28
655 1993
656 1281
657 984
658 2174
659 2610
660 1434
661 470
662 1822
663 1567
664 1587
665 2037
666 2146
667 1567
668 1989
669 633
670 1707
671 827
672 1682
673 1809
674 1371
675 122
676 949
677 2445
678 381
679 1027
680 1361
681 873
682 1995
683 2630
684 131
685 1049
686 2724
687 1306
688 443
689 2017
690 2664
691 2084
692 1097
693 1594
694 2080
695 2463
696 2137
697 2406
698 1733
699 1798
700 2440
701 2684
702 1510
703 2333
704 1406
705 2056
706 2439
707 1610
708 517
709 2234
710 2012
711 1791
712 1106
713 1857
714 1153
715 2038
716 610
717 2671
718 1929
719 532
720 1248
721 1208
722 1419
723 2562
724 607
725 1958
726 1214
727 167
728 2481
729 79
730 2241
731 2490
732 898
733 1827
734 1072
735 1197
736 1337
737 2004
738 74
739 341
740 216
741 1294
742 150
743 38
744 676
745 439
746 719
747 95
748 833
749 923
750 1422
751 642
752 2109
753 266
754 769
755 2424
756 2254
757 1631
758 2078
759 217
760 179
761 998
762 2319
763 2645
764 2461
765 2454
766 700
767 1690
768 2001
769 2678
770 463
771 1667
772 2685
773 253
774 1027
775 1600
776 376
777 398
778 1162
779 2608
780 2142
781 764
782 971
783 670
784 1689
785 577
786 1119
787 138
788 877
789 2230
790 2692
791 2233
792 229
793 2662
794 2682
795 152
796 1072
797 743
798 983
799 1361
800 2057
801 1358
802 1829
803 198
804 2525
805 2454
806 506
807 1126
808 2673
809 1892
810 1899
811 697
812 9
813 1448
814 2022
815 602
816 696
817 1863
818 2060
819 2120
820 2418
821 2421
822 1357
823 2694
824 592
825 1918
826 117
827 1948
828 1479
829 1019
830 62
831 114
832 1581
833 1331
834 1609
835 1018
836 707
837 1662
838 1187
839 931
840 1282
841 808
842 437
843 667
844 1495
845 2694
846 121
847 2063
848 372
849 88
850 1362
851 1359
852 1871
853 2642
854 1629
855 1175
856 955
857 1836
858 2398
859 1904
860 1301
861 209
862 2249
863 2481
864 1836
865 2448
866 2443
867 903
868 144
869 1249
870 1291
871 1997
872 38
873 1674
874 277
875 734
876 457
877 2042
878 159
879 354
880 1207
881 2181
882 572
883 2375
884 694
885 1416
886 1222
887 524
888 1847
889 1609
890 1744
891 2072
892 2506
893 665
894 972
895 1575
896 731
897 935
898 1605
899 1413
900 854
901 2032
902 1161
903 2563
904 2640
905 606
906 176
907 535
908 708
909 2521
910 1112
911 233
912 2052
913 741
914 2572
915 2464
916 518
917 2337
918 1242
919 1164
920 1171
921 1848
922 853
923 2419
924 1408
925 2095
926 486
927 1451
928 352
929 199
930 1643
931 2423
932 1406
933 17
934 1910
935 1046
936 312
937 872
938 1854
939 1839
940 679
941 2050
942 763
943 1031
944 175
945 2138
946 2017
947 1686
948 43
949 744
950 179
951 2181
952 1078
953 2034
954 399
955 765
956 708
957 938
958 2255
959 2111
960 1469
961 1054
962 813
963 1600
964 49
965 134
966 5
967 83
968 1183
969 2335
970 1783
971 1674
972 2233
973 1057
974 2025
975 1435
976 1094
977 299
978 897
979 343
980 1827
981 2610
982 2301
983 1295
984 1925
985 1955
986 215
987 1297
988 918
989 426
990 683
991 1908
992 1395
993 1939
994 178
995 2492
996 1990
997 973
998 280
999 1012
1000 19
1001 1272
1002 1098
1003 489
1004 74
1005 874
1006 941
1007 2272
1008 559
1009 1910
1010 492
1011 2571
1012 343
1013 629
1014 465
1015 542
1016 2396
1017 1594
1018 829
1019 1255
1020 2523
1021 1637
1022 603
1023 742
1024 927
1025 1790
1026 1193
1027 1482
1028 735
1029 990
1030 2267
1031 347
1032 1517
1033 1726
1034 99
1035 2656
1036 1226
1037 930
1038 2244
1039 898
1040 785
1041 2045
1042 739
1043 521
1044 1068
1045 1427
1046 1158
1047 73
1048 847
1049 106
1050 2439
1051 1271
1052 99
1053 595
1054 2504
1055 1996
1056 1212
1057 1426
1058 868
1059 1409
1060 2295
1061 1517
1062 1437
1063 1452
1064 939
1065 74
1066 371
1067 1946
1068 2270
1069 1152
1070 1334
1071 539
1072 363
1073 1815
1074 78
1075 2110
1076 1002
1077 2131
1078 836
1079 549
1080 1804
1081 2414
1082 1033
1083 2024
1084 582
1085 308
1086 561
1087 1214
1088 314
1089 634
1090 556
1091 2686
1092 1324
1093 115
1094 145
1095 1585
1096 633
1097 533
1098 321
1099 2578
1100 78
1101 1266
1102 2605
1103 2475
1104 2602
1105 2167
1106 2298
1107 2231
1108 1778
1109 411
1110 704
1111 2509
1112 1001
1113 1272
1114 356
1115 2308
1116 1878
1117 701
1118 2163
1119 2673
1120 2288
1121 2245
1122 2605
1123 913
1124 1640
1125 1188
1126 2309
1127 1090
1128 213
1129 483
1130 38
1131 464
1132 527
1133 1900
1134 2228
1135 2513
1136 1735
1137 1521
1138 400
1139 252
1140 1097
1141 2683
1142 364
1143 2141
1144 1100
1145 2172
1146 686
1147 834
1148 249
1149 64
1150 2162
1151 2101
1152 2030
1153 137
1154 1177
1155 861
1156 2616
1157 1636
1158 2228
1159 921
1160 1603
1161 1665
1162 354
1163 916
1164 1383
1165 367
1166 1654
1167 1687
1168 2168
1169 100
1170 591
1171 2650
1172 2107
1173 1189
1174 1337
1175 439
1176 850
1177 700
1178 2157
1179 2260
1180 12
1181 2012
1182 2312
1183 984
1184 2708
1185 964
1186 1285
1187 2076
1188 2570
1189 80
1190 1474
1191 672
1192 1766
1193 2541
1194 356
1195 2623
1196 1841
1197 2060
1198 598
1199 1437
1200 127
1201 810
1202 807
1203 2098
1204 1457
1205 24
1206 24
1207 1495
1208 2623
1209 32
1210 1558
1211 1813
1212 320
1213 1548
1214 1556
1215 857
1216 528
1217 2350
1218 1955
1219 185
1220 1321
1221 516
1222 2273
1223 1858
1224 1183
1225 433
1226 2686
1227 340
1228 1779
1229 1119
1230 632
1231 1833
1232 759
1233 943
1234 1472
1235 2212
1236 36
1237 366
1238 1782
1239 1655
1240 674
1241 2440
1242 1565
1243 407
1244 1786
1245 2165
1246 1516
1247 1620
1248 263
1249 1749
1250 1432
1251 1833
1252 1330
1253 1606
1254 1869
1255 1920
1256 769
1257 1256
1258 2482
1259 2549
1260 616
1261 790
1262 1761
1263 1642
1264 2542
1265 1368
1266 1946
1267 124
1268 1749
1269 1510
1270 342
1271 775
1272 1029
1273 2515
1274 155
1275 1132
1276 1966
1277 1667
1278 6
1279 2320
1280 264
1281 57
1282 2036
1283 2442
1284 2531
1285 1302
1286 2455
1287 2211
1288 1548
1289 1549
1290 2659
1291 707
1292 2005
1293 499
1294 1782
1295 142
1296 1061
1297 1572
1298 1273
1299 1891
1300 632
1301 1044
1302 2637
1303 553
1304 2450
1305 1199
1306 219
1307 1367
1308 1251
1309 1828
1310 2519
1311 2482
1312 901
1313 1680
1314 111
1315 1169
1316 1155
1317 937
1318 1228
1319 2371
1320 2246
1321 2439
1322 2671
1323 264
1324 2288
1325 950
1326 1976
1327 728
1328 1892
1329 1265
1330 714
1331 2647
1332 2246
1333 213
1334 2255
1335 1550
1336 675
1337 518
1338 270
1339 2005
1340 2027
1341 2490
1342 264
1343 156
1344 2411
1345 2204
1346 1283
1347 1979
1348 2368
1349 2620
1350 814
1351 1804
1352 513
1353 1366
1354 1294
1355 305
1356 1776
1357 660
1358 1553
1359 590
1360 1987
1361 822
1362 1350
1363 1555
1364 1404
1365 1193
1366 368
1367 1789
1368 374
1369 1378
1370 163
1371 161
1372 1717
1373 13
1374 953
1375 417
1376 1826
1377 931
1378 2265
1379 714
1380 1499
1381 736
1382 506
1383 1816
1384 1495
1385 8
1386 2487
1387 270
1388 2684
1389 1413
1390 2008
1391 269
1392 2219
1393 2076
1394 1613
1395 2533
1396 1863
1397 69
1398 1854
1399 728
1400 377
1401 1027
1402 831
1403 1707
1404 28
1405 1405
1406 656
1407 1868
1408 33
1409 2504
1410 971
1411 255
1412 1819
1413 2683
1414 735
1415 250
1416 1709
1417 1112
1418 1687
1419 957
1420 2272
1421 878
1422 1151
1423 1617
1424 707
1425 2088
1426 1832
1427 2162
1428 2100
1429 294
1430 714
1431 1834
1432 544
1433 280
1434 1982
1435 234
1436 527
1437 8
1438 2103
1439 976
1440 375
1441 2408
1442 2143
1443 393
1444 2028
1445 986
1446 2193
1447 531
1448 80
1449 2423
1450 2227
1451 1856
1452 23
1453 1492
1454 337
1455 1823
1456 194
1457 1978
1458 1930
1459 2331
1460 1215
1461 311
1462 1171
1463 18
1464 2133
1465 2342
1466 2524
1467 180
1468 2475
1469 86
1470 845
1471 2086
1472 417
1473 1460
1474 1042
1475 2451
1476 2070
1477 529
1478 36
1479 2132
1480 1139
1481 1191
1482 544
1483 2173
1484 1773
1485 1056
1486 2446
1487 1497
1488 1937
1489 1680
1490 2361
1491 1131
1492 566
1493 1753
1494 971
1495 2359
1496 1791
1497 282
1498 1574
1499 1000
1500 579
1501 1475
1502 1962
1503 969
1504 219
1505 2564
1506 2343
1507 635
1508 1580
1509 1912
1510 1753
1511 1859
1512 1027
1513 948
1514 341
1515 1442
1516 1119
1517 1666
1518 1068
1519 2274
1520 1801
1521 1932
1522 2676
1523 1479
1524 1669
1525 1149
1526 1661
1527 1936
1528 658
1529 428
1530 2008
1531 2108
1532 991
1533 2286
1534 1391
1535 1522
1536 2396
1537 463
1538 2701
1539 2165
1540 2615
1541 735
1542 2449
1543 1750
1544 166
1545 2613
1546 296
1547 524
1548 33
1549 1208
1550 2280
1551 2436
1552 2641
1553 1431
1554 281
1555 1670
1556 1870
1557 2630
1558 6
1559 71
1560 1601
1561 727
1562 644
1563 234
1564 1940
1565 1354
1566 671
1567 1668
1568 525
1569 908
1570 2334
1571 2260
1572 636
1573 1282
1574 1246
1575 1606
1576 2458
1577 1520
1578 2452
1579 2019
1580 2530
1581 1987
1582 2401
1583 99
1584 171
1585 1521
1586 1461
1587 1599
1588 534
1589 389
1590 1499
1591 1591
1592 270
1593 986
1594 2188
1595 1543
1596 1829
1597 351
1598 2652
1599 1948
1600 2027
1601 2045
1602 1726
1603 2636
1604 2552
1605 1788
1606 303
1607 2691
1608 1346
1609 2493
1610 87
1611 1250
1612 2377
1613 1344
1614 1994
1615 828
1616 512
1617 1470
1618 2543
1619 2037
1620 2342
1621 1783
1622 1123
1623 798
1624 1249
1625 169
1626 670
1627 1963
1628 2232
1629 349
1630 1712
1631 608
1632 1664
1633 339
1634 669
1635 1508
1636 1252
1637 1890
1638 2650
1639 835
1640 1870
1641 243
1642 900
1643 2496
1644 1687
1645 2387
1646 2207
1647 213
1648 1720
1649 1171
1650 2561
1651 790
1652 620
1653 1261
1654 1505
1655 919
1656 653
1657 1789
1658 645
1659 1160
1660 2196
1661 480
1662 1095
1663 2721
1664 1303
1665 1826
1666 1206
1667 855
1668 2700
1669 1375
1670 193
1671 1440
1672 950
1673 1093
1674 570
1675 543
1676 81
1677 1850
1678 1874
1679 174
1680 730
1681 1993
1682 1349
1683 1298
1684 1751
1685 1677
1686 908
1687 1166
1688 876
1689 357
1690 1749
1691 1863
1692 2461
1693 1806
1694 2152
1695 2545
1696 1198
1697 1115
1698 2438
1699 2537
1700 2429
1701 882
1702 543
1703 2453
1704 2529
1705 1470
1706 1062
1707 1710
1708 2516
1709 1744
1710 2708
1711 2026
1712 2252
1713 2138
1714 25
1715 603
1716 2413
1717 977
1718 2089
1719 720
1720 2552
1721 426
1722 1252
1723 222
1724 905
1725 2686
1726 856
1727 2069
1728 544
1729 2098
1730 389
1731 1502
1732 1081
1733 2063
1734 2377
1735 458
1736 1184
1737 1653
1738 258
1739 566
1740 2587
1741 733
1742 1248
1743 830
1744 2318
1745 786
1746 1645
1747 1241
1748 2563
1749 2139
1750 947
1751 2074
1752 612
1753 462
1754 1449
1755 1319
1756 349
1757 2065
1758 289
1759 928
1760 28
1761 1556
1762 2416
1763 306
1764 454
1765 604
1766 126
1767 1066
1768 461
1769 1833
1770 803
1771 224
1772 122
1773 1240
1774 1765
1775 560
1776 1710
1777 656
1778 2097
1779 547
1780 1857
1781 2062
1782 2018
1783 2491
1784 385
1785 1743
1786 740
1787 2688
1788 2035
1789 923
1790 481
1791 2203
1792 1393
1793 1909
1794 1598
1795 2219
1796 973
1797 2260
1798 737
1799 406
1800 906
1801 1954
1802 1271
1803 1815
1804 2641
1805 323
1806 1927
1807 15
1808 1285
1809 405
1810 2446
1811 1001
1812 725
1813 78
1814 2296
1815 2406
1816 1346
1817 1524
1818 122
1819 973
1820 267
1821 1051
1822 1679
1823 1748
1824 844
1825 844
1826 532
1827 1600
1828 129
1829 2429
1830 2320
1831 756
1832 952
1833 1338
1834 2093
1835 353
1836 1486
1837 1548
1838 20
1839 431
1840 1313
1841 2096
1842 472
1843 1883
1844 621
1845 650
1846 22
1847 336
1848 753
1849 162
1850 613
1851 1538
1852 681
1853 485
1854 2288
1855 763
1856 863
1857 1323
1858 2098
1859 2550
1860 1000
1861 2173
1862 2361
1863 978
1864 761
1865 2465
1866 645
1867 2691
1868 156
1869 1848
1870 2392
1871 1613
1872 1565
1873 950
1874 2078
1875 1752
1876 703
1877 160
1878 2153
1879 630
1880 1981
1881 2667
1882 155
1883 2311
1884 1056
1885 853
1886 1263
1887 1036
1888 2275
1889 32
1890 1204
1891 427
1892 1483
1893 1233
1894 2654
1895 392
1896 1123
1897 562
1898 837
1899 2571
1900 357
1901 329
1902 262
1903 1595
1904 2716
1905 1186
1906 567
1907 1296
1908 55
1909 1811
1910 724
1911 168
1912 312
1913 101
1914 2304
1915 1835
1916 1377
1917 95
1918 2450
1919 284
1920 967
1921 1206
1922 2391
1923 578
1924 2145
1925 1881
1926 105
1927 2603
1928 1924
1929 1700
1930 692
1931 1293
1932 640
1933 636
1934 865
1935 1238
1936 1527
1937 943
1938 475
1939 558
1940 1494
1941 1463
1942 2672
1943 1641
1944 2718
1945 546
1946 1906
1947 2537
1948 2434
1949 2156
1950 1879
1951 971
1952 1089
1953 120
1954 708
1955 2667
1956 2168
1957 216
1958 1635
1959 204
1960 1967
1961 1140
1962 1619
1963 2230
1964 749
1965 683
1966 844
1967 585
1968 1259
1969 721
1970 384
1971 717
1972 2423
1973 2156
1974 1274
1975 149
1976 1247
1977 3
1978 972
1979 1096
1980 2635
1981 1915
1982 1547
1983 703
1984 702
1985 1103
1986 652
1987 2486
1988 58
1989 464
1990 650
1991 204
1992 71
1993 992
1994 933
1995 1041
1996 1112
1997 654
1998 1458
1999 1861
2000 2090
2001 1987
2002 1805
2003 125
2004 1924
2005 2390
2006 1401
2007 1536
2008 369
2009 2431
2010 1777
2011 1973
2012 2012
2013 2491
2014 846
2015 1037
2016 434
2017 2119
2018 388
2019 1369
2020 221
2021 2416
2022 599
2023 695
2024 189
2025 2584
2026 1453
2027 2305
2028 374
2029 931
2030 2514
2031 738
2032 516
2033 1099
2034 2000
2035 2528
2036 847
2037 1686
2038 1664
2039 314
2040 793
2041 1347
2042 2644
2043 995
2044 1297
2045 2053
2046 948
2047 2336
2048 678
2049 719
2050 2720
2051 197
2052 2116
2053 2159
2054 1678
2055 1248
2056 1563
2057 2297
2058 2568
2059 1383
2060 930
2061 1166
2062 251
2063 1795
2064 2666
2065 1620
2066 2420
2067 319
2068 1148
2069 2110
2070 2395
2071 317
2072 1998
2073 1584
2074 808
2075 1178
2076 296
2077 1825
2078 205
2079 2457
2080 1061
2081 1570
2082 1507
2083 1748
2084 493
2085 2425
2086 1451
2087 1987
2088 867
2089 1592
2090 585
2091 767
2092 2082
2093 548
2094 2721
2095 1033
2096 1752
2097 1412
2098 763
2099 2205
2100 1515
2101 2280
2102 2065
2103 1775
2104 1245
2105 2061
2106 2040
2107 789
2108 1486
2109 174
2110 108
2111 2064
2112 2287
2113 686
2114 138
2115 754
2116 832
2117 1564
2118 2053
2119 186
2120 871
2121 1838
2122 66
2123 2032
2124 446
2125 1500
2126 2712
2127 2147
2128 1446
2129 1715
2130 1016
2131 1916
2132 1403
2133 1494
2134 1306
2135 1388
2136 943
2137 1902
2138 1097
2139 666
2140 2495
2141 1814
2142 778
2143 195
2144 469
2145 1949
2146 1016
2147 1479
2148 46
2149 2511
2150 1374
2151 124
2152 1251
2153 2601
2154 1381
2155 2111
2156 1395
2157 2319
2158 2644
2159 584
2160 686
2161 1978
2162 2045
2163 1033
2164 252
2165 1209
2166 1966
2167 1482
2168 2129
2169 1725
2170 892
2171 1821
2172 541
2173 2557
2174 1775
2175 1537
2176 2242
2177 2479
2178 332
2179 268
2180 2300
2181 1992
2182 2120
2183 1799
2184 2308
2185 356
2186 951
2187 279
2188 1365
2189 24
2190 2624
2191 2383
2192 556
2193 2107
2194 1472
2195 231
2196 1417
2197 18
2198 2714
2199 2200
2200 1111
2201 44
2202 2716
2203 2078
2204 284
2205 262
2206 977
2207 1876
2208 2354
2209 624
2210 138
2211 1533
2212 1210
2213 1061
2214 2043
2215 1651
2216 1366
2217 954
2218 830
2219 1497
2220 712
2221 2323
2222 274
2223 1275
2224 2562
2225 1288
2226 2596
2227 2444
2228 1377
2229 2228
2230 525
2231 1478
2232 2694
2233 1745
2234 1361
2235 2704
2236 2699
2237 694
2238 532
2239 1565
2240 87
2241 2079
2242 227
2243 1628
2244 392
2245 827
2246 2462
2247 2245
2248 1548
2249 1288
2250 2212
2251 533
2252 1667
2253 219
2254 278
2255 325
2256 488
2257 265
2258 1803
2259 2216
2260 1882
2261 84
2262 1127
2263 539
2264 1136
2265 2106
2266 367
2267 2315
2268 237
2269 1645
2270 2126
2271 2446
2272 1279
2273 1385
2274 2061
2275 1817
2276 356
2277 1903
2278 1249
2279 660
2280 1596
2281 87
2282 622
2283 1944
2284 204
2285 1402
2286 288
2287 1081
2288 1659
2289 1406
2290 1369
2291 1557
2292 233
2293 2496
2294 1737
2295 2685
2296 1447
2297 2621
2298 1002
2299 1562
2300 1566
2301 1577
2302 301
2303 775
2304 962
2305 849
2306 1984
2307 2375
2308 2111
2309 279
2310 1604
2311 2164
2312 738
2313 213
2314 1387
2315 1148
2316 2542
2317 2337
2318 848
2319 1569
2320 1444
2321 2061
2322 123
2323 2424
2324 452
2325 491
2326 1430
2327 1164
2328 946
2329 603
2330 1529
2331 1695
2332 1957
2333 1525
2334 2302
2335 1319
2336 175
2337 97
2338 1866
2339 2516
2340 95
2341 2109
2342 502
2343 673
2344 2047
2345 1423
2346 1694
2347 381
2348 121
2349 323
2350 1953
2351 67
2352 392
2353 552
2354 770
2355 2101
2356 974
2357 603
2358 657
2359 1530
2360 1570
2361 2328
2362 1881
2363 2512
2364 1188
2365 2553
2366 2347
2367 1676
2368 556
2369 1682
2370 1851
2371 1998
2372 2433
2373 850
2374 2042
2375 1905
2376 1616
2377 744
2378 1983
2379 2008
2380 934
2381 296
2382 1396
2383 1335
2384 1084
2385 1666
2386 831
2387 1672
2388 2356
2389 1302
2390 1931
2391 1762
2392 654
2393 676
2394 2495
2395 920
2396 2084
2397 1130
2398 2390
2399 1670
2400 2027
2401 966
2402 1854
2403 2439
2404 1511
2405 392
2406 2204
2407 515
2408 1555
2409 735
2410 2051
2411 1516
2412 46
2413 1662
2414 783
2415 1207
2416 868
2417 1944
2418 2435
2419 2243
2420 1529
2421 1988
2422 1096
2423 1152
2424 2171
2425 2078
2426 426
2427 1678
2428 526
2429 309
2430 2431
2431 1337
2432 443
2433 1728
2434 289
2435 2595
2436 185
2437 2685
2438 2475
2439 1601
2440 348
2441 863
2442 2267
2443 1135
2444 877
2445 385
2446 1281
2447 2053
2448 1713
2449 119
2450 753
2451 719
2452 2075
2453 2124
2454 1233
2455 1289
2456 2336
2457 808
2458 1413
2459 2429
2460 2651
2461 1583
2462 1212
2463 2196
2464 1294
2465 28
2466 2463
2467 2056
2468 1702
2469 1408
2470 650
2471 1545
2472 1635
2473 1149
2474 67
2475 1501
2476 112
2477 432
2478 2057
2479 2327
2480 767
2481 775
2482 2229
2483 150
2484 1633
2485 1553
2486 1852
2487 2169
2488 1333
2489 286
2490 1333
2491 1548
2492 83
2493 43
2494 2187
2495 2714
2496 1823
2497 2117
2498 655
2499 2697
2500 2556
2501 693
2502 1654
2503 2454
2504 2279
2505 1032
2506 1447
2507 1072
2508 647
2509 1494
2510 2168
2511 816
2512 313
2513 2562
2514 882
2515 1078
2516 773
2517 715
2518 169
2519 2182
2520 2079
2521 1407
2522 2119
2523 1200
2524 2215
2525 76
2526 983
2527 943
2528 2309
2529 394
2530 1647
2531 1926
2532 1534
2533 148
2534 2239
2535 2124
2536 633
2537 1585
2538 1917
2539 2379
2540 1860
2541 1803
2542 249
2543 2565
2544 1487
2545 2262
2546 1560
2547 111
2548 974
2549 2636
2550 1772
2551 1592
2552 2363
2553 832
2554 2682
2555 829
2556 1285
2557 936
2558 639
2559 2519
2560 2338
2561 895
2562 1719
2563 877
2564 965
2565 2293
2566 1083
2567 878
2568 2614
2569 249
2570 2194
2571 85
2572 1394
2573 1756
2574 2040
2575 523
2576 400
2577 1467
2578 934
2579 547
2580 435
2581 1691
2582 1002
2583 161
2584 2125
2585 750
2586 2274
2587 749
2588 104
2589 536
2590 2407
2591 1626
2592 210
2593 1697
2594 804
2595 2626
2596 87
2597 2534
2598 2259
2599 259
2600 1192
2601 1690
2602 1302
2603 1017
2604 2581
2605 58
2606 305
2607 489
2608 261
2609 819
2610 2476
2611 497
2612 2015
2613 134
2614 798
2615 46
2616 1074
2617 60
2618 1705
2619 1742
2620 256
2621 2076
2622 1710
2623 1656
2624 1936
2625 618
2626 1883
2627 712
2628 2406
2629 2181
2630 2530
2631 2493
2632 1519
2633 1111
2634 2305
2635 2321
2636 1205
2637 1489
2638 1033
2639 1325
2640 2315
2641 367
2642 2026
2643 1451
2644 2698
2645 1707
2646 1170
2647 1487
2648 2324
2649 1537
2650 1866
2651 1158
2652 659
2653 696
2654 1014
2655 255
2656 1250
2657 1431
2658 2132
2659 582
2660 47
2661 2228
2662 1707
2663 1524
2664 232
2665 1398
2666 266
2667 47
2668 800
2669 1113
2670 90
2671 109
2672 2602
2673 1302
2674 2707
2675 451
2676 2065
2677 2003
2678 583
2679 225
2680 1843
2681 1332
2682 1012
2683 1424
2684 1717
2685 1619
2686 2229
2687 1870
2688 1745
2689 2082
2690 2509
2691 1727
2692 581
2693 1885
2694 136
2695 2698
2696 2062
2697 552
2698 1053
2699 1478
2700 704
2701 514
2702 917
2703 1015
2704 2485
2705 2554
2706 524
2707 1579
2708 195
2709 1718
2710 1557
2711 1404
2712 181
2713 1044
2714 1800
2715 2178
2716 1418
2717 2050
2718 1698
2719 1849
2720 2522
2721 691
2722 913
2723 185
2724 1210
2725 492
2726 180
0 981
1 241
2 2118
3 605
4 2287
5 1938
6 2346
7 648
8 2473
9 1433
10 574
11 169
12 2168
13 1121
14 1532
15 2442
16 2265
17 1539
18 2257
19 1736
20 1067
21 7
22 249
23 1382
24 2723
25 339
26 2374
27 2428
28 2484
29 358
30 2099
31 329
32 1589
33 2665
34 2701
35 98
36 314
37 161
38 1788
39 570
40 1379
41 338
42 349
43 1070
44 2694
45 1015
46 1560
47 2426
48 78
49 2692
50 1563
51 1909
52 2285
53 1263
54 243
55 977
56 1549
57 1087
58 1461
59 1641
60 2468
61 1698
62 1369
63 545
64 754
65 1583
66 2281
67 2526
68 516
69 2291
70 547
71 2699
72 139
73 841
74 108
75 967
76 949
77 601
78 599
79 1591
80 438
81 1430
82 1478
83 1479
84 1863
85 641
86 115
87 411
88 1640
89 2437
90 1332
91 281
92 389
93 1485
94 2550
95 511
96 650
97 2073
98 659
99 927
100 2386
101 2526
102 259
103 347
104 432
105 1623
106 1496
107 2095
108 1337
109 755
110 729
111 1224
112 2609
113 2154
114 1854
115 1069
116 1632
117 318
118 88
119 2162
120 1074
121 253
122 1277
123 64
124 2710
125 1000
126 2570
127 1914
128 186
129 2556
130 2679
131 1703
132 1491
133 559
134 2473
135 1438
136 2198
137 686
138 2188
139 2469
140 2638
141 495
142 1335
143 1298
144 925
145 368
146 2094
147 1622
148 2718
149 789
150 1194
151 2541
152 565
153 2189
154 2014
155 431
156 2482
157 2517
158 451
159 1357
160 2397
161 184
162 1419
163 140
164 1065
165 287
166 1958
167 527
168 1340
169 703
170 25
171 784
172 2686
173 1607
174 506
175 1590
176 79
177 1724
178 2022
179 1891
180 1159
181 1072
182 2367
183 714
184 2318
185 1994
186 2321
187 1481
188 1519
189 1870
190 471
191 1947
192 1953
193 2277
194 1072
195 567
196 1487
197 446
198 1638
199 194
200 536
201 1274
202 504
203 2162
204 1930
205 1731
206 1254
207 2501
208 2599
209 2490
210 860
211 2232
212 744
213 1161
214 910
215 1665
216 565
217 1162
218 1870
219 16
220 489
221 1434
222 841
223 1475
224 2288
225 1202
226 164
227 2470
228 97
229 906
230 2232
231 2197
232 1207
233 997
234 962
235 784
236 1996
237 1458
238 1420
239 933
240 1913
241 327
242 2347
243 1299
244 1758
245 2630
246 1362
247 524
248 346
249 228
250 328
251 1787
252 903
253 1793
254 2585
255 1123
256 917
257 1997
258 797
259 321
260 2439
261 1838
262 1680
263 889
264 1433
265 2395
266 708
267 2355
268 1111
269 1234
270 1380
271 2047
272 2361
273 7
274 1783
275 2321
276 595
277 22
278 1833
279 593
280 2204
281 2671
282 578
283 285
284 622
285 2531
286 1487
287 2355
288 1338
289 455
290 1935
291 2261
292 511
293 1504
294 1479
295 842
296 457
297 2538
298 48
299 1099
300 1099
301 1690
302 2019
303 1873
304 761
305 2413
306 1530
307 513
308 358
309 1328
310 204
311 2041
312 1617
313 445
314 1408
315 410
316 2523
317 672
318 2253
319 1925
320 2178
321 290
322 755
323 2497
324 1866
325 2162
326 1782
327 1832
328 98
329 562
330 234
331 1154
332 1818
333 2639
334 1337
335 1794
336 1618
337 791
338 2683
339 447
340 1731
341 968
342 863
343 1737
344 2388
345 1472
346 132
347 1296
348 314
349 1110
350 2229
351 1168
352 2106
353 1180
354 1501
355 833
356 1432
357 1496
358 2026
359 1278
360 353
361 962
362 129
363 1536
364 911
365 1187
366 330
367 675
368 2528
369 1115
370 220
371 2615
372 1731
373 511
374 1317
375 144
376 1359
377 1080
378 2177
379 934
380 256
381 902
382 2470
383 2646
384 1335
385 2060
386 2462
387 1998
388 1676
389 993
390 162
391 1700
392 236
393 2563
394 60
395 1957
396 2546
397 2185
398 1812
399 2706
400 1718
401 1014
402 2679
403 651
404 526
405 650
406 95
407 2221
408 717
409 2268
410 1163
411 274
412 2081
413 608
414 398
415 349
416 496
417 785
418 645
419 1705
420 36
421 855
422 1332
423 22
424 2084
425 1103
426 672
427 683
428 853
429 1081
430 2273
431 398
432 555
433 877
434 397
435 2093
436 1302
437 973
438 2429
439 1334
440 744
441 265
442 2554
443 2161
444 1088
445 2110
446 274
447 933
448 728
449 423
450 2106
451 875
452 1268
453 74
454 665
455 2051
456 2329
457 1120
458 146
459 604
460 255
461 1894
462 874
463 474
464 1520
465 2339
466 1764
467 1823
468 1062
469 1478
470 1643
471 1880
472 469
473 1455
474 4
475 1877
476 1309
477 425
478 1776
479 1053
480 47
481 225
482 1647
483 917
484 73
485 665
486 937
487 963
488 674
489 2138
490 1250
491 881
492 1651
493 471
494 2695
495 134
496 1537
497 1282
498 913
499 0
500 22
501 195
502 26
503 679
504 1012
505 2405
506 2010
507 2705
508 1371
509 2479
510 995
511 1172
512 1135
513 338
514 2638
515 931
516 1656
517 2302
518 691
519 1006
520 2101
521 805
522 514
523 1572
524 2189
525 1781
526 1199
527 945
528 1299
529 577
530 970
531 2392
532 397
533 1915
534 1449
535 1100
536 2714
537 1082
538 1199
539 150
540 2204
541 834
542 2051
543 2656
544 2085
545 721
546 2551
547 280
548 100
549 1960
550 1245
551 713
552 374
553 835
554 217
555 2051
556 1158
557 1652
558 1199
559 1141
560 2262
561 1694
562 804
563 1947
564 1218
565 1589
566 438
567 2685
568 1704
569 954
570 2058
571 276
572 250
573 1444
574 300
575 2259
576 957
577 1321
578 832
579 1828
580 769
581 2325
582 1883
583 2653
584 1612
585 280
586 2154
587 1583
588 1180
589 237
590 605
591 1988
592 1508
593 264
594 2186
595 284
596 2400
597 2139
598 2089
599 2144
600 2051
601 1351
602 1458
603 2554
604 556
605 1187
606 1428
607 2309
608 1549
609 2019
610 374
611 2651
612 1668
613 1616
614 172
615 1285
616 2118
617 904
618 1507
619 879
620 1682
621 2646
622 2042
623 183
624 688
625 2697
626 2241
627 2245
628 2640
629 2404
630 0
631 1253
632 1541
633 238
634 1845
635 1789
636 416
637 2211
638 1832
639 1903
640 639
641 2232
642 1619
643 895
644 1567
645 1500
646 1415
647 216
648 2600
649 608
650 1611
651 2414
652 1349
653 2481
654 1811
655 732
656 1281
657 2013
658 2502
659 2074
660 1434
661 2131
662 1822
663 2468
664 1587
665 2037
666 2226
667 1918
668 1496
669 2321
670 1707
671 2088
672 1791
673 1007
674 1371
675 283
676 1604
677 2445
678 586
679 1027
680 1361
681 2464
682 1995
683 1798
684 2152
685 2490
686 2724
687 1306
688 443
689 2017
690 2509
691 47
692 360
693 1228
694 247
695 2463
696 2137
697 124
698 1359
699 823
700 2440
701 2684
702 2282
703 278
704 1406
705 2009
706 2522
707 20
708 76
709 2234
710 2090
711 2041
712 901
713 782
714 1153
715 576
716 2335
717 1707
718 1680
719 274
720 492
721 1208
722 1868
723 1335
724 308
725 1958
726 1905
727 209
728 2481
729 102
730 1285
731 1052
732 2194
733 279
734 1072
735 1519
736 304
737 1825
738 74
739 1085
740 216
741 1294
742 44
743 1290
744 1404
745 439
746 817
747 95
748 833
749 140
750 1422
751 633
752 1521
753 266
754 769
755 2424
756 2254
757 1631
758 2078
759 578
760 2714
761 998
762 2319
763 1601
764 2461
765 2454
766 700
767 1667
768 2001
769 1307
770 463
771 1667
772 288
773 253
774 1403
775 2498
776 376
777 1325
778 2614
779 886
780 376
781 764
782 1240
783 670
784 1051
785 577
786 867
787 2416
788 2458
789 2230
790 2692
791 2233
792 1823
793 2326
794 2682
795 855
796 1903
797 1616
798 730
799 1361
800 2057
801 1358
802 1966
803 1083
804 1574
805 468
806 2337
807 773
808 1566
809 1855
810 1200
811 697
812 9
813 1448
814 2022
815 602
816 696
817 2227
818 2060
819 1517
820 1519
821 1449
822 1357
823 2694
824 592
825 507
826 117
827 1062
828 1479
829 2624
830 62
831 76
832 131
833 1331
834 1466
835 2717
836 797
837 1515
838 2505
839 1694
840 1282
841 808
842 1476
843 1449
844 2445
845 2694
846 121
847 549
848 372
849 88
850 131
851 1080
852 2281
853 1067
854 1708
855 1175
856 955
857 1897
858 2398
859 1904
860 2379
861 2111
862 2249
863 425
864 158
865 2448
866 1334
867 1329
868 1560
869 2035
870 1291
871 1997
872 38
873 1674
874 277
875 2358
876 457
877 2042
878 159
879 354
880 91
881 2181
882 572
883 1382
884 2375
885 1416
886 459
887 524
888 1118
889 2645
890 1671
891 2312
892 2567
893 720
894 1808
895 1575
896 873
897 935
898 1605
899 2218
900 1879
901 2032
902 2722
903 2316
904 2640
905 782
906 176
907 535
908 1409
909 2521
910 1112
911 1991
912 2052
913 741
914 2572
915 2013
916 350
917 1163
918 673
919 1164
920 1621
921 2384
922 853
923 538
924 1408
925 1996
926 2546
927 1451
928 2307
929 199
930 1643
931 2423
932 1114
933 17
934 2348
935 1421
936 312
937 856
938 885
939 1777
940 679
941 2050
942 763
943 436
944 754
945 2138
946 2017
947 2131
948 43
949 1301
950 179
951 2181
952 1078
953 1009
954 446
955 982
956 803
957 1280
958 933
959 1310
960 1235
961 1718
962 813
963 507
964 49
965 134
966 498
967 83
968 2059
969 2335
970 1916
971 2431
972 2233
973 1057
974 2025
975 1708
976 1094
977 299
978 897
979 1521
980 1827
981 788
982 2301
983 1295
984 1869
985 1955
986 215
987 1297
988 918
989 1370
990 683
991 499
992 1395
993 1939
994 178
995 2119
996 1448
997 615
998 1878
999 1012
1000 19
1001 1272
1002 1098
1003 2510
1004 74
1005 874
1006 2431
1007 1128
1008 364
1009 2545
1010 2338
1011 810
1012 107
1013 1514
1014 1673
1015 542
1016 2203
1017 1866
1018 142
1019 918
1020 2523
1021 1388
1022 1765
1023 504
1024 1573
1025 609
1026 1735
1027 1482
1028 81
1029 990
1030 2267
1031 2280
1032 2601
1033 1795
1034 99
1035 2656
1036 1354
1037 2235
1038 1206
1039 898
1040 785
1041 1483
1042 739
1043 77
1044 2356
1045 2280
1046 2578
1047 1690
1048 2
1049 2035
1050 1609
1051 1272
1052 99
1053 1262
1054 2257
1055 1996
1056 2061
1057 2384
1058 1745
1059 1442
1060 100
1061 1864
1062 1437
1063 1452
1064 187
1065 226
1066 317
1067 1590
1068 2270
1069 951
1070 1334
1071 539
1072 363
1073 633
1074 78
1075 2110
1076 1002
1077 2131
1078 836
1079 923
1080 1804
1081 2414
1082 134
1083 2103
1084 1085
1085 487
1086 2030
1087 284
1088 1069
1089 634
1090 556
1091 2617
1092 1845
1093 115
1094 1799
1095 1995
1096 633
1097 533
1098 1421
1099 1460
1100 78
1101 1905
1102 1346
1103 1280
1104 2602
1105 2167
1106 2229
1107 2231
1108 1778
1109 2058
1110 704
1111 2136
1112 1900
1113 417
1114 1521
1115 2308
1116 1878
1117 701
1118 1483
1119 2673
1120 1176
1121 2693
1122 2605
1123 345
1124 849
1125 682
1126 2309
1127 398
1128 1229
1129 483
1130 589
1131 2094
1132 1450
1133 1900
1134 2228
1135 978
1136 1735
1137 1521
1138 1030
1139 116
1140 1421
1141 520
1142 1657
1143 2141
1144 2037
1145 1936
1146 1761
1147 1869
1148 249
1149 64
1150 2162
1151 1035
1152 2506
1153 137
1154 650
1155 2289
1156 933
1157 1904
1158 508
1159 676
1160 1603
1161 2436
1162 1159
1163 1655
1164 1000
1165 942
1166 2231
1167 1687
1168 2168
1169 2225
1170 591
1171 2650
1172 712
1173 1703
1174 1091
1175 877
1176 850
1177 593
1178 2157
1179 2335
1180 12
1181 1502
1182 838
1183 427
1184 2708
1185 2187
1186 2709
1187 2076
1188 2570
1189 80
1190 1474
1191 1532
1192 2352
1193 2541
1194 356
1195 2662
1196 1079
1197 2060
1198 598
1199 1399
1200 2267
1201 2431
1202 807
1203 2098
1204 1457
1205 24
1206 2026
1207 1495
1208 2623
1209 1843
1210 2280
1211 1872
1212 320
1213 1901
1214 649
1215 1918
1216 528
1217 409
1218 1955
1219 185
1220 1321
1221 516
1222 590
1223 1858
1224 2374
1225 997
1226 162
1227 340
1228 1779
1229 1608
1230 632
1231 2194
1232 759
1233 2490
1234 140
1235 1205
1236 36
1237 2211
1238 1782
1239 1655
1240 846
1241 531
1242 1565
1243 1190
1244 1655
1245 2165
1246 1516
1247 1580
1248 804
1249 1749
1250 1432
1251 2631
1252 1330
1253 1998
1254 2189
1255 1920
1256 1200
1257 1256
1258 2482
1259 2549
1260 1116
1261 790
1262 879
1263 1642
1264 1596
1265 1368
1266 1946
1267 124
1268 2553
1269 266
1270 342
1271 498
1272 1076
1273 2515
1274 1793
1275 738
1276 2365
1277 1747
1278 638
1279 2209
1280 1082
1281 562
1282 83
1283 2
1284 2531
1285 1684
1286 2455
1287 2211
1288 1548
1289 1697
1290 2659
1291 2298
1292 1371
1293 2334
1294 2517
1295 990
1296 586
1297 1572
1298 1273
1299 1891
1300 671
1301 1044
1302 2637
1303 553
1304 846
1305 336
1306 219
1307 1367
1308 532
1309 443
1310 2519
1311 2529
1312 1173
1313 1680
1314 111
1315 2465
1316 1734
1317 2065
1318 251
1319 1275
1320 1993
1321 1432
1322 2671
1323 264
1324 1526
1325 396
1326 1976
1327 728
1328 473
1329 1265
1330 667
1331 2647
1332 1653
1333 2415
1334 769
1335 2313
1336 7
1337 2431
1338 2072
1339 2005
1340 2027
1341 1431
1342 264
1343 156
1344 300
1345 2204
1346 1086
1347 2550
1348 2368
1349 757
1350 1285
1351 1804
1352 2723
1353 2615
1354 2354
1355 305
1356 1776
1357 660
1358 133
1359 590
1360 1362
1361 1230
1362 64
1363 1555
1364 1404
1365 1193
1366 1263
1367 809
1368 374
1369 249
1370 163
1371 1097
1372 275
1373 994
1374 859
1375 417
1376 1826
1377 2520
1378 2265
1379 563
1380 251
1381 294
1382 506
1383 2602
1384 560
1385 2611
1386 1739
1387 1970
1388 1393
1389 1413
1390 441
1391 1104
1392 2546
1393 2076
1394 1613
1395 157
1396 1863
1397 69
1398 1854
1399 2600
1400 360
1401 676
1402 681
1403 1707
1404 1660
1405 1405
1406 2705
1407 2248
1408 1456
1409 1725
1410 1177
1411 2652
1412 1819
1413 2683
1414 735
1415 399
1416 1709
1417 1112
1418 1687
1419 337
1420 1793
1421 1195
1422 1151
1423 1617
1424 394
1425 94
1426 2255
1427 2162
1428 2100
1429 66
1430 660
1431 274
1432 544
1433 389
1434 154
1435 234
1436 2532
1437 2482
1438 2103
1439 2140
1440 375
1441 2408
1442 26
1443 1914
1444 2028
1445 1110
1446 457
1447 531
1448 546
1449 436
1450 2227
1451 1856
1452 827
1453 1492
1454 2272
1455 60
1456 320
1457 1978
1458 1930
1459 2331
1460 1215
1461 1897
1462 1368
1463 664
1464 2133
1465 594
1466 2496
1467 297
1468 266
1469 2449
1470 2606
1471 1234
1472 417
1473 1577
1474 1737
1475 2226
1476 2070
1477 322
1478 36
1479 789
1480 1139
1481 2029
1482 2660
1483 677
1484 1530
1485 1819
1486 2710
1487 2356
1488 2301
1489 1475
1490 1081
1491 1131
1492 566
1493 1984
1494 570
1495 784
1496 1791
1497 282
1498 1574
1499 1000
1500 579
1501 622
1502 671
1503 969
1504 5
1505 301
1506 2343
1507 740
1508 1580
1509 1387
1510 973
1511 1859
1512 1662
1513 438
1514 2141
1515 1442
1516 1119
1517 692
1518 1068
1519 2274
1520 2433
1521 368
1522 2115
1523 318
1524 1669
1525 1149
1526 1661
1527 623
1528 658
1529 2140
1530 2008
1531 2108
1532 991
1533 2286
1534 1391
1535 1522
1536 334
1537 27
1538 2169
1539 2165
1540 1841
1541 735
1542 470
1543 372
1544 166
1545 2195
1546 296
1547 1394
1548 33
1549 1208
1550 2280
1551 2436
1552 1319
1553 2676
1554 596
1555 1964
1556 1870
1557 150
1558 6
1559 2656
1560 51
1561 561
1562 2454
1563 234
1564 112
1565 1354
1566 1270
1567 1668
1568 525
1569 908
1570 2396
1571 2260
1572 636
1573 1282
1574 1246
1575 1606
1576 2458
1577 1520
1578 1660
1579 70
1580 2530
1581 1987
1582 177
1583 1465
1584 171
1585 1521
1586 1223
1587 2135
1588 272
1589 389
1590 778
1591 49
1592 2099
1593 2006
1594 2188
1595 1543
1596 573
1597 1484
1598 845
1599 1948
1600 1226
1601 392
1602 1030
1603 891
1604 2179
1605 2460
1606 1269
1607 2691
1608 1324
1609 1145
1610 1672
1611 1250
1612 2377
1613 1344
1614 818
1615 427
1616 512
1617 1657
1618 2539
1619 360
1620 2177
1621 1783
1622 308
1623 563
1624 1249
1625 169
1626 704
1627 1963
1628 2232
1629 1341
1630 1712
1631 608
1632 1664
1633 2157
1634 669
1635 1217
1636 1460
1637 1500
1638 339
1639 1211
1640 590
1641 243
1642 1409
1643 2704
1644 1150
1645 1151
1646 1133
1647 213
1648 980
1649 323
1650 892
1651 790
1652 2507
1653 2461
1654 2511
1655 919
1656 653
1657 1789
1658 645
1659 1160
1660 2196
1661 480
1662 2511
1663 1486
1664 2392
1665 2653
1666 1650
1667 1677
1668 2700
1669 1800
1670 1659
1671 1502
1672 139
1673 2069
1674 570
1675 543
1676 81
1677 1438
1678 2488
1679 818
1680 989
1681 2337
1682 564
1683 1298
1684 1751
1685 291
1686 1722
1687 1319
1688 86
1689 723
1690 1749
1691 1863
1692 2461
1693 2177
1694 2152
1695 1020
1696 2456
1697 2052
1698 1629
1699 2630
1700 2429
1701 1276
1702 2260
1703 2453
1704 2019
1705 1470
1706 1589
1707 2162
1708 2516
1709 314
1710 1339
1711 2537
1712 44
1713 741
1714 57
1715 700
1716 2413
1717 977
1718 73
1719 634
1720 900
1721 426
1722 977
1723 222
1724 1012
1725 2686
1726 856
1727 2069
1728 544
1729 528
1730 611
1731 1502
1732 2716
1733 2063
1734 657
1735 615
1736 1184
1737 2437
1738 1065
1739 2029
1740 18
1741 2372
1742 1248
1743 830
1744 203
1745 786
1746 461
1747 1241
1748 2563
1749 2075
1750 2440
1751 2640
1752 612
1753 462
1754 2132
1755 185
1756 349
1757 2277
1758 1870
1759 632
1760 28
1761 1556
1762 267
1763 306
1764 1104
1765 604
1766 777
1767 1066
1768 1127
1769 1833
1770 803
1771 782
1772 122
1773 1240
1774 1765
1775 1917
1776 1948
1777 656
1778 695
1779 1512
1780 1857
1781 2062
1782 2075
1783 2491
1784 747
1785 1743
1786 1325
1787 2688
1788 2035
1789 262
1790 481
1791 2203
1792 2540
1793 1616
1794 66
1795 2219
1796 973
1797 559
1798 1403
1799 1916
1800 809
1801 1552
1802 1271
1803 1496
1804 2641
1805 252
1806 1927
1807 758
1808 1149
1809 69
1810 2446
1811 1001
1812 725
1813 78
1814 2296
1815 2020
1816 1083
1817 1524
1818 122
1819 973
1820 267
1821 1546
1822 1679
1823 1748
1824 844
1825 2361
1826 532
1827 544
1828 129
1829 2429
1830 2320
1831 2614
1832 307
1833 843
1834 1194
1835 745
1836 602
1837 2305
1838 1956
1839 431
1840 333
1841 2096
1842 615
1843 366
1844 572
1845 1390
1846 1915
1847 336
1848 259
1849 162
1850 613
1851 96
1852 2721
1853 2528
1854 2353
1855 763
1856 863
1857 1642
1858 2098
1859 2550
1860 1000
1861 2173
1862 519
1863 1360
1864 761
1865 151
1866 2005
1867 1201
1868 156
1869 1848
1870 2392
1871 1613
1872 594
1873 1919
1874 1933
1875 1269
1876 2723
1877 160
1878 2153
1879 1746
1880 357
1881 2667
1882 410
1883 42
1884 2596
1885 489
1886 1263
1887 1036
1888 2033
1889 544
1890 1337
1891 2694
1892 1483
1893 1233
1894 2654
1895 27
1896 1123
1897 2251
1898 1375
1899 2571
1900 357
1901 329
1902 262
1903 1915
1904 2716
1905 1954
1906 567
1907 1296
1908 1508
1909 2171
1910 1624
1911 139
1912 137
1913 101
1914 2304
1915 2631
1916 1377
1917 1808
1918 2450
1919 284
1920 967
1921 1206
1922 2391
1923 2362
1924 1804
1925 1881
1926 1639
1927 2603
1928 1490
1929 2568
1930 877
1931 1293
1932 322
1933 1848
1934 865
1935 1700
1936 1943
1937 1500
1938 2155
1939 558
1940 1494
1941 1463
1942 940
1943 944
1944 2117
1945 1439
1946 1708
1947 2537
1948 2434
1949 1581
1950 2482
1951 971
1952 324
1953 120
1954 708
1955 2667
1956 1456
1957 216
1958 1609
1959 1758
1960 1967
1961 1378
1962 1174
1963 2230
1964 1112
1965 683
1966 844
1967 585
1968 228
1969 1202
1970 295
1971 1639
1972 101
1973 2156
1974 1274
1975 149
1976 1247
1977 2567
1978 171
1979 1096
1980 913
1981 2352
1982 195
1983 1831
1984 1665
1985 1103
1986 652
1987 2486
1988 58
1989 464
1990 1075
1991 816
1992 1151
1993 1174
1994 1684
1995 1375
1996 516
1997 654
1998 1458
1999 1861
2000 2100
2001 1987
2002 514
2003 125
2004 1924
2005 2567
2006 1401
2007 878
2008 879
2009 2120
2010 1777
2011 1423
2012 2453
2013 2491
2014 846
2015 1037
2016 6
2017 456
2018 1816
2019 1369
2020 221
2021 2416
2022 1703
2023 2056
2024 7
2025 642
2026 1453
2027 2305
2028 2069
2029 1837
2030 2074
2031 1393
2032 516
2033 1026
2034 1902
2035 405
2036 1544
2037 858
2038 2475
2039 1196
2040 610
2041 1347
2042 78
2043 1065
2044 483
2045 2053
2046 948
2047 1861
2048 2712
2049 1371
2050 2720
2051 1322
2052 2116
2053 2159
2054 763
2055 17
2056 95
2057 2297
2058 2141
2059 1383
2060 2650
2061 1166
2062 251
2063 176
2064 1219
2065 2019
2066 2420
2067 1495
2068 326
2069 2110
2070 2000
2071 317
2072 9
2073 2324
2074 1077
2075 1178
2076 2411
2077 1825
2078 2655
2079 1614
2080 1061
2081 1570
2082 1418
2083 639
2084 523
2085 2425
2086 2702
2087 2450
2088 867
2089 2219
2090 526
2091 2302
2092 2623
2093 2056
2094 2721
2095 1033
2096 1752
2097 386
2098 1844
2099 1883
2100 1515
2101 2280
2102 2065
2103 1775
2104 133
2105 2061
2106 260
2107 789
2108 1486
2109 1388
2110 61
2111 2064
2112 2287
2113 1626
2114 138
2115 686
2116 1448
2117 266
2118 2053
2119 186
2120 168
2121 2590
2122 2674
2123 1405
2124 446
2125 1088
2126 322
2127 2209
2128 1446
2129 1715
2130 2030
2131 1310
2132 1403
2133 2168
2134 1306
2135 2399
2136 2326
2137 1902
2138 1789
2139 666
2140 1020
2141 1335
2142 415
2143 195
2144 1907
2145 1949
2146 790
2147 1479
2148 1665
2149 2487
2150 110
2151 2450
2152 1087
2153 447
2154 344
2155 2700
2156 2159
2157 2319
2158 1285
2159 1824
2160 686
2161 1978
2162 2045
2163 2172
2164 1304
2165 2519
2166 1966
2167 1644
2168 2344
2169 2216
2170 892
2171 2544
2172 623
2173 286
2174 1310
2175 1537
2176 2242
2177 2479
2178 1683
2179 11
2180 2300
2181 1992
2182 170
2183 2611
2184 319
2185 356
2186 2113
2187 279
2188 1365
2189 1037
2190 2624
2191 2383
2192 556
2193 1369
2194 2183
2195 231
2196 1417
2197 2303
2198 250
2199 2200
2200 687
2201 44
2202 2716
2203 170
2204 284
2205 827
2206 1638
2207 237
2208 2354
2209 1862
2210 987
2211 1533
2212 2722
2213 849
2214 2043
2215 1651
2216 1366
2217 954
2218 538
2219 518
2220 712
2221 2323
2222 274
2223 407
2224 1535
2225 932
2226 2544
2227 807
2228 1492
2229 2228
2230 525
2231 1478
2232 2694
2233 1745
2234 913
2235 2326
2236 238
2237 694
2238 532
2239 2402
2240 87
2241 463
2242 2091
2243 1628
2244 392
2245 827
2246 1239
2247 675
2248 2649
2249 1628
2250 2282
2251 533
2252 1667
2253 219
2254 278
2255 887
2256 1149
2257 741
2258 1803
2259 2689
2260 1839
2261 1095
2262 1401
2263 1627
2264 1136
2265 502
2266 367
2267 2315
2268 240
2269 1645
2270 1316
2271 315
2272 1588
2273 62
2274 2061
2275 1817
2276 1317
2277 859
2278 1249
2279 660
2280 1241
2281 987
2282 622
2283 2296
2284 2620
2285 1402
2286 1083
2287 659
2288 1659
2289 1406
2290 1251
2291 2532
2292 233
2293 1844
2294 2611
2295 91
2296 1447
2297 72
2298 260
2299 1562
2300 1566
2301 1577
2302 775
2303 2377
2304 962
2305 849
2306 744
2307 2375
2308 1970
2309 742
2310 2155
2311 2164
2312 1674
2313 213
2314 2390
2315 2289
2316 376
2317 2337
2318 855
2319 1569
2320 2554
2321 2061
2322 123
2323 2424
2324 1485
2325 2037
2326 2255
2327 1164
2328 946
2329 2121
2330 992
2331 1695
2332 782
2333 1397
2334 2302
2335 1986
2336 175
2337 2324
2338 1866
2339 1509
2340 2690
2341 927
2342 1489
2343 673
2344 675
2345 2540
2346 1736
2347 136
2348 1479
2349 760
2350 1953
2351 2486
2352 392
2353 2438
2354 770
2355 214
2356 974
2357 1608
2358 657
2359 1061
2360 1807
2361 2328
2362 1881
2363 2512
2364 1603
2365 1002
2366 17
2367 105
2368 1702
2369 849
2370 1851
2371 2032
2372 2433
2373 2159
2374 2042
2375 1705
2376 2509
2377 744
2378 2474
2379 2008
2380 2607
2381 723
2382 1396
2383 1335
2384 2180
2385 2064
2386 1324
2387 1672
2388 2356
2389 574
2390 1931
2391 1762
2392 934
2393 388
2394 2495
2395 920
2396 2026
2397 1130
2398 2390
2399 2020
2400 2027
2401 1316
2402 1317
2403 888
2404 2267
2405 2248
2406 2204
2407 67
2408 421
2409 2646
2410 2051
2411 1516
2412 393
2413 25
2414 783
2415 1207
2416 998
2417 745
2418 2435
2419 200
2420 161
2421 1988
2422 1096
2423 1381
2424 2051
2425 2160
2426 2476
2427 1202
2428 1038
2429 1445
2430 2431
2431 1337
2432 2430
2433 2514
2434 2182
2435 2595
2436 1133
2437 280
2438 2475
2439 1601
2440 348
2441 863
2442 2267
2443 1135
2444 877
2445 1992
2446 1476
2447 1740
2448 747
2449 1578
2450 1118
2451 719
2452 2411
2453 2124
2454 2377
2455 1289
2456 2622
2457 808
2458 1593
2459 2429
2460 2651
2461 2674
2462 1212
2463 1037
2464 1945
2465 1630
2466 2463
2467 2056
2468 1702
2469 1408
2470 2457
2471 1545
2472 1635
2473 1149
2474 581
2475 1501
2476 112
2477 432
2478 282
2479 313
2480 767
2481 58
2482 292
2483 1442
2484 1633
2485 1553
2486 1852
2487 2169
2488 1333
2489 373
2490 1333
2491 1548
2492 83
2493 61
2494 2594
2495 2714
2496 1823
2497 2117
2498 2405
2499 315
2500 2525
2501 1689
2502 2577
2503 2454
2504 2299
2505 2312
2506 763
2507 1072
2508 647
2509 80
2510 2168
2511 700
2512 313
2513 131
2514 1241
2515 2581
2516 773
2517 1361
2518 169
2519 168
2520 994
2521 490
2522 2195
2523 634
2524 2215
2525 1479
2526 900
2527 943
2528 2664
2529 697
2530 1647
2531 2573
2532 1534
2533 754
2534 485
2535 2124
2536 691
2537 1265
2538 589
2539 2225
2540 1013
2541 1104
2542 249
2543 1972
2544 2224
2545 109
2546 1560
2547 1665
2548 2636
2549 2191
2550 528
2551 1592
2552 2363
2553 2533
2554 2682
2555 1691
2556 1285
2557 1307
2558 1403
2559 2570
2560 2338
2561 1372
2562 1784
2563 877
2564 965
2565 2139
2566 1083
2567 467
2568 2614
2569 249
2570 2194
2571 85
2572 1029
2573 1638
2574 1002
2575 523
2576 879
2577 1467
2578 278
2579 2626
2580 2576
2581 2724
2582 1273
2583 1023
2584 1413
2585 750
2586 2274
2587 2520
2588 104
2589 1279
2590 1801
2591 1626
2592 1892
2593 1697
2594 1943
2595 2626
2596 1447
2597 1896
2598 2259
2599 2156
2600 1192
2601 2343
2602 1302
2603 716
2604 2581
2605 1201
2606 305
2607 6
2608 341
2609 847
2610 567
2611 1369
2612 52
2613 287
2614 798
2615 1129
2616 1074
2617 386
2618 1705
2619 1169
2620 684
2621 1484
2622 1710
2623 2578
2624 1806
2625 618
2626 1922
2627 712
2628 1138
2629 615
2630 2533
2631 2493
2632 1519
2633 2407
2634 1622
2635 2321
2636 2099
2637 1489
2638 745
2639 2552
2640 2315
2641 1564
2642 1137
2643 973
2644 35
2645 647
2646 326
2647 2068
2648 949
2649 2151
2650 2057
2651 1828
2652 414
2653 991
2654 53
2655 966
2656 1250
2657 2546
2658 2132
2659 1638
2660 47
2661 2093
2662 1739
2663 1766
2664 232
2665 295
2666 580
2667 1004
2668 2219
2669 1653
2670 2510
2671 109
2672 2602
2673 1302
2674 2707
2675 2723
2676 589
2677 1569
2678 2552
2679 1896
2680 1466
2681 1631
2682 26
2683 1424
2684 1717
2685 756
2686 2429
2687 2550
2688 831
2689 1669
2690 2509
2691 1727
2692 1206
2693 2278
2694 2227
2695 210
2696 1486
2697 552
2698 1053
2699 1478
2700 704
2701 514
2702 917
2703 1015
2704 2485
2705 2457
2706 2327
2707 381
2708 195
2709 326
2710 1557
2711 1404
2712 1756
2713 961
2714 1824
2715 2520
2716 1418
2717 1503
2718 1539
2719 1849
2720 2522
2721 275
2722 2688
2723 1328
2724 267
2725 295
2726 180
