0 74
1 1063
2 2654
3 78
4 1265
5 1780
6 1363
7 339
8 672
9 2041
10 922
11 466
12 357
13 778
14 2710
15 1632
16 1136
17 25
18 1085
19 2254
20 461
21 1866
22 863
23 1812
24 1722
25 1689
26 1981
27 481
28 304
29 1623
30 473
31 2145
32 1568
33 1179
34 2017
35 1200
36 2334
37 2725
38 758
39 153
40 91
41 2407
42 1009
43 1923
44 2431
45 819
46 2646
47 847
48 33
49 1748
50 977
51 2044
52 1988
53 982
54 1694
55 2352
56 1930
57 1335
58 1887
59 1627
60 1183
61 15
62 2388
63 2253
64 1603
65 1875
66 493
67 1226
68 1192
69 612
70 871
71 94
72 363
73 680
74 2439
75 758
76 1378
77 375
78 483
79 1304
80 740
81 2724
82 961
83 710
84 1968
85 1975
86 1309
87 446
88 1030
89 1430
90 2176
91 711
92 116
93 547
94 800
95 1855
96 530
97 368
98 2462
99 840
100 1945
101 1256
102 1094
103 2283
104 820
105 1738
106 1434
107 226
108 829
109 1596
110 343
111 2087
112 1577
113 2527
114 2598
115 1442
116 2038
117 2262
118 2649
119 401
120 681
121 1248
122 1447
123 2385
124 414
125 69
126 238
127 1142
128 1670
129 2164
130 1239
131 2281
132 2665
133 1990
134 1258
135 2564
136 2391
137 1529
138 2354
139 1303
140 467
141 1836
142 472
143 1185
144 2461
145 2249
146 913
147 751
148 116
149 1938
150 239
151 2081
152 2571
153 918
154 463
155 1960
156 2241
157 1284
158 248
159 2126
160 2404
161 460
162 1113
163 1656
164 1672
165 842
166 124
167 2710
168 345
169 1567
170 319
171 59
172 1574
173 1554
174 1771
175 757
176 468
177 1269
178 2038
179 2348
180 1704
181 2464
182 820
183 1131
184 1862
185 915
186 1113
187 2116
188 94
189 2297
190 1962
191 401
192 81
193 2235
194 2445
195 967
196 1235
197 2496
198 1970
199 2112
200 2540
201 1971
202 1213
203 120
204 734
205 722
206 1720
207 2170
208 514
209 137
210 1964
211 2389
212 59
213 847
214 1764
215 251
216 2376
217 356
218 1614
219 102
220 396
221 752
222 159
223 2094
224 1276
225 541
226 706
227 1101
228 173
229 849
230 2725
231 2300
232 2713
233 810
234 1446
235 1356
236 2246
237 750
238 2256
239 1185
240 2686
241 134
242 747
243 2618
244 1671
245 2271
246 2596
247 1351
248 1235
249 753
250 573
251 219
252 396
253 1216
254 231
255 986
256 720
257 877
258 1025
259 421
260 115
261 2725
262 2332
263 358
264 2624
265 2006
266 2676
267 1799
268 954
269 10
270 1613
271 2240
272 23
273 1191
274 993
275 832
276 142
277 229
278 611
279 1749
280 999
281 1585
282 2521
283 1418
284 1159
285 797
286 1047
287 1465
288 1632
289 1427
290 2658
291 892
292 822
293 1269
294 827
295 17
296 1830
297 1228
298 2581
299 38
300 811
301 66
302 592
303 323
304 1653
305 570
306 1988
307 136
308 881
309 2163
310 2654
311 1355
312 423
313 255
314 736
315 823
316 1106
317 1419
318 2618
319 1103
320 205
321 943
322 178
323 236
324 182
325 1926
326 755
327 167
328 484
329 993
330 488
331 2369
332 697
333 1317
334 1642
335 2506
336 2372
337 2567
338 293
339 2148
340 1906
341 429
342 289
343 1711
344 2353
345 2027
346 2170
347 18
348 2001
349 2026
350 129
351 1382
352 379
353 605
354 1815
355 1458
356 1844
357 1803
358 241
359 446
360 2558
361 328
362 1480
363 1286
364 2096
365 894
366 75
367 1870
368 2574
369 2553
370 1892
371 489
372 878
373 232
374 2680
375 1694
376 2529
377 1785
378 428
379 1839
380 2563
381 235
382 2069
383 1702
384 2039
385 162
386 620
387 1982
388 2003
389 1169
390 1754
391 2266
392 2340
393 23
394 637
395 2450
396 10
397 2053
398 2639
399 1568
400 1471
401 2687
402 1810
403 1570
404 2529
405 68
406 1535
407 1843
408 816
409 730
410 2147
411 1276
412 1458
413 919
414 486
415 2140
416 996
417 924
418 1797
419 2365
420 2261
421 1678
422 2588
423 1969
424 2148
425 2116
426 2593
427 991
428 548
429 1339
430 1501
431 1246
432 2097
433 493
434 1036
435 1174
436 825
437 2444
438 1702
439 752
440 576
441 885
442 1835
443 2071
444 2656
445 1784
446 1383
447 1816
448 1149
449 1768
450 1645
451 1791
452 1646
453 672
454 2478
455 1195
456 2356
457 2269
458 1704
459 903
460 896
461 1620
462 2459
463 573
464 2187
465 183
466 2110
467 1518
468 1835
469 2550
470 840
471 1755
472 2060
473 1972
474 2468
475 2661
476 1520
477 1408
478 1436
479 1342
480 2682
481 1028
482 2627
483 1899
484 1807
485 2707
486 1283
487 142
488 501
489 60
490 106
491 8
492 2663
493 688
494 1268
495 292
496 1870
497 1438
498 1014
499 1008
500 2051
501 1676
502 1457
503 1636
504 338
505 875
506 2257
507 783
508 1352
509 2372
510 335
511 77
512 404
513 367
514 1251
515 299
516 665
517 1787
518 493
519 2316
520 1816
521 1465
522 2552
523 886
524 594
525 1667
526 177
527 2466
528 767
529 1714
530 1491
531 2569
532 1987
533 2324
534 1125
535 2443
536 800
537 2636
538 2235
539 1258
540 2563
541 1365
542 1049
543 1047
544 1343
545 993
546 131
547 2439
548 2199
549 2396
550 1876
551 454
552 873
553 802
554 1788
555 1405
556 1038
557 1286
558 1517
559 1548
560 1188
561 2646
562 998
563 442
564 724
565 1027
566 580
567 732
568 2396
569 378
570 566
571 2183
572 1452
573 2295
574 1875
575 1549
576 655
577 2569
578 1685
579 1386
580 948
581 1645
582 2436
583 410
584 1450
585 908
586 1063
587 2421
588 450
589 1676
590 2137
591 495
592 2300
593 1103
594 623
595 2532
596 2481
597 486
598 1733
599 552
600 115
601 2225
602 1677
603 1222
604 1383
605 2037
606 939
607 390
608 22
609 1465
610 119
611 940
612 1221
613 15
614 1699
615 1922
616 1985
617 690
618 1770
619 1414
620 1093
621 97
622 279
623 1069
624 1950
625 104
626 2604
627 1870
628 1592
629 1407
630 1075
631 2525
632 162
633 2648
634 123
635 1043
636 680
637 1069
638 1553
639 1607
640 1295
641 1383
642 450
643 1928
644 610
645 790
646 1197
647 1741
648 1348
649 1753
650 890
651 768
652 471
653 637
654 1183
655 872
656 1358
657 907
658 2419
659 2304
660 2625
661 199
662 2134
663 657
664 802
665 351
666 2462
667 867
668 219
669 2543
670 1269
671 1358
672 441
673 304
674 2547
675 2642
676 1014
677 2139
678 1250
679 2168
680 2696
681 623
682 2602
683 2136
684 2361
685 1945
686 955
687 1616
688 1367
689 1434
690 1640
691 1431
692 1936
693 1568
694 1844
695 1518
696 1222
697 2635
698 84
699 1835
700 311
701 1698
702 604
703 1781
704 2222
705 32
706 2329
707 804
708 1734
709 2618
710 1063
711 2605
712 331
713 1463
714 2696
715 1033
716 866
717 584
718 210
719 2378
720 2371
721 2160
722 1915
723 2558
724 1086
725 2081
726 13
727 2618
728 2658
729 2523
730 122
731 923
732 1525
733 1990
734 381
735 1039
736 1842
737 467
738 2483
739 43
740 1166
741 525
742 2028
743 960
744 2382
745 350
746 2490
747 903
748 2725
749 1800
750 2051
751 708
752 388
753 187
754 2087
755 848
756 371
757 443
758 764
759 2479
760 1671
761 1885
762 1282
763 1577
764 1354
765 1990
766 676
767 1161
768 1558
769 2275
770 1946
771 918
772 1708
773 1586
774 750
775 531
776 1069
777 1932
778 1483
779 1886
780 2434
781 2261
782 1279
783 78
784 1678
785 2518
786 221
787 1726
788 2297
789 1176
790 1236
791 2177
792 1388
793 2198
794 1017
795 1404
796 68
797 762
798 1174
799 1389
800 1032
801 686
802 457
803 1814
804 2137
805 75
806 1909
807 214
808 201
809 777
810 2283
811 2543
812 2486
813 792
814 2050
815 2051
816 1195
817 643
818 1556
819 1102
820 192
821 403
822 2071
823 0
824 840
825 1973
826 995
827 1077
828 2046
829 902
830 775
831 1813
832 2147
833 882
834 2141
835 93
836 2532
837 2177
838 2385
839 947
840 1502
841 2092
842 2354
843 2511
844 248
845 1523
846 753
847 2020
848 2207
849 2462
850 827
851 2092
852 147
853 2344
854 2678
855 1290
856 1238
857 842
858 870
859 2593
860 927
861 2507
862 325
863 703
864 254
865 518
866 1793
867 375
868 988
869 1389
870 2675
871 2042
872 2492
873 868
874 859
875 1934
876 1227
877 264
878 499
879 1663
880 14
881 2414
882 2623
883 655
884 2646
885 262
886 1686
887 1536
888 2453
889 947
890 745
891 396
892 1295
893 2491
894 2579
895 2583
896 1035
897 2259
898 166
899 2482
900 1584
901 1302
902 2343
903 2647
904 826
905 473
906 794
907 1768
908 1306
909 1622
910 1969
911 1901
912 230
913 1401
914 1692
915 548
916 2604
917 817
918 2377
919 1940
920 2688
921 117
922 1440
923 2412
924 239
925 2058
926 2114
927 944
928 97
929 1627
930 1429
931 871
932 2217
933 1748
934 631
935 2091
936 541
937 814
938 2614
939 1826
940 1934
941 1015
942 906
943 1235
944 2142
945 1554
946 734
947 1966
948 643
949 2067
950 690
951 521
952 1930
953 2590
954 217
955 781
956 2587
957 2047
958 1596
959 1928
960 977
961 2726
962 306
963 2613
964 1343
965 2248
966 896
967 2336
968 913
969 1897
970 2518
971 434
972 1215
973 58
974 1774
975 898
976 1678
977 828
978 1943
979 2700
980 501
981 1715
982 2024
983 93
984 838
985 900
986 1676
987 2674
988 2670
989 1240
990 660
991 434
992 2385
993 1025
994 1406
995 2272
996 1393
997 2519
998 229
999 1071
1000 458
1001 841
1002 2617
1003 1243
1004 2073
1005 638
1006 2627
1007 158
1008 2030
1009 1799
1010 1050
1011 36
1012 4
1013 1811
1014 1988
1015 275
1016 878
1017 852
1018 1395
1019 737
1020 2429
1021 1494
1022 1595
1023 588
1024 1613
1025 857
1026 186
1027 1639
1028 2367
1029 786
1030 1877
1031 2514
1032 171
1033 2255
1034 1496
1035 24
1036 1002
1037 1581
1038 2417
1039 2662
1040 727
1041 396
1042 1417
1043 2168
1044 1495
1045 2322
1046 2622
1047 1086
1048 2542
1049 682
1050 1338
1051 1931
1052 233
1053 1524
1054 190
1055 705
1056 153
1057 1412
1058 1786
1059 143
1060 603
1061 1178
1062 1294
1063 918
1064 335
1065 1867
1066 2010
1067 1015
1068 941
1069 2085
1070 1488
1071 1052
1072 789
1073 1269
1074 2197
1075 1376
1076 2187
1077 2420
1078 1176
1079 2700
1080 888
1081 2370
1082 688
1083 1835
1084 1728
1085 1470
1086 1709
1087 1481
1088 503
1089 2120
1090 2162
1091 180
1092 641
1093 37
1094 1304
1095 603
1096 146
1097 820
1098 2471
1099 1126
1100 1352
1101 2256
1102 2011
1103 1401
1104 1750
1105 1778
1106 787
1107 361
1108 2019
1109 1590
1110 100
1111 2033
1112 1511
1113 705
1114 1543
1115 2196
1116 335
1117 2173
1118 2236
1119 1274
1120 2716
1121 1602
1122 2421
1123 2135
1124 2693
1125 2200
1126 1718
1127 441
1128 2598
1129 231
1130 1091
1131 2208
1132 1043
1133 1741
1134 2370
1135 344
1136 421
1137 1693
1138 1570
1139 79
1140 715
1141 1246
1142 2130
1143 1735
1144 913
1145 791
1146 251
1147 1722
1148 1549
1149 2595
1150 1544
1151 1076
1152 973
1153 1245
1154 1314
1155 2553
1156 127
1157 413
1158 746
1159 1640
1160 57
1161 2415
1162 301
1163 302
1164 1854
1165 941
1166 2684
1167 199
1168 2625
1169 1627
1170 414
1171 2566
1172 2280
1173 2120
1174 331
1175 1347
1176 2102
1177 2268
1178 519
1179 2236
1180 2371
1181 157
1182 454
1183 1460
1184 2670
1185 261
1186 847
1187 2375
1188 669
1189 313
1190 2192
1191 604
1192 1918
1193 2020
1194 1747
1195 2550
1196 1510
1197 282
1198 2200
1199 2430
1200 920
1201 2571
1202 820
1203 1169
1204 2141
1205 852
1206 2333
1207 1055
1208 2705
1209 869
1210 536
1211 205
1212 714
1213 2147
1214 2188
1215 2102
1216 1140
1217 954
1218 2556
1219 2382
1220 1657
1221 2058
1222 1398
1223 22
1224 2135
1225 1386
1226 2596
1227 1981
1228 650
1229 998
1230 1233
1231 2607
1232 2577
1233 1305
1234 1592
1235 1688
1236 852
1237 1287
1238 820
1239 2051
1240 2683
1241 1162
1242 751
1243 2374
1244 774
1245 201
1246 1156
1247 1289
1248 124
1249 2287
1250 1188
1251 1708
1252 2136
1253 2635
1254 62
1255 462
1256 2082
1257 2678
1258 2529
1259 1668
1260 2476
1261 2469
1262 1401
1263 180
1264 861
1265 2318
1266 402
1267 288
1268 2362
1269 936
1270 2339
1271 1419
1272 2127
1273 2505
1274 1871
1275 2534
1276 2230
1277 1441
1278 2244
1279 1009
1280 369
1281 2347
1282 758
1283 2140
1284 2131
1285 1283
1286 1527
1287 995
1288 1187
1289 278
1290 257
1291 925
1292 350
1293 1661
1294 2508
1295 1989
1296 254
1297 2451
1298 2467
1299 385
1300 1924
1301 2245
1302 787
1303 1938
1304 1795
1305 1775
1306 506
1307 1533
1308 16
1309 2266
1310 692
1311 1818
1312 191
1313 2281
1314 2509
1315 253
1316 554
1317 2443
1318 1256
1319 2431
1320 1181
1321 602
1322 127
1323 2089
1324 1291
1325 299
1326 1029
1327 1840
1328 20
1329 1989
1330 503
1331 2630
1332 1662
1333 189
1334 1923
1335 154
1336 2547
1337 1136
1338 2032
1339 833
1340 2520
1341 1514
1342 120
1343 978
1344 1131
1345 166
1346 2118
1347 1494
1348 1125
1349 216
1350 1956
1351 280
1352 1879
1353 210
1354 1721
1355 1249
1356 601
1357 1475
1358 2444
1359 1899
1360 1402
1361 82
1362 323
1363 88
1364 2328
1365 259
1366 604
1367 201
1368 560
1369 2324
1370 705
1371 826
1372 690
1373 2042
1374 55
1375 864
1376 1033
1377 2517
1378 2417
1379 1503
1380 1582
1381 2245
1382 1354
1383 2144
1384 1286
1385 1778
1386 2287
1387 690
1388 552
1389 1289
1390 1196
1391 278
1392 199
1393 1896
1394 1091
1395 116
1396 1891
1397 24
1398 1231
1399 215
1400 133
1401 967
1402 273
1403 458
1404 2244
1405 1498
1406 1756
1407 713
1408 158
1409 781
1410 1648
1411 480
1412 1998
1413 2364
1414 1075
1415 925
1416 395
1417 1021
1418 2617
1419 319
1420 501
1421 948
1422 836
1423 2653
1424 2018
1425 688
1426 1121
1427 1369
1428 1112
1429 23
1430 2319
1431 1753
1432 1588
1433 1600
1434 2670
1435 1370
1436 78
1437 2184
1438 2317
1439 1969
1440 444
1441 1680
1442 150
1443 1032
1444 2276
1445 582
1446 543
1447 1280
1448 2422
1449 2206
1450 1176
1451 612
1452 367
1453 2549
1454 642
1455 302
1456 768
1457 665
1458 1133
1459 2622
1460 2433
1461 2704
1462 736
1463 976
1464 1847
1465 808
1466 2326
1467 1115
1468 1529
1469 2091
1470 2356
1471 2477
1472 1569
1473 628
1474 104
1475 2534
1476 2271
1477 149
1478 1403
1479 982
1480 1658
1481 2424
1482 196
1483 2658
1484 557
1485 1550
1486 1019
1487 220
1488 1497
1489 536
1490 1340
1491 1889
1492 1353
1493 2423
1494 1956
1495 2145
1496 1234
1497 1341
1498 1509
1499 1697
1500 1700
1501 1452
1502 1086
1503 1070
1504 1302
1505 2200
1506 1517
1507 2341
1508 333
1509 2674
1510 503
1511 1819
1512 2106
1513 2422
1514 2451
1515 1854
1516 2632
1517 951
1518 1916
1519 1352
1520 140
1521 880
1522 2077
1523 44
1524 1468
1525 221
1526 931
1527 164
1528 294
1529 1998
1530 1282
1531 658
1532 1429
1533 1962
1534 644
1535 1463
1536 2239
1537 285
1538 1393
1539 2664
1540 2021
1541 145
1542 1282
1543 784
1544 1480
1545 1338
1546 142
1547 1713
1548 1582
1549 1881
1550 1776
1551 1614
1552 2185
1553 1504
1554 1237
1555 157
1556 1645
1557 2118
1558 2626
1559 1771
1560 554
1561 721
1562 2171
1563 63
1564 2099
1565 1030
1566 1981
1567 1170
1568 1335
1569 1208
1570 1239
1571 2191
1572 1329
1573 1852
1574 2348
1575 1279
1576 77
1577 320
1578 239
1579 1613
1580 1195
1581 1257
1582 514
1583 98
1584 43
1585 259
1586 88
1587 2129
1588 477
1589 1219
1590 1644
1591 1964
1592 1277
1593 1285
1594 2269
1595 2198
1596 343
1597 1595
1598 823
1599 258
1600 2108
1601 160
1602 11
1603 189
1604 1420
1605 387
1606 142
1607 2073
1608 830
1609 2610
1610 2407
1611 2180
1612 147
1613 2181
1614 92
1615 62
1616 1617
1617 854
1618 1561
1619 659
1620 340
1621 937
1622 2459
1623 369
1624 1092
1625 264
1626 1198
1627 292
1628 2323
1629 1505
1630 2523
1631 510
1632 216
1633 368
1634 687
1635 2157
1636 2703
1637 360
1638 2525
1639 581
1640 374
1641 2704
1642 554
1643 1374
1644 887
1645 989
1646 832
1647 2237
1648 2109
1649 2189
1650 2172
1651 2076
1652 463
1653 616
1654 2615
1655 2705
1656 287
1657 1866
1658 90
1659 1540
1660 427
1661 2136
1662 1441
1663 915
1664 717
1665 713
1666 2464
1667 478
1668 1277
1669 384
1670 164
1671 2124
1672 1168
1673 423
1674 1285
1675 124
1676 2137
1677 1630
1678 646
1679 1702
1680 305
1681 2579
1682 1803
1683 2010
1684 1922
1685 2189
1686 1667
1687 2092
1688 2034
1689 855
1690 1407
1691 15
1692 1986
1693 985
1694 476
1695 1740
1696 1908
1697 1379
1698 2521
1699 1362
1700 1686
1701 2120
1702 1103
1703 893
1704 1415
1705 660
1706 1187
1707 1506
1708 1991
1709 2166
1710 2490
1711 661
1712 2358
1713 529
1714 811
1715 698
1716 1731
1717 539
1718 1505
1719 1818
1720 2146
1721 1570
1722 2471
1723 1159
1724 633
1725 1290
1726 2500
1727 698
1728 2378
1729 3
1730 2080
1731 703
1732 1508
1733 14
1734 454
1735 134
1736 2261
1737 3
1738 259
1739 1057
1740 692
1741 43
1742 1556
1743 791
1744 1865
1745 1964
1746 2213
1747 1530
1748 119
1749 610
1750 42
1751 1520
1752 2239
1753 485
1754 20
1755 2353
1756 2403
1757 431
1758 2111
1759 2098
1760 1754
1761 2212
1762 2001
1763 1903
1764 106
1765 902
1766 934
1767 2545
1768 322
1769 381
1770 1644
1771 304
1772 2315
1773 2402
1774 117
1775 849
1776 36
1777 773
1778 1283
1779 1351
1780 2409
1781 1041
1782 2071
1783 12
1784 1286
1785 817
1786 1739
1787 437
1788 965
1789 410
1790 578
1791 50
1792 415
1793 443
1794 1411
1795 687
1796 2673
1797 535
1798 2348
1799 2510
1800 998
1801 528
1802 2163
1803 2309
1804 2085
1805 1854
1806 1309
1807 1125
1808 2563
1809 2317
1810 1360
1811 2116
1812 2199
1813 538
1814 1565
1815 1108
1816 770
1817 1434
1818 1996
1819 355
1820 304
1821 162
1822 1863
1823 2081
1824 1042
1825 1881
1826 839
1827 2354
1828 1069
1829 1619
1830 1387
1831 2619
1832 2242
1833 525
1834 74
1835 2332
1836 655
1837 525
1838 1003
1839 1959
1840 2297
1841 2592
1842 2518
1843 1941
1844 2247
1845 1857
1846 1821
1847 1591
1848 339
1849 165
1850 868
1851 945
1852 2679
1853 1786
1854 1140
1855 1826
1856 2642
1857 1248
1858 1373
1859 1683
1860 1817
1861 40
1862 1042
1863 1122
1864 1663
1865 1430
1866 1737
1867 2640
1868 2508
1869 953
1870 614
1871 610
1872 996
1873 397
1874 2171
1875 247
1876 467
1877 2370
1878 1732
1879 481
1880 1888
1881 1331
1882 270
1883 2294
1884 2262
1885 1050
1886 366
1887 562
1888 2269
1889 18
1890 2030
1891 1643
1892 308
1893 2444
1894 2713
1895 525
1896 2070
1897 2439
1898 1863
1899 1092
1900 502
1901 2522
1902 135
1903 929
1904 103
1905 106
1906 1476
1907 1873
1908 536
1909 2092
1910 322
1911 1735
1912 916
1913 2366
1914 58
1915 914
1916 2676
1917 488
1918 379
1919 874
1920 2289
1921 2404
1922 2432
1923 1901
1924 1800
1925 364
1926 2621
1927 1171
1928 1639
1929 1981
1930 326
1931 2331
1932 832
1933 466
1934 10
1935 887
1936 1355
1937 1831
1938 531
1939 1439
1940 883
1941 84
1942 341
1943 702
1944 1688
1945 1297
1946 342
1947 332
1948 1984
1949 846
1950 811
1951 831
1952 263
1953 1677
1954 1851
1955 559
1956 325
1957 1262
1958 621
1959 1633
1960 1382
1961 494
1962 380
1963 561
1964 1470
1965 1637
1966 1235
1967 1822
1968 1167
1969 1887
1970 1509
1971 736
1972 1448
1973 669
1974 377
1975 281
1976 613
1977 2270
1978 1686
1979 2668
1980 2226
1981 1824
1982 1121
1983 2443
1984 2036
1985 228
1986 1990
1987 833
1988 856
1989 727
1990 987
1991 145
1992 507
1993 1896
1994 350
1995 1627
1996 766
1997 1415
1998 2168
1999 2505
2000 1168
2001 904
2002 14
2003 1968
2004 1431
2005 1054
2006 854
2007 372
2008 1716
2009 341
2010 217
2011 1052
2012 2530
2013 2336
2014 681
2015 411
2016 1122
2017 2684
2018 760
2019 1827
2020 986
2021 2146
2022 1709
2023 2315
2024 1101
2025 2307
2026 93
2027 418
2028 1899
2029 342
2030 1365
2031 1691
2032 1915
2033 891
2034 1662
2035 496
2036 1450
2037 650
2038 277
2039 2655
2040 2663
2041 550
2042 157
2043 2361
2044 2710
2045 2305
2046 915
2047 1853
2048 2140
2049 719
2050 1575
2051 1058
2052 609
2053 449
2054 1043
2055 2030
2056 795
2057 817
2058 1158
2059 2704
2060 1077
2061 839
2062 1591
2063 872
2064 1061
2065 952
2066 2346
2067 2257
2068 2467
2069 796
2070 904
2071 1790
2072 1661
2073 1514
2074 2008
2075 914
2076 2568
2077 1877
2078 1710
2079 1078
2080 1426
2081 1838
2082 1416
2083 1717
2084 2116
2085 2251
2086 1496
2087 1996
2088 953
2089 1492
2090 987
2091 669
2092 2169
2093 1842
2094 2126
2095 1116
2096 1001
2097 69
2098 136
2099 1883
2100 586
2101 1999
2102 458
2103 1875
2104 827
2105 982
2106 2317
2107 2474
2108 250
2109 539
2110 2278
2111 2320
2112 590
2113 2089
2114 795
2115 653
2116 120
2117 313
2118 167
2119 1885
2120 560
2121 1700
2122 345
2123 1399
2124 1123
2125 1565
2126 1317
2127 1112
2128 844
2129 2018
2130 202
2131 1124
2132 1882
2133 1666
2134 335
2135 997
2136 593
2137 2126
2138 2478
2139 833
2140 1578
2141 2467
2142 512
2143 1850
2144 2480
2145 1051
2146 541
2147 2457
2148 1453
2149 1292
2150 1653
2151 2534
2152 639
2153 1141
2154 82
2155 1003
2156 370
2157 391
2158 879
2159 113
2160 1534
2161 2155
2162 1298
2163 1482
2164 1839
2165 2223
2166 2478
2167 1652
2168 1256
2169 717
2170 1199
2171 1163
2172 538
2173 687
2174 1827
2175 1306
2176 1926
2177 1830
2178 2084
2179 2147
2180 50
2181 1526
2182 1856
2183 282
2184 1241
2185 1814
2186 69
2187 2023
2188 1185
2189 906
2190 665
2191 1160
2192 884
2193 24
2194 2473
2195 702
2196 1109
2197 239
2198 196
2199 1939
2200 2071
2201 1581
2202 1562
2203 1206
2204 672
2205 1780
2206 627
2207 1911
2208 970
2209 2160
2210 942
2211 2495
2212 2707
2213 1974
2214 1079
2215 2197
2216 1432
2217 2688
2218 2066
2219 1775
2220 945
2221 2535
2222 1656
2223 1298
2224 1295
2225 1279
2226 1002
2227 1137
2228 48
2229 1931
2230 1813
2231 986
2232 152
2233 1225
2234 683
2235 1980
2236 2676
2237 2085
2238 61
2239 2633
2240 1580
2241 1624
2242 560
2243 787
2244 721
2245 54
2246 2396
2247 802
2248 2017
2249 99
2250 521
2251 2677
2252 2664
2253 1176
2254 291
2255 505
2256 1348
2257 576
2258 837
2259 2442
2260 1181
2261 1858
2262 2183
2263 1029
2264 844
2265 2469
2266 1445
2267 1646
2268 771
2269 931
2270 2250
2271 1749
2272 1898
2273 1953
2274 2101
2275 2571
2276 2169
2277 1300
2278 247
2279 1490
2280 576
2281 1985
2282 1351
2283 1852
2284 2451
2285 68
2286 59
2287 1773
2288 1668
2289 1188
2290 623
2291 1113
2292 1577
2293 1397
2294 1254
2295 1357
2296 1656
2297 612
2298 1808
2299 609
2300 224
2301 1003
2302 2229
2303 73
2304 1450
2305 1318
2306 2228
2307 292
2308 932
2309 487
2310 1167
2311 382
2312 2397
2313 1474
2314 2147
2315 1169
2316 1491
2317 1573
2318 811
2319 1108
2320 1367
2321 349
2322 2544
2323 2366
2324 2082
2325 701
2326 200
2327 193
2328 891
2329 530
2330 1121
2331 220
2332 601
2333 334
2334 2094
2335 2415
2336 760
2337 463
2338 527
2339 807
2340 2436
2341 672
2342 2027
2343 1377
2344 408
2345 2258
2346 2039
2347 1982
2348 1130
2349 26
2350 8
2351 1039
2352 2654
2353 919
2354 2194
2355 28
2356 1693
2357 1596
2358 127
2359 542
2360 170
2361 1864
2362 1093
2363 792
2364 2138
2365 1510
2366 9
2367 2615
2368 134
2369 2616
2370 942
2371 648
2372 43
2373 92
2374 1774
2375 1141
2376 1188
2377 1636
2378 1343
2379 1665
2380 603
2381 2702
2382 1907
2383 1018
2384 269
2385 987
2386 1237
2387 211
2388 2169
2389 1010
2390 2141
2391 881
2392 248
2393 1501
2394 510
2395 280
2396 353
2397 2136
2398 1659
2399 1442
2400 403
2401 105
2402 805
2403 2524
2404 1359
2405 297
2406 1075
2407 1960
2408 1740
2409 1679
2410 1368
2411 1819
2412 519
2413 2134
2414 1930
2415 1716
2416 536
2417 403
2418 764
2419 23
2420 2051
2421 1023
2422 2485
2423 2146
2424 104
2425 1614
2426 23
2427 2111
2428 1991
2429 2579
2430 2462
2431 106
2432 506
2433 1411
2434 922
2435 2579
2436 154
2437 2453
2438 297
2439 881
2440 1284
2441 864
2442 2354
2443 313
2444 316
2445 2087
2446 576
2447 538
2448 272
2449 1337
2450 2392
2451 2328
2452 2234
2453 1618
2454 2170
2455 1172
2456 535
2457 611
2458 1670
2459 2184
2460 2298
2461 185
2462 1013
2463 1744
2464 1792
2465 1191
2466 2074
2467 2136
2468 2563
2469 1681
2470 2477
2471 858
2472 386
2473 2460
2474 2472
2475 2176
2476 1347
2477 1795
2478 1527
2479 1391
2480 2193
2481 296
2482 1623
2483 2066
2484 1480
2485 1892
2486 2201
2487 160
2488 1308
2489 66
2490 363
2491 1893
2492 2386
2493 261
2494 1342
2495 1638
2496 1953
2497 1259
2498 1015
2499 1304
2500 2597
2501 1805
2502 2262
2503 1953
2504 1531
2505 771
2506 2346
2507 464
2508 2725
2509 1192
2510 522
2511 1409
2512 1278
2513 2115
2514 1467
2515 2700
2516 2338
2517 1321
2518 1935
2519 1160
2520 2518
2521 2418
2522 734
2523 1533
2524 632
2525 24
2526 420
2527 2443
2528 551
2529 1130
2530 1831
2531 1677
2532 2694
2533 2282
2534 1506
2535 1252
2536 1858
2537 1990
2538 612
2539 492
2540 812
2541 516
2542 1321
2543 1971
2544 417
2545 1196
2546 168
2547 643
2548 113
2549 2626
2550 646
2551 1317
2552 1975
2553 523
2554 1027
2555 1768
2556 467
2557 2469
2558 820
2559 2545
2560 1974
2561 836
2562 1861
2563 840
2564 2100
2565 250
2566 2308
2567 180
2568 179
2569 1726
2570 2620
2571 2575
2572 1755
2573 25
2574 1774
2575 2525
2576 1072
2577 996
2578 1032
2579 1143
2580 107
2581 208
2582 1308
2583 1909
2584 2105
2585 2083
2586 2035
2587 2722
2588 511
2589 188
2590 1333
2591 2634
2592 461
2593 821
2594 2163
2595 2005
2596 1989
2597 2083
2598 1686
2599 2425
2600 650
2601 47
2602 1317
2603 2416
2604 587
2605 1584
2606 1591
2607 2628
2608 1993
2609 1411
2610 1038
2611 1634
2612 188
2613 330
2614 1136
2615 1559
2616 740
2617 776
2618 1082
2619 691
2620 486
2621 723
2622 851
2623 1424
2624 1702
2625 40
2626 1748
2627 511
2628 2048
2629 334
2630 2257
2631 723
2632 2373
2633 2620
2634 2232
2635 1933
2636 1168
2637 2507
2638 1098
2639 1410
2640 2216
2641 870
2642 1578
2643 2003
2644 2066
2645 1648
2646 1326
2647 377
2648 1845
2649 389
2650 1262
2651 1257
2652 1138
2653 785
2654 299
2655 974
2656 2715
2657 1097
2658 2121
2659 1003
2660 1597
2661 2590
2662 73
2663 1633
2664 1560
2665 2482
2666 134
2667 1768
2668 48
2669 1619
2670 1722
2671 1134
2672 2628
2673 363
2674 1919
2675 1211
2676 979
2677 1986
2678 1313
2679 730
2680 1205
2681 2271
2682 1545
2683 802
2684 2146
2685 857
2686 1600
2687 93
2688 441
2689 403
2690 1171
2691 972
2692 1190
2693 1486
2694 1694
2695 1642
2696 639
2697 2112
2698 2702
2699 1549
2700 2400
2701 2223
2702 1446
2703 697
2704 168
2705 2485
2706 2034
2707 121
2708 1542
2709 2045
2710 2678
2711 623
2712 2575
2713 817
2714 1628
2715 127
2716 2021
2717 371
2718 1400
2719 891
2720 9
2721 34
2722 1545
2723 1613
2724 517
2725 454
2726 651
0 1423
1 2722
2 2379
3 78
4 1265
5 2235
6 1363
7 339
8 2192
9 2041
10 1850
11 1966
12 1815
13 2442
14 894
15 1224
16 970
17 25
18 1737
19 2254
20 2633
21 362
22 1597
23 913
24 1992
25 1689
26 2491
27 1997
28 304
29 989
30 241
31 2145
32 1568
33 2674
34 2296
35 1200
36 568
37 2725
38 306
39 153
40 152
41 1016
42 1009
43 2377
44 2431
45 819
46 1332
47 847
48 33
49 2509
50 977
51 2044
52 1988
53 1659
54 1694
55 967
56 1072
57 1335
58 2014
59 1627
60 1183
61 15
62 2388
63 2432
64 1603
65 1334
66 493
67 1226
68 629
69 612
70 1780
71 1825
72 580
73 2468
74 1734
75 1288
76 1378
77 375
78 483
79 1304
80 740
81 129
82 961
83 2289
84 1423
85 1975
86 1309
87 446
88 1030
89 1914
90 740
91 711
92 1930
93 1350
94 1467
95 211
96 530
97 368
98 2462
99 840
100 1945
101 1051
102 1125
103 2283
104 2253
105 1724
106 1010
107 724
108 2027
109 1450
110 398
111 1395
112 1577
113 2527
114 2115
115 2020
116 2038
117 2267
118 69
119 1295
120 681
121 1136
122 561
123 434
124 414
125 967
126 238
127 1142
128 1884
129 803
130 2721
131 2564
132 2665
133 1990
134 1258
135 2244
136 2305
137 462
138 2525
139 1403
140 1996
141 1887
142 472
143 1185
144 2254
145 458
146 980
147 2399
148 116
149 1938
150 1069
151 2081
152 2571
153 918
154 519
155 1001
156 2241
157 1284
158 263
159 2126
160 554
161 2212
162 1113
163 131
164 1672
165 842
166 68
167 1142
168 1682
169 1567
170 319
171 59
172 1574
173 1829
174 1031
175 757
176 468
177 2400
178 2038
179 2348
180 2315
181 204
182 2034
183 1131
184 1862
185 188
186 1113
187 1038
188 885
189 2297
190 1515
191 1617
192 1335
193 689
194 2015
195 967
196 1235
197 749
198 169
199 2112
200 2547
201 625
202 1680
203 120
204 734
205 338
206 2372
207 2357
208 514
209 137
210 341
211 2389
212 2372
213 2465
214 2006
215 146
216 1530
217 1025
218 1107
219 102
220 2390
221 594
222 159
223 601
224 1276
225 955
226 313
227 1991
228 394
229 849
230 1597
231 1187
232 593
233 810
234 2449
235 408
236 2246
237 2088
238 2256
239 480
240 2686
241 2161
242 1959
243 2618
244 1827
245 1151
246 2655
247 2073
248 1235
249 753
250 223
251 2094
252 396
253 2406
254 937
255 984
256 1000
257 792
258 300
259 421
260 1548
261 1901
262 2332
263 0
264 2381
265 1358
266 1244
267 1799
268 1162
269 1694
270 1613
271 2240
272 23
273 2044
274 2210
275 2229
276 1270
277 1891
278 611
279 1749
280 86
281 1700
282 2521
283 190
284 303
285 627
286 1047
287 1131
288 1632
289 2418
290 2356
291 2323
292 1656
293 1590
294 2305
295 17
296 1830
297 1228
298 2581
299 665
300 811
301 66
302 1399
303 2537
304 1653
305 570
306 1988
307 2166
308 1629
309 2163
310 2654
311 1355
312 243
313 676
314 1116
315 1650
316 1738
317 1419
318 2618
319 605
320 2431
321 2501
322 2202
323 1552
324 2052
325 1176
326 91
327 549
328 661
329 1140
330 488
331 2369
332 1608
333 442
334 1642
335 2551
336 1727
337 2330
338 880
339 496
340 1906
341 429
342 2634
343 1988
344 2528
345 441
346 2605
347 18
348 2001
349 2026
350 129
351 1382
352 1590
353 2368
354 1815
355 1458
356 1406
357 2459
358 241
359 446
360 236
361 2650
362 1480
363 1286
364 1778
365 894
366 1915
367 1870
368 2574
369 2553
370 1508
371 1596
372 1173
373 2503
374 2680
375 1694
376 1659
377 2001
378 780
379 982
380 2563
381 558
382 2069
383 1702
384 1419
385 2023
386 1763
387 506
388 1816
389 1169
390 907
391 750
392 2340
393 23
394 637
395 322
396 10
397 2053
398 888
399 2343
400 1471
401 1551
402 958
403 207
404 2529
405 68
406 1535
407 173
408 816
409 730
410 2147
411 657
412 1458
413 919
414 486
415 81
416 1107
417 55
418 1797
419 2365
420 2261
421 1678
422 2588
423 1969
424 14
425 2116
426 2090
427 991
428 906
429 1339
430 1501
431 2052
432 2097
433 417
434 2608
435 825
436 825
437 2444
438 1702
439 1892
440 576
441 885
442 2086
443 2071
444 2656
445 1784
446 1789
447 1816
448 2165
449 1768
450 1645
451 1791
452 1646
453 1164
454 2044
455 1195
456 357
457 2269
458 1007
459 903
460 342
461 1620
462 2459
463 573
464 2187
465 183
466 2110
467 2160
468 1835
469 1210
470 2586
471 1738
472 2060
473 1412
474 1739
475 399
476 1567
477 1010
478 2140
479 245
480 286
481 2637
482 1279
483 1899
484 575
485 2707
486 2352
487 2252
488 466
489 2035
490 787
491 1180
492 2591
493 688
494 162
495 746
496 502
497 1438
498 1722
499 971
500 2118
501 1676
502 470
503 484
504 338
505 666
506 2257
507 954
508 1167
509 2372
510 131
511 77
512 2008
513 2510
514 1251
515 299
516 2241
517 1909
518 906
519 2316
520 1816
521 1465
522 1983
523 2092
524 1952
525 1667
526 177
527 2466
528 586
529 1679
530 1491
531 2569
532 251
533 300
534 1125
535 2443
536 1378
537 2636
538 2615
539 1258
540 171
541 2164
542 1049
543 1630
544 1343
545 993
546 131
547 2149
548 2408
549 2396
550 1876
551 656
552 873
553 2119
554 1788
555 1639
556 1084
557 1286
558 1362
559 1208
560 533
561 2723
562 2040
563 442
564 539
565 1955
566 184
567 732
568 2396
569 1599
570 719
571 2183
572 239
573 2211
574 1875
575 1561
576 655
577 901
578 2635
579 1386
580 1900
581 1640
582 2305
583 410
584 595
585 908
586 1063
587 2421
588 1810
589 653
590 2394
591 1655
592 2237
593 547
594 2328
595 39
596 817
597 486
598 417
599 2554
600 115
601 1837
602 1677
603 1998
604 350
605 799
606 1815
607 390
608 683
609 1465
610 722
611 2242
612 160
613 2322
614 425
615 978
616 1985
617 690
618 497
619 1414
620 1093
621 97
622 73
623 2038
624 302
625 1592
626 2604
627 1870
628 1592
629 2531
630 2417
631 2525
632 162
633 2648
634 123
635 2074
636 680
637 1069
638 1780
639 2006
640 1295
641 1383
642 580
643 399
644 403
645 790
646 1197
647 2096
648 1348
649 2045
650 930
651 1386
652 767
653 1060
654 2074
655 2420
656 2177
657 907
658 448
659 1721
660 1455
661 2304
662 419
663 657
664 1190
665 2094
666 2462
667 221
668 1097
669 2337
670 1269
671 1358
672 441
673 304
674 2547
675 2248
676 1014
677 2434
678 1250
679 2168
680 2696
681 623
682 2585
683 150
684 2400
685 1945
686 325
687 2057
688 163
689 1434
690 2542
691 1431
692 1936
693 1568
694 1844
695 1188
696 1382
697 2635
698 84
699 1652
700 311
701 1698
702 604
703 1321
704 2222
705 1385
706 2329
707 338
708 1452
709 1193
710 1063
711 2605
712 264
713 1463
714 2696
715 1033
716 866
717 1730
718 210
719 677
720 1918
721 2160
722 2420
723 509
724 984
725 2081
726 13
727 2618
728 2262
729 973
730 2139
731 2687
732 1137
733 1814
734 2042
735 2481
736 1842
737 467
738 2483
739 740
740 833
741 2422
742 1969
743 1094
744 2382
745 350
746 3
747 139
748 2725
749 52
750 140
751 1622
752 1309
753 2669
754 2087
755 614
756 1084
757 2642
758 756
759 1143
760 1671
761 1885
762 1282
763 1577
764 1354
765 2145
766 2578
767 1161
768 1558
769 1374
770 1740
771 918
772 1708
773 1586
774 750
775 531
776 1243
777 2652
778 1483
779 811
780 2434
781 1550
782 1279
783 1442
784 1678
785 989
786 221
787 1726
788 1807
789 23
790 1236
791 2177
792 2018
793 2198
794 481
795 1404
796 68
797 2030
798 1174
799 23
800 512
801 686
802 457
803 950
804 2137
805 1656
806 2698
807 1704
808 1556
809 1406
810 2283
811 355
812 1691
813 2120
814 2050
815 2051
816 1195
817 1229
818 1556
819 793
820 192
821 634
822 490
823 1299
824 1966
825 1973
826 777
827 1077
828 2555
829 1750
830 839
831 2407
832 2002
833 882
834 2348
835 1094
836 2223
837 727
838 273
839 1511
840 784
841 507
842 2354
843 714
844 2543
845 1523
846 933
847 2020
848 2021
849 2462
850 827
851 1707
852 1629
853 1111
854 1887
855 1290
856 1238
857 1312
858 870
859 2593
860 927
861 2507
862 443
863 636
864 2491
865 518
866 2268
867 191
868 2554
869 1389
870 1910
871 2705
872 2492
873 868
874 465
875 332
876 1227
877 964
878 2684
879 1821
880 1065
881 1526
882 2623
883 655
884 1156
885 1023
886 796
887 683
888 1140
889 947
890 745
891 2499
892 1295
893 2491
894 2460
895 2583
896 1035
897 687
898 166
899 2482
900 1584
901 1302
902 2343
903 2647
904 826
905 1899
906 2697
907 1768
908 1711
909 1233
910 1969
911 1901
912 453
913 612
914 2594
915 1138
916 20
917 640
918 2377
919 1940
920 2679
921 55
922 560
923 2412
924 239
925 688
926 1079
927 533
928 843
929 1796
930 1389
931 871
932 1078
933 1748
934 2606
935 2654
936 879
937 2133
938 2614
939 1710
940 1934
941 1015
942 1068
943 1235
944 1953
945 1924
946 314
947 2084
948 1346
949 2708
950 2695
951 521
952 1930
953 2404
954 1414
955 1029
956 2587
957 990
958 2287
959 677
960 923
961 351
962 2240
963 2613
964 432
965 2371
966 2700
967 1195
968 1793
969 1897
970 1022
971 2182
972 1215
973 58
974 2670
975 1700
976 2180
977 828
978 1943
979 2700
980 1317
981 84
982 363
983 93
984 2704
985 131
986 1434
987 1591
988 2670
989 1240
990 2687
991 1246
992 713
993 1025
994 1255
995 1776
996 1393
997 2519
998 2566
999 1077
1000 2306
1001 1632
1002 2617
1003 1243
1004 2410
1005 638
1006 2627
1007 1263
1008 2030
1009 1799
1010 1050
1011 36
1012 4
1013 171
1014 1219
1015 99
1016 267
1017 2402
1018 1451
1019 737
1020 957
1021 2290
1022 163
1023 588
1024 1744
1025 857
1026 538
1027 2717
1028 2367
1029 2050
1030 1877
1031 2039
1032 710
1033 1346
1034 1496
1035 1712
1036 2029
1037 1581
1038 2417
1039 2265
1040 727
1041 1068
1042 2561
1043 2168
1044 1495
1045 568
1046 872
1047 1086
1048 2454
1049 749
1050 1352
1051 1957
1052 1153
1053 1504
1054 505
1055 2510
1056 1113
1057 1412
1058 2032
1059 312
1060 603
1061 2427
1062 166
1063 918
1064 735
1065 1861
1066 2010
1067 1015
1068 1783
1069 2085
1070 178
1071 1052
1072 789
1073 1269
1074 2197
1075 1859
1076 2627
1077 2420
1078 1340
1079 2700
1080 430
1081 2623
1082 688
1083 1678
1084 1728
1085 889
1086 1861
1087 35
1088 1400
1089 1116
1090 2194
1091 1407
1092 641
1093 37
1094 1304
1095 1801
1096 146
1097 1161
1098 553
1099 1126
1100 2296
1101 2033
1102 1901
1103 221
1104 1750
1105 709
1106 2147
1107 361
1108 2019
1109 1590
1110 578
1111 2033
1112 949
1113 222
1114 170
1115 2682
1116 1054
1117 2108
1118 1602
1119 1274
1120 2716
1121 1602
1122 2421
1123 2135
1124 2693
1125 33
1126 789
1127 441
1128 1827
1129 1618
1130 1186
1131 2208
1132 1573
1133 2283
1134 2370
1135 236
1136 857
1137 632
1138 1570
1139 1253
1140 1559
1141 1363
1142 2130
1143 2094
1144 913
1145 791
1146 251
1147 2609
1148 1549
1149 2595
1150 1432
1151 1076
1152 1246
1153 1245
1154 354
1155 2309
1156 1104
1157 2562
1158 746
1159 1640
1160 309
1161 2415
1162 301
1163 1324
1164 947
1165 941
1166 2684
1167 278
1168 2625
1169 1245
1170 414
1171 1404
1172 490
1173 47
1174 2178
1175 1347
1176 1201
1177 2268
1178 519
1179 319
1180 2371
1181 1418
1182 2351
1183 19
1184 2542
1185 2374
1186 847
1187 102
1188 2179
1189 313
1190 2258
1191 1468
1192 1477
1193 2020
1194 631
1195 1885
1196 322
1197 282
1198 53
1199 2539
1200 808
1201 1826
1202 820
1203 444
1204 2726
1205 852
1206 1513
1207 1055
1208 2057
1209 1027
1210 2714
1211 205
1212 714
1213 2329
1214 1579
1215 469
1216 1978
1217 954
1218 2556
1219 2382
1220 1174
1221 1502
1222 1398
1223 1059
1224 1801
1225 1386
1226 2596
1227 1981
1228 1985
1229 998
1230 281
1231 2132
1232 9
1233 2303
1234 1264
1235 845
1236 852
1237 1755
1238 1858
1239 1715
1240 1444
1241 1162
1242 2537
1243 36
1244 774
1245 1502
1246 269
1247 2012
1248 129
1249 2287
1250 1188
1251 1708
1252 2136
1253 2635
1254 62
1255 1559
1256 512
1257 914
1258 765
1259 1668
1260 2246
1261 1945
1262 1401
1263 463
1264 457
1265 2616
1266 402
1267 288
1268 2362
1269 936
1270 2162
1271 1419
1272 2127
1273 647
1274 15
1275 1091
1276 2389
1277 1441
1278 1119
1279 1009
1280 2382
1281 2218
1282 1579
1283 2390
1284 2131
1285 243
1286 1129
1287 2192
1288 2688
1289 278
1290 2171
1291 925
1292 2243
1293 1414
1294 1771
1295 119
1296 1896
1297 1532
1298 2467
1299 1423
1300 1924
1301 254
1302 787
1303 1938
1304 1882
1305 1775
1306 2651
1307 1533
1308 16
1309 1256
1310 692
1311 1215
1312 191
1313 1547
1314 625
1315 1629
1316 554
1317 335
1318 685
1319 1129
1320 1181
1321 284
1322 1888
1323 2089
1324 1291
1325 999
1326 1029
1327 1273
1328 919
1329 1989
1330 1615
1331 168
1332 1662
1333 189
1334 1923
1335 2661
1336 2547
1337 1136
1338 1835
1339 2383
1340 2520
1341 1514
1342 120
1343 37
1344 64
1345 2585
1346 2118
1347 1494
1348 1125
1349 1450
1350 1479
1351 280
1352 466
1353 723
1354 1721
1355 1249
1356 685
1357 2350
1358 2444
1359 1899
1360 603
1361 2210
1362 1138
1363 88
1364 1673
1365 2433
1366 604
1367 201
1368 560
1369 1040
1370 2339
1371 826
1372 2318
1373 996
1374 55
1375 864
1376 1466
1377 208
1378 1025
1379 1447
1380 1499
1381 2416
1382 2017
1383 2485
1384 1659
1385 1007
1386 736
1387 589
1388 552
1389 607
1390 1196
1391 109
1392 199
1393 2360
1394 1091
1395 554
1396 1891
1397 24
1398 779
1399 215
1400 194
1401 967
1402 273
1403 1643
1404 2244
1405 1498
1406 432
1407 1198
1408 2520
1409 1417
1410 1648
1411 865
1412 1998
1413 2364
1414 1075
1415 2119
1416 810
1417 149
1418 1508
1419 319
1420 1436
1421 948
1422 1479
1423 2256
1424 1728
1425 1322
1426 1546
1427 774
1428 2188
1429 257
1430 2319
1431 1753
1432 2626
1433 1600
1434 655
1435 589
1436 2169
1437 554
1438 2317
1439 2437
1440 444
1441 1680
1442 1331
1443 1799
1444 732
1445 1953
1446 543
1447 1280
1448 798
1449 2296
1450 1176
1451 612
1452 367
1453 1112
1454 2159
1455 2625
1456 2181
1457 665
1458 2510
1459 2382
1460 1080
1461 2704
1462 135
1463 17
1464 1847
1465 1333
1466 2326
1467 2331
1468 587
1469 2091
1470 2220
1471 868
1472 1569
1473 628
1474 104
1475 2145
1476 1785
1477 732
1478 944
1479 982
1480 968
1481 1337
1482 196
1483 2658
1484 557
1485 1550
1486 1019
1487 1473
1488 1551
1489 1976
1490 1340
1491 515
1492 1353
1493 2423
1494 477
1495 677
1496 845
1497 428
1498 1509
1499 521
1500 2680
1501 1452
1502 1086
1503 2646
1504 1302
1505 871
1506 1517
1507 2341
1508 333
1509 2403
1510 503
1511 1466
1512 594
1513 2422
1514 2451
1515 999
1516 2632
1517 1779
1518 997
1519 851
1520 537
1521 880
1522 1492
1523 1863
1524 1543
1525 1120
1526 931
1527 164
1528 294
1529 1998
1530 1282
1531 97
1532 1429
1533 1436
1534 717
1535 1463
1536 2239
1537 1224
1538 1393
1539 2068
1540 131
1541 145
1542 1426
1543 161
1544 608
1545 1338
1546 280
1547 2334
1548 1582
1549 1881
1550 1776
1551 1036
1552 2644
1553 1504
1554 1237
1555 157
1556 1645
1557 1334
1558 1465
1559 2111
1560 1900
1561 721
1562 610
1563 670
1564 1356
1565 1030
1566 2552
1567 1170
1568 2493
1569 1208
1570 1239
1571 1113
1572 204
1573 1852
1574 2348
1575 1279
1576 77
1577 1140
1578 2418
1579 1613
1580 1671
1581 495
1582 389
1583 98
1584 43
1585 3
1586 88
1587 2129
1588 477
1589 1219
1590 1644
1591 1576
1592 2280
1593 1711
1594 2269
1595 2198
1596 2581
1597 1207
1598 823
1599 2101
1600 1658
1601 160
1602 11
1603 189
1604 678
1605 387
1606 673
1607 2073
1608 830
1609 2398
1610 2193
1611 2180
1612 147
1613 724
1614 92
1615 62
1616 1617
1617 854
1618 2563
1619 2720
1620 273
1621 1411
1622 2459
1623 2262
1624 630
1625 264
1626 306
1627 292
1628 2323
1629 1130
1630 1394
1631 1182
1632 1632
1633 368
1634 582
1635 409
1636 570
1637 360
1638 2525
1639 581
1640 996
1641 2534
1642 554
1643 350
1644 1779
1645 989
1646 562
1647 2485
1648 2109
1649 2189
1650 2172
1651 2076
1652 463
1653 2694
1654 2615
1655 1647
1656 329
1657 754
1658 249
1659 1066
1660 2542
1661 976
1662 424
1663 1237
1664 717
1665 1425
1666 2464
1667 1134
1668 678
1669 384
1670 164
1671 2227
1672 1365
1673 471
1674 1285
1675 124
1676 205
1677 1630
1678 646
1679 1628
1680 499
1681 902
1682 1803
1683 2721
1684 1922
1685 2189
1686 1344
1687 257
1688 2669
1689 855
1690 1407
1691 2193
1692 1986
1693 428
1694 2603
1695 1740
1696 2384
1697 1601
1698 2521
1699 1362
1700 658
1701 2120
1702 2468
1703 893
1704 940
1705 660
1706 2067
1707 332
1708 2026
1709 1567
1710 730
1711 2210
1712 2358
1713 1539
1714 532
1715 1604
1716 1731
1717 1954
1718 1505
1719 2180
1720 2146
1721 1570
1722 2471
1723 2556
1724 633
1725 273
1726 2588
1727 2305
1728 2378
1729 3
1730 463
1731 470
1732 1508
1733 1638
1734 1882
1735 134
1736 1916
1737 1190
1738 259
1739 1576
1740 692
1741 43
1742 1931
1743 791
1744 1865
1745 1964
1746 1187
1747 1495
1748 119
1749 610
1750 42
1751 1530
1752 1282
1753 531
1754 1572
1755 1096
1756 1049
1757 2330
1758 2111
1759 1719
1760 2683
1761 1594
1762 1658
1763 1864
1764 2062
1765 902
1766 58
1767 1520
1768 813
1769 1583
1770 2329
1771 304
1772 782
1773 504
1774 2557
1775 849
1776 176
1777 773
1778 1283
1779 1351
1780 2507
1781 1289
1782 2006
1783 1163
1784 448
1785 817
1786 1739
1787 1125
1788 129
1789 410
1790 1523
1791 50
1792 364
1793 443
1794 1411
1795 731
1796 2289
1797 128
1798 343
1799 2237
1800 998
1801 2267
1802 2163
1803 2309
1804 1564
1805 1582
1806 1309
1807 1125
1808 967
1809 1649
1810 1930
1811 518
1812 1853
1813 736
1814 1565
1815 1108
1816 1030
1817 2512
1818 1996
1819 1798
1820 304
1821 162
1822 1863
1823 1633
1824 1042
1825 1903
1826 2509
1827 2354
1828 131
1829 1619
1830 1387
1831 1128
1832 1885
1833 1962
1834 1939
1835 1094
1836 655
1837 525
1838 562
1839 1139
1840 42
1841 2592
1842 629
1843 1295
1844 1634
1845 1857
1846 1384
1847 335
1848 660
1849 743
1850 979
1851 945
1852 2679
1853 1034
1854 1140
1855 1258
1856 2640
1857 1170
1858 1373
1859 636
1860 375
1861 1092
1862 1218
1863 609
1864 59
1865 1146
1866 1322
1867 2640
1868 2508
1869 953
1870 207
1871 717
1872 996
1873 397
1874 2171
1875 247
1876 924
1877 1800
1878 874
1879 481
1880 1888
1881 1247
1882 2139
1883 1363
1884 1824
1885 973
1886 366
1887 2382
1888 2269
1889 1844
1890 2030
1891 888
1892 308
1893 2444
1894 2713
1895 525
1896 1266
1897 1612
1898 1001
1899 1148
1900 683
1901 748
1902 1840
1903 929
1904 103
1905 106
1906 2026
1907 871
1908 1927
1909 363
1910 322
1911 1735
1912 1257
1913 347
1914 58
1915 2296
1916 2676
1917 1669
1918 251
1919 1580
1920 2289
1921 1504
1922 276
1923 1494
1924 1800
1925 1051
1926 2208
1927 1171
1928 831
1929 1981
1930 326
1931 2331
1932 901
1933 1999
1934 10
1935 887
1936 1355
1937 544
1938 531
1939 2478
1940 1522
1941 474
1942 341
1943 374
1944 1688
1945 1297
1946 280
1947 1144
1948 2643
1949 846
1950 811
1951 831
1952 263
1953 2100
1954 1186
1955 2580
1956 1845
1957 1262
1958 621
1959 1633
1960 1382
1961 494
1962 380
1963 1022
1964 1470
1965 820
1966 1878
1967 2618
1968 2672
1969 1887
1970 437
1971 1858
1972 493
1973 436
1974 1416
1975 281
1976 2058
1977 1693
1978 1686
1979 1689
1980 1267
1981 196
1982 402
1983 587
1984 2036
1985 1532
1986 2441
1987 833
1988 390
1989 727
1990 987
1991 145
1992 507
1993 1896
1994 1748
1995 1627
1996 766
1997 1415
1998 856
1999 986
2000 798
2001 660
2002 1358
2003 1968
2004 1431
2005 1595
2006 664
2007 372
2008 1479
2009 341
2010 1964
2011 1052
2012 2637
2013 2336
2014 681
2015 2647
2016 1122
2017 2684
2018 1040
2019 1827
2020 405
2021 950
2022 1709
2023 2301
2024 329
2025 170
2026 2621
2027 418
2028 1026
2029 393
2030 1365
2031 1691
2032 324
2033 1086
2034 1662
2035 496
2036 263
2037 1001
2038 1274
2039 2370
2040 2390
2041 550
2042 2201
2043 985
2044 2710
2045 2305
2046 915
2047 1853
2048 2644
2049 2390
2050 230
2051 1058
2052 991
2053 1431
2054 2160
2055 1603
2056 795
2057 2687
2058 1641
2059 269
2060 168
2061 2490
2062 1324
2063 872
2064 1561
2065 952
2066 2346
2067 2257
2068 1055
2069 992
2070 2102
2071 747
2072 873
2073 2461
2074 2664
2075 914
2076 2568
2077 535
2078 1710
2079 1465
2080 560
2081 1838
2082 2140
2083 1072
2084 2116
2085 379
2086 627
2087 1996
2088 953
2089 1434
2090 987
2091 669
2092 1569
2093 968
2094 2126
2095 425
2096 2020
2097 1369
2098 136
2099 1883
2100 2036
2101 1999
2102 458
2103 2238
2104 827
2105 569
2106 2317
2107 2383
2108 123
2109 1150
2110 2692
2111 2320
2112 590
2113 1446
2114 795
2115 430
2116 171
2117 1481
2118 2524
2119 1885
2120 1895
2121 1266
2122 345
2123 1399
2124 932
2125 578
2126 1317
2127 69
2128 1615
2129 2018
2130 958
2131 1095
2132 1882
2133 298
2134 335
2135 997
2136 194
2137 1200
2138 2478
2139 1867
2140 1509
2141 1959
2142 1749
2143 2378
2144 1496
2145 784
2146 136
2147 1463
2148 1453
2149 1292
2150 1322
2151 342
2152 854
2153 1570
2154 2082
2155 360
2156 651
2157 401
2158 879
2159 1369
2160 1534
2161 653
2162 607
2163 1591
2164 2034
2165 573
2166 2317
2167 766
2168 1317
2169 717
2170 1950
2171 778
2172 1020
2173 687
2174 2718
2175 47
2176 2168
2177 1830
2178 337
2179 1991
2180 50
2181 1526
2182 135
2183 282
2184 856
2185 980
2186 69
2187 2023
2188 2410
2189 906
2190 665
2191 1717
2192 1276
2193 396
2194 2473
2195 1173
2196 1109
2197 2587
2198 563
2199 1939
2200 2071
2201 1581
2202 901
2203 20
2204 1778
2205 2633
2206 1135
2207 841
2208 970
2209 2160
2210 124
2211 2495
2212 1974
2213 2502
2214 2496
2215 2197
2216 1188
2217 2688
2218 1451
2219 1009
2220 945
2221 2535
2222 884
2223 1881
2224 1717
2225 2191
2226 2673
2227 341
2228 48
2229 915
2230 1813
2231 1365
2232 152
2233 1256
2234 2463
2235 1980
2236 2676
2237 151
2238 472
2239 2633
2240 266
2241 1602
2242 560
2243 331
2244 721
2245 54
2246 2396
2247 380
2248 511
2249 1103
2250 1930
2251 2677
2252 1435
2253 1176
2254 1092
2255 1312
2256 2428
2257 576
2258 2315
2259 2442
2260 1647
2261 2675
2262 2183
2263 1029
2264 844
2265 2469
2266 1445
2267 2241
2268 1688
2269 931
2270 1356
2271 1749
2272 702
2273 2154
2274 367
2275 2571
2276 2724
2277 1300
2278 1623
2279 1227
2280 1336
2281 531
2282 1351
2283 2718
2284 2451
2285 2173
2286 1854
2287 1773
2288 1668
2289 118
2290 623
2291 593
2292 406
2293 104
2294 1254
2295 1357
2296 1656
2297 612
2298 1407
2299 609
2300 827
2301 1003
2302 2229
2303 73
2304 1338
2305 1318
2306 2228
2307 292
2308 932
2309 89
2310 786
2311 382
2312 2397
2313 2522
2314 1943
2315 1169
2316 1491
2317 1881
2318 811
2319 1734
2320 1367
2321 349
2322 2544
2323 2366
2324 2082
2325 2121
2326 200
2327 193
2328 2476
2329 1011
2330 1121
2331 27
2332 601
2333 1401
2334 2094
2335 2415
2336 2441
2337 463
2338 527
2339 1383
2340 1950
2341 672
2342 1704
2343 1377
2344 408
2345 2258
2346 1052
2347 1982
2348 1130
2349 512
2350 8
2351 1541
2352 2654
2353 919
2354 2114
2355 533
2356 1331
2357 572
2358 2347
2359 1662
2360 380
2361 1864
2362 1171
2363 1553
2364 185
2365 2475
2366 9
2367 2615
2368 134
2369 2616
2370 891
2371 323
2372 43
2373 961
2374 1774
2375 1141
2376 1433
2377 2017
2378 758
2379 2249
2380 2310
2381 2702
2382 2042
2383 1018
2384 1392
2385 437
2386 573
2387 1655
2388 2169
2389 1696
2390 1698
2391 1501
2392 248
2393 1501
2394 2675
2395 895
2396 672
2397 2136
2398 1659
2399 257
2400 403
2401 366
2402 805
2403 2524
2404 1339
2405 297
2406 2420
2407 1186
2408 1740
2409 2332
2410 1368
2411 1819
2412 1816
2413 1121
2414 1930
2415 1966
2416 536
2417 7
2418 1622
2419 23
2420 2051
2421 1023
2422 295
2423 979
2424 1968
2425 378
2426 23
2427 2111
2428 1820
2429 121
2430 536
2431 106
2432 506
2433 1411
2434 922
2435 2602
2436 154
2437 201
2438 297
2439 1983
2440 1284
2441 864
2442 2026
2443 157
2444 316
2445 2087
2446 1504
2447 1541
2448 272
2449 1737
2450 1826
2451 905
2452 233
2453 1618
2454 2081
2455 2088
2456 2477
2457 611
2458 1670
2459 2184
2460 2298
2461 2326
2462 2007
2463 1744
2464 810
2465 2552
2466 694
2467 2136
2468 2477
2469 2530
2470 2477
2471 858
2472 399
2473 1647
2474 138
2475 2176
2476 1347
2477 1795
2478 1527
2479 1393
2480 2193
2481 296
2482 1485
2483 680
2484 119
2485 1892
2486 2288
2487 160
2488 125
2489 211
2490 736
2491 1893
2492 2177
2493 1693
2494 2449
2495 513
2496 1213
2497 131
2498 1074
2499 1304
2500 2597
2501 1862
2502 1406
2503 944
2504 1531
2505 771
2506 2346
2507 2219
2508 2725
2509 1192
2510 1592
2511 1159
2512 1278
2513 2115
2514 473
2515 1162
2516 2338
2517 1321
2518 1978
2519 724
2520 2518
2521 474
2522 1492
2523 1533
2524 1187
2525 24
2526 2475
2527 781
2528 551
2529 1130
2530 1962
2531 2582
2532 2694
2533 2282
2534 2686
2535 1179
2536 1739
2537 2541
2538 2714
2539 492
2540 812
2541 1072
2542 88
2543 348
2544 417
2545 2716
2546 168
2547 643
2548 113
2549 2626
2550 563
2551 1329
2552 699
2553 523
2554 1772
2555 1768
2556 467
2557 898
2558 820
2559 1946
2560 1974
2561 1008
2562 1861
2563 2276
2564 749
2565 1729
2566 747
2567 1303
2568 179
2569 1581
2570 981
2571 2575
2572 806
2573 25
2574 2559
2575 704
2576 1072
2577 797
2578 2357
2579 805
2580 107
2581 207
2582 1308
2583 1521
2584 656
2585 2062
2586 1757
2587 1251
2588 2461
2589 188
2590 1632
2591 2634
2592 461
2593 821
2594 572
2595 2005
2596 1989
2597 522
2598 2596
2599 1069
2600 650
2601 47
2602 2049
2603 2416
2604 587
2605 1584
2606 1591
2607 240
2608 538
2609 274
2610 1038
2611 2142
2612 2324
2613 480
2614 1136
2615 495
2616 740
2617 2362
2618 2513
2619 691
2620 1861
2621 1731
2622 2404
2623 1424
2624 1702
2625 40
2626 1748
2627 511
2628 2048
2629 554
2630 2257
2631 723
2632 2373
2633 1188
2634 2232
2635 1933
2636 541
2637 2611
2638 1098
2639 1410
2640 1379
2641 2625
2642 1509
2643 2479
2644 2066
2645 2639
2646 1326
2647 377
2648 1917
2649 380
2650 539
2651 1888
2652 540
2653 2117
2654 424
2655 1125
2656 2715
2657 1097
2658 2121
2659 1011
2660 2642
2661 1397
2662 73
2663 2269
2664 710
2665 1997
2666 134
2667 1768
2668 48
2669 489
2670 1971
2671 1290
2672 1345
2673 708
2674 1919
2675 1155
2676 979
2677 1986
2678 1313
2679 691
2680 1205
2681 1945
2682 627
2683 2428
2684 2146
2685 1232
2686 95
2687 93
2688 1237
2689 362
2690 1171
2691 972
2692 1190
2693 33
2694 2357
2695 1642
2696 2317
2697 2112
2698 39
2699 1549
2700 2400
2701 2223
2702 2276
2703 697
2704 168
2705 2485
2706 2034
2707 2580
2708 1542
2709 2429
2710 1162
2711 1129
2712 2575
2713 1100
2714 1612
2715 127
2716 359
2717 371
2718 2107
2719 1292
2720 719
2721 2405
2722 1545
2723 1166
2724 1176
2725 1027
2726 651
