0 881
1 2335
2 845
3 98
4 745
5 323
6 697
7 1356
8 321
9 1280
10 1740
11 809
12 2354
13 855
14 239
15 155
16 1575
17 1575
18 964
19 2199
20 344
21 998
22 913
23 700
24 2123
25 1825
26 567
27 1508
28 1127
29 648
30 2370
31 2702
32 719
33 2454
34 164
35 396
36 2445
37 2371
38 1215
39 1604
40 2450
41 2235
42 2395
43 710
44 620
45 1595
46 1165
47 1485
48 254
49 129
50 1109
51 2339
52 980
53 1650
54 1073
55 2402
56 2180
57 820
58 147
59 466
60 2081
61 985
62 1940
63 960
64 1452
65 566
66 1510
67 866
68 1784
69 1630
70 1278
71 1494
72 2281
73 1546
74 2071
75 2408
76 1499
77 586
78 1105
79 565
80 2052
81 2452
82 1510
83 2221
84 1628
85 477
86 617
87 273
88 637
89 791
90 857
91 1969
92 1430
93 1903
94 69
95 475
96 458
97 1344
98 22
99 2589
100 2244
101 993
102 1019
103 1489
104 1926
105 390
106 1820
107 551
108 658
109 55
110 463
111 750
112 1310
113 157
114 1857
115 2610
116 702
117 1098
118 1633
119 2268
120 1266
121 1577
122 379
123 2036
124 58
125 590
126 455
127 1230
128 1036
129 907
130 1422
131 2511
132 1139
133 2411
134 2725
135 1413
136 1549
137 1895
138 1351
139 1396
140 631
141 833
142 1094
143 1332
144 2151
145 274
146 1333
147 1231
148 1168
149 38
150 1773
151 1128
152 745
153 1216
154 245
155 1460
156 1021
157 1502
158 704
159 2015
160 396
161 535
162 2035
163 1193
164 846
165 331
166 1054
167 2709
168 1334
169 1426
170 791
171 251
172 2216
173 1421
174 1809
175 1740
176 602
177 820
178 2571
179 1778
180 1184
181 2602
182 2669
183 1846
184 2440
185 326
186 2316
187 624
188 1038
189 1992
190 193
191 111
192 307
193 2634
194 1330
195 2606
196 2563
197 324
198 2495
199 1774
200 1500
201 812
202 2555
203 235
204 664
205 763
206 648
207 705
208 1130
209 1724
210 1219
211 2175
212 1829
213 589
214 1284
215 2045
216 2663
217 860
218 1043
219 144
220 903
221 598
222 78
223 1490
224 1863
225 769
226 1192
227 1193
228 20
229 1558
230 1600
231 2525
232 449
233 1837
234 383
235 1610
236 2081
237 1925
238 699
239 1026
240 1013
241 2260
242 308
243 2061
244 20
245 1573
246 806
247 2265
248 2677
249 591
250 2222
251 2435
252 2319
253 2290
254 224
255 1413
256 241
257 1254
258 302
259 2627
260 1341
261 729
262 2663
263 2227
264 115
265 166
266 2362
267 2201
268 1225
269 1082
270 362
271 1341
272 2074
273 92
274 2301
275 873
276 428
277 1584
278 2241
279 1646
280 2202
281 1204
282 316
283 1139
284 2141
285 2105
286 1257
287 2221
288 1838
289 1577
290 564
291 2202
292 2137
293 1676
294 1576
295 1812
296 1088
297 1795
298 1444
299 1405
300 1284
301 2682
302 2024
303 1385
304 1601
305 542
306 799
307 2449
308 1470
309 473
310 239
311 1875
312 1367
313 607
314 2639
315 1184
316 2115
317 1980
318 1113
319 1694
320 1578
321 602
322 1408
323 641
324 1196
325 2533
326 1703
327 560
328 815
329 2161
330 707
331 1675
332 1106
333 1126
334 475
335 1531
336 695
337 2008
338 1587
339 623
340 325
341 2183
342 2499
343 1132
344 1088
345 2723
346 331
347 2208
348 791
349 2560
350 1907
351 521
352 2086
353 2539
354 210
355 66
356 2121
357 536
358 1394
359 187
360 166
361 2226
362 1934
363 635
364 409
365 2366
366 603
367 2478
368 1632
369 65
370 649
371 1302
372 800
373 2252
374 1923
375 1080
376 2179
377 37
378 1189
379 2612
380 815
381 740
382 1160
383 399
384 2658
385 2573
386 2114
387 2565
388 2143
389 2279
390 1269
391 1783
392 741
393 446
394 2726
395 1051
396 1641
397 984
398 1066
399 2662
400 2318
401 705
402 2681
403 2592
404 810
405 2086
406 1546
407 545
408 127
409 519
410 552
411 312
412 2293
413 1756
414 100
415 1088
416 1987
417 1548
418 2208
419 2023
420 2648
421 1249
422 1280
423 1119
424 2045
425 1733
426 2428
427 1586
428 2724
429 1530
430 2170
431 1466
432 2522
433 2126
434 2686
435 39
436 830
437 1546
438 2101
439 1107
440 189
441 231
442 726
443 2408
444 1615
445 1895
446 1202
447 787
448 186
449 1540
450 413
451 506
452 1324
453 1755
454 2534
455 1465
456 1450
457 660
458 2000
459 2339
460 1160
461 2344
462 1572
463 1378
464 562
465 44
466 618
467 1281
468 300
469 2304
470 1986
471 2279
472 1586
473 980
474 2086
475 1722
476 502
477 1397
478 1765
479 2599
480 602
481 2597
482 2240
483 2699
484 2644
485 1715
486 2051
487 1639
488 2146
489 2500
490 2132
491 2492
492 2203
493 1515
494 2572
495 310
496 750
497 1634
498 2599
499 1459
500 1435
501 2666
502 2336
503 1299
504 2679
505 1729
506 1349
507 443
508 674
509 1729
510 509
511 956
512 2606
513 530
514 1569
515 1095
516 1508
517 450
518 816
519 1466
520 1342
521 1968
522 1223
523 1628
524 104
525 2227
526 2370
527 1047
528 1262
529 1019
530 1579
531 2305
532 1665
533 623
534 1299
535 345
536 418
537 1921
538 2381
539 2041
540 2500
541 1324
542 1479
543 1453
544 779
545 2186
546 1710
547 834
548 2649
549 2336
550 541
551 959
552 2640
553 493
554 553
555 101
556 2501
557 212
558 2435
559 324
560 59
561 1689
562 1192
563 646
564 788
565 699
566 1923
567 2165
568 1770
569 802
570 2160
571 2496
572 2240
573 2690
574 738
575 2587
576 2417
577 2095
578 1652
579 1874
580 58
581 13
582 221
583 1891
584 1535
585 1674
586 2719
587 1178
588 761
589 1829
590 2572
591 401
592 1424
593 1553
594 2171
595 238
596 2640
597 1058
598 1337
599 1209
600 2162
601 1346
602 1791
603 1415
604 1284
605 460
606 239
607 1985
608 85
609 1957
610 90
611 2081
612 95
613 1662
614 2136
615 2314
616 1928
617 100
618 2701
619 458
620 2336
621 2346
622 1544
623 1363
624 596
625 803
626 2467
627 1391
628 2060
629 2100
630 1782
631 1293
632 1672
633 2620
634 1321
635 1343
636 2052
637 130
638 1618
639 666
640 962
641 434
642 872
643 2218
644 2120
645 1918
646 194
647 261
648 2605
649 2384
650 108
651 819
652 693
653 823
654 126
655 1347
656 1618
657 1489
658 2508
659 2325
660 1722
661 2065
662 1920
663 2357
664 2570
665 2432
666 655
667 1953
668 516
669 1403
670 735
671 2085
672 41
673 1004
674 2164
675 1275
676 597
677 521
678 2048
679 907
680 1303
681 653
682 1144
683 277
684 2202
685 2295
686 2307
687 1603
688 2413
689 2106
690 1228
691 2564
692 13
693 1629
694 2430
695 2313
696 1260
697 1055
698 2547
699 683
700 94
701 1329
702 1646
703 1078
704 777
705 540
706 416
707 282
708 343
709 2629
710 1148
711 1488
712 1810
713 1645
714 1841
715 1297
716 2582
717 2382
718 2613
719 1441
720 1150
721 345
722 1571
723 2108
724 1765
725 664
726 532
727 1285
728 970
729 2316
730 1225
731 2481
732 200
733 659
734 2311
735 1805
736 2346
737 1096
738 482
739 1826
740 1511
741 143
742 1433
743 2513
744 2632
745 666
746 1157
747 3
748 767
749 2166
750 1084
751 1157
752 1440
753 2654
754 1084
755 514
756 1387
757 1403
758 884
759 2049
760 2698
761 153
762 2035
763 2531
764 1481
765 242
766 267
767 915
768 1440
769 1563
770 2318
771 2699
772 1200
773 933
774 1768
775 513
776 1518
777 857
778 2545
779 797
780 925
781 2133
782 2683
783 1673
784 2019
785 2466
786 1728
787 767
788 897
789 1579
790 48
791 1138
792 406
793 963
794 1203
795 471
796 143
797 1559
798 894
799 1522
800 184
801 2308
802 809
803 2637
804 116
805 1419
806 1945
807 1236
808 1635
809 2404
810 920
811 2083
812 1725
813 2091
814 1649
815 2653
816 1186
817 2005
818 151
819 1263
820 2657
821 801
822 2027
823 1510
824 78
825 543
826 1280
827 655
828 2582
829 1499
830 2257
831 962
832 2289
833 46
834 1043
835 290
836 2137
837 1015
838 2058
839 1777
840 32
841 1752
842 2111
843 17
844 1389
845 866
846 243
847 1576
848 95
849 197
850 1829
851 1691
852 50
853 2180
854 1251
855 2092
856 2232
857 76
858 158
859 2260
860 1239
861 2117
862 866
863 2191
864 141
865 2052
866 637
867 2418
868 2566
869 587
870 2669
871 40
872 410
873 1152
874 1397
875 949
876 787
877 2694
878 2370
879 563
880 550
881 85
882 520
883 1457
884 123
885 1850
886 1781
887 2453
888 2427
889 1640
890 543
891 2034
892 287
893 1389
894 135
895 772
896 1972
897 1918
898 1741
899 586
900 761
901 2146
902 1080
903 2097
904 1605
905 814
906 2471
907 694
908 2081
909 1631
910 1104
911 578
912 161
913 135
914 1098
915 497
916 127
917 760
918 2269
919 769
920 1587
921 749
922 88
923 1420
924 1750
925 2258
926 1931
927 747
928 1507
929 1472
930 1684
931 2164
932 2637
933 444
934 2010
935 381
936 1899
937 1694
938 2633
939 170
940 1365
941 49
942 1695
943 2056
944 869
945 1855
946 1244
947 283
948 1384
949 1086
950 906
951 644
952 800
953 625
954 1755
955 2219
956 1125
957 1164
958 1172
959 2012
960 101
961 2541
962 1927
963 2078
964 1296
965 730
966 1070
967 1262
968 1191
969 887
970 1816
971 945
972 928
973 2157
974 1381
975 136
976 2063
977 877
978 2574
979 1206
980 1642
981 234
982 2084
983 1152
984 835
985 581
986 2015
987 694
988 2428
989 1711
990 1348
991 2189
992 2497
993 1936
994 355
995 2622
996 1331
997 828
998 340
999 1748
1000 1461
1001 2132
1002 707
1003 386
1004 2687
1005 2172
1006 281
1007 1936
1008 2498
1009 464
1010 584
1011 313
1012 417
1013 1300
1014 798
1015 1358
1016 1072
1017 2340
1018 821
1019 431
1020 733
1021 2240
1022 1325
1023 456
1024 451
1025 2448
1026 1025
1027 1435
1028 2450
1029 1706
1030 1125
1031 1025
1032 689
1033 1909
1034 1754
1035 553
1036 40
1037 1706
1038 1443
1039 1140
1040 22
1041 466
1042 270
1043 567
1044 396
1045 607
1046 1396
1047 1086
1048 1700
1049 1112
1050 328
1051 1179
1052 1436
1053 134
1054 1037
1055 2432
1056 775
1057 636
1058 1119
1059 1390
1060 849
1061 1825
1062 2215
1063 1231
1064 1315
1065 2682
1066 446
1067 2299
1068 1355
1069 1574
1070 1849
1071 489
1072 545
1073 1965
1074 881
1075 2257
1076 1628
1077 2469
1078 202
1079 1637
1080 1330
1081 2316
1082 956
1083 2297
1084 537
1085 1179
1086 64
1087 43
1088 857
1089 427
1090 1302
1091 2025
1092 93
1093 1569
1094 1567
1095 2531
1096 903
1097 1749
1098 2071
1099 1096
1100 2184
1101 14
1102 1054
1103 1750
1104 2692
1105 1231
1106 2378
1107 1000
1108 211
1109 1807
1110 2040
1111 2548
1112 2531
1113 2174
1114 2539
1115 2296
1116 1973
1117 332
1118 2229
1119 548
1120 1214
1121 410
1122 358
1123 2165
1124 691
1125 1385
1126 1234
1127 829
1128 2471
1129 327
1130 2639
1131 695
1132 626
1133 2652
1134 1877
1135 1490
1136 1221
1137 801
1138 78
1139 1062
1140 661
1141 1244
1142 1044
1143 1547
1144 352
1145 1081
1146 400
1147 1069
1148 847
1149 1540
1150 1847
1151 1672
1152 491
1153 2378
1154 629
1155 1705
1156 459
1157 2020
1158 1919
1159 1343
1160 2255
1161 2330
1162 251
1163 902
1164 1580
1165 1360
1166 1070
1167 1534
1168 2360
1169 1455
1170 2670
1171 412
1172 791
1173 947
1174 1251
1175 1406
1176 2482
1177 406
1178 562
1179 1462
1180 309
1181 2250
1182 81
1183 313
1184 2553
1185 1330
1186 2715
1187 112
1188 1621
1189 2294
1190 754
1191 1256
1192 462
1193 208
1194 636
1195 2571
1196 1593
1197 911
1198 2724
1199 945
1200 1608
1201 938
1202 1828
1203 1677
1204 1759
1205 1830
1206 624
1207 2696
1208 2246
1209 2054
1210 2033
1211 1564
1212 2359
1213 2418
1214 1447
1215 1334
1216 1324
1217 1547
1218 24
1219 2475
1220 2526
1221 2529
1222 1644
1223 444
1224 1389
1225 1650
1226 1964
1227 694
1228 912
1229 2275
1230 1405
1231 576
1232 2369
1233 1411
1234 1366
1235 1663
1236 731
1237 1054
1238 1112
1239 2669
1240 1998
1241 324
1242 2540
1243 1585
1244 798
1245 1734
1246 1530
1247 1894
1248 2021
1249 1531
1250 1386
1251 1803
1252 1363
1253 1908
1254 56
1255 2204
1256 2376
1257 2556
1258 1769
1259 1747
1260 55
1261 1815
1262 1952
1263 991
1264 2556
1265 1192
1266 130
1267 2483
1268 2081
1269 683
1270 1459
1271 764
1272 2579
1273 1111
1274 2365
1275 1017
1276 1594
1277 255
1278 1193
1279 563
1280 1527
1281 266
1282 1449
1283 2720
1284 1014
1285 2609
1286 282
1287 1629
1288 2385
1289 668
1290 1221
1291 1968
1292 1203
1293 743
1294 2179
1295 2580
1296 165
1297 668
1298 1089
1299 1421
1300 1930
1301 2267
1302 1627
1303 2127
1304 1638
1305 1398
1306 163
1307 2126
1308 2427
1309 1298
1310 2284
1311 1188
1312 941
1313 461
1314 2070
1315 1842
1316 1096
1317 2578
1318 2282
1319 2181
1320 2189
1321 2592
1322 2580
1323 1393
1324 166
1325 356
1326 1355
1327 1772
1328 19
1329 868
1330 1179
1331 340
1332 1846
1333 2029
1334 2308
1335 678
1336 1136
1337 711
1338 1523
1339 42
1340 1502
1341 394
1342 1281
1343 561
1344 474
1345 1679
1346 2704
1347 776
1348 228
1349 1318
1350 282
1351 2079
1352 1732
1353 2117
1354 1544
1355 2681
1356 741
1357 553
1358 2545
1359 1485
1360 109
1361 1235
1362 1805
1363 379
1364 345
1365 2040
1366 904
1367 1920
1368 149
1369 642
1370 431
1371 1125
1372 43
1373 1805
1374 302
1375 804
1376 2167
1377 2209
1378 252
1379 772
1380 2001
1381 1042
1382 1189
1383 2565
1384 239
1385 190
1386 679
1387 242
1388 1630
1389 864
1390 1967
1391 1313
1392 295
1393 1804
1394 993
1395 92
1396 259
1397 1293
1398 306
1399 1414
1400 1216
1401 1760
1402 1476
1403 2513
1404 118
1405 1534
1406 2494
1407 2689
1408 731
1409 169
1410 1326
1411 1933
1412 1160
1413 1111
1414 1265
1415 2219
1416 391
1417 2431
1418 386
1419 1988
1420 1478
1421 941
1422 732
1423 2512
1424 56
1425 2321
1426 1611
1427 1707
1428 2571
1429 417
1430 2278
1431 486
1432 2025
1433 1861
1434 139
1435 1809
1436 286
1437 474
1438 1638
1439 2418
1440 1361
1441 2576
1442 1368
1443 487
1444 792
1445 2672
1446 1213
1447 381
1448 46
1449 1592
1450 2393
1451 1928
1452 593
1453 1675
1454 875
1455 2032
1456 1467
1457 1793
1458 1530
1459 279
1460 1447
1461 773
1462 2543
1463 2466
1464 398
1465 2380
1466 1048
1467 2583
1468 1905
1469 2459
1470 741
1471 397
1472 1421
1473 258
1474 411
1475 2419
1476 981
1477 546
1478 2168
1479 91
1480 2100
1481 2311
1482 254
1483 2154
1484 1685
1485 453
1486 2138
1487 1301
1488 2495
1489 99
1490 416
1491 2683
1492 1170
1493 2259
1494 2022
1495 519
1496 1462
1497 2163
1498 2286
1499 1327
1500 2284
1501 80
1502 220
1503 582
1504 1120
1505 626
1506 438
1507 1192
1508 1700
1509 1678
1510 2542
1511 573
1512 1842
1513 2285
1514 1241
1515 1477
1516 2042
1517 1498
1518 2212
1519 2120
1520 506
1521 106
1522 1639
1523 1506
1524 2308
1525 1807
1526 1966
1527 2222
1528 530
1529 235
1530 2124
1531 1637
1532 1435
1533 1701
1534 860
1535 287
1536 2647
1537 2574
1538 1035
1539 1843
1540 155
1541 1986
1542 403
1543 2510
1544 461
1545 318
1546 2310
1547 1823
1548 2702
1549 1876
1550 561
1551 868
1552 74
1553 2119
1554 755
1555 1553
1556 1178
1557 1444
1558 1043
1559 2534
1560 1535
1561 831
1562 91
1563 2151
1564 2017
1565 102
1566 2306
1567 658
1568 1185
1569 497
1570 680
1571 2228
1572 393
1573 339
1574 1564
1575 67
1576 2107
1577 1064
1578 1064
1579 264
1580 547
1581 20
1582 43
1583 160
1584 2544
1585 2424
1586 1673
1587 2177
1588 2357
1589 1599
1590 602
1591 1012
1592 70
1593 1935
1594 900
1595 1723
1596 484
1597 1681
1598 1896
1599 2262
1600 897
1601 2245
1602 291
1603 621
1604 1895
1605 1204
1606 614
1607 2568
1608 2556
1609 644
1610 2424
1611 773
1612 1619
1613 1878
1614 1201
1615 2264
1616 2475
1617 428
1618 2510
1619 2004
1620 908
1621 1576
1622 1885
1623 1916
1624 1073
1625 579
1626 1915
1627 1858
1628 630
1629 1741
1630 1061
1631 2615
1632 514
1633 1425
1634 632
1635 139
1636 464
1637 52
1638 2147
1639 2247
1640 1433
1641 492
1642 2550
1643 1002
1644 1432
1645 533
1646 1957
1647 1966
1648 1618
1649 76
1650 213
1651 1019
1652 1676
1653 151
1654 403
1655 319
1656 441
1657 88
1658 426
1659 1163
1660 1087
1661 885
1662 1873
1663 752
1664 1386
1665 1794
1666 62
1667 449
1668 2455
1669 2708
1670 1369
1671 2658
1672 2177
1673 2236
1674 1031
1675 2220
1676 1814
1677 184
1678 2023
1679 1842
1680 2045
1681 1337
1682 1844
1683 678
1684 1923
1685 1525
1686 2131
1687 380
1688 393
1689 2188
1690 2368
1691 567
1692 1401
1693 1032
1694 2162
1695 2452
1696 1700
1697 243
1698 1211
1699 585
1700 1978
1701 113
1702 898
1703 587
1704 1635
1705 1224
1706 618
1707 1859
1708 2277
1709 1155
1710 1805
1711 277
1712 1029
1713 2590
1714 1881
1715 204
1716 2299
1717 504
1718 347
1719 1016
1720 648
1721 1358
1722 904
1723 2466
1724 2051
1725 124
1726 1615
1727 1202
1728 1336
1729 65
1730 658
1731 955
1732 224
1733 428
1734 2287
1735 2154
1736 1461
1737 1642
1738 1401
1739 1597
1740 620
1741 2641
1742 491
1743 2515
1744 1581
1745 1314
1746 2261
1747 27
1748 1130
1749 1981
1750 2039
1751 1223
1752 2222
1753 1785
1754 704
1755 1209
1756 2679
1757 338
1758 1866
1759 1044
1760 852
1761 968
1762 518
1763 1645
1764 1379
1765 2378
1766 475
1767 1452
1768 1323
1769 760
1770 2483
1771 869
1772 771
1773 2257
1774 2548
1775 609
1776 201
1777 908
1778 1203
1779 590
1780 2065
1781 848
1782 2122
1783 264
1784 599
1785 992
1786 1286
1787 1818
1788 156
1789 1086
1790 1909
1791 2629
1792 2169
1793 2088
1794 1847
1795 2451
1796 677
1797 2370
1798 1647
1799 679
1800 1163
1801 1159
1802 2629
1803 29
1804 400
1805 1596
1806 2222
1807 2219
1808 213
1809 1619
1810 1351
1811 641
1812 2566
1813 1336
1814 1792
1815 2516
1816 938
1817 1547
1818 966
1819 1465
1820 1400
1821 2710
1822 1983
1823 2375
1824 859
1825 1519
1826 1034
1827 2161
1828 1429
1829 2624
1830 2086
1831 1979
1832 1605
1833 1079
1834 1865
1835 884
1836 46
1837 1321
1838 2036
1839 2347
1840 1617
1841 2000
1842 2339
1843 1760
1844 910
1845 1036
1846 1677
1847 2077
1848 1244
1849 2564
1850 1977
1851 1661
1852 550
1853 354
1854 1572
1855 576
1856 442
1857 2385
1858 2435
1859 893
1860 1671
1861 647
1862 499
1863 306
1864 1912
1865 1275
1866 399
1867 2008
1868 933
1869 151
1870 2225
1871 2411
1872 1037
1873 2115
1874 1179
1875 1404
1876 185
1877 917
1878 927
1879 2434
1880 2262
1881 412
1882 1178
1883 1065
1884 2362
1885 588
1886 1037
1887 1006
1888 551
1889 933
1890 820
1891 2663
1892 2444
1893 785
1894 2427
1895 1518
1896 1782
1897 1482
1898 2346
1899 380
1900 867
1901 2101
1902 614
1903 731
1904 2695
1905 2550
1906 2368
1907 1446
1908 1928
1909 1416
1910 750
1911 2612
1912 1745
1913 337
1914 2653
1915 2081
1916 1264
1917 1848
1918 992
1919 2155
1920 1070
1921 1274
1922 498
1923 422
1924 552
1925 673
1926 2365
1927 651
1928 1115
1929 2643
1930 457
1931 1661
1932 1327
1933 186
1934 1634
1935 1615
1936 2456
1937 1103
1938 1185
1939 1045
1940 1743
1941 1511
1942 495
1943 1815
1944 1142
1945 421
1946 1822
1947 1486
1948 2088
1949 1292
1950 515
1951 411
1952 1617
1953 2608
1954 659
1955 561
1956 334
1957 454
1958 2248
1959 917
1960 1400
1961 73
1962 1488
1963 428
1964 2332
1965 2579
1966 1111
1967 1400
1968 427
1969 2110
1970 1716
1971 2119
1972 933
1973 1472
1974 1380
1975 2450
1976 294
1977 2059
1978 2330
1979 1895
1980 2014
1981 2055
1982 645
1983 2682
1984 2542
1985 1921
1986 1322
1987 865
1988 2388
1989 2669
1990 587
1991 917
1992 549
1993 2235
1994 2296
1995 2141
1996 1313
1997 1667
1998 1367
1999 124
2000 859
2001 2616
2002 2523
2003 2066
2004 1420
2005 161
2006 2321
2007 2565
2008 1167
2009 1672
2010 834
2011 1178
2012 495
2013 2076
2014 1430
2015 1433
2016 884
2017 318
2018 57
2019 2240
2020 1386
2021 578
2022 1077
2023 1984
2024 741
2025 1580
2026 2423
2027 1131
2028 2154
2029 1524
2030 1672
2031 2064
2032 1574
2033 24
2034 3
2035 1340
2036 507
2037 1335
2038 1212
2039 542
2040 880
2041 1035
2042 1114
2043 708
2044 2080
2045 1235
2046 1700
2047 88
2048 515
2049 188
2050 589
2051 2242
2052 2595
2053 2489
2054 826
2055 1014
2056 2491
2057 2161
2058 2517
2059 767
2060 1408
2061 2568
2062 1793
2063 621
2064 452
2065 1250
2066 1839
2067 2604
2068 1765
2069 2656
2070 297
2071 2513
2072 33
2073 1959
2074 2018
2075 1710
2076 1175
2077 1810
2078 1346
2079 1013
2080 1183
2081 640
2082 291
2083 2334
2084 958
2085 2404
2086 1303
2087 1834
2088 2299
2089 2152
2090 474
2091 1029
2092 2107
2093 226
2094 1746
2095 493
2096 1514
2097 1187
2098 1045
2099 1562
2100 2464
2101 1359
2102 856
2103 2363
2104 2681
2105 180
2106 623
2107 472
2108 1522
2109 1840
2110 2193
2111 2699
2112 1062
2113 1644
2114 1058
2115 2354
2116 548
2117 2095
2118 286
2119 1098
2120 2390
2121 2150
2122 2560
2123 2079
2124 957
2125 442
2126 146
2127 197
2128 341
2129 259
2130 2705
2131 2186
2132 1576
2133 817
2134 985
2135 651
2136 1425
2137 735
2138 1342
2139 1221
2140 2172
2141 1097
2142 262
2143 1629
2144 1477
2145 2604
2146 514
2147 437
2148 2216
2149 418
2150 2651
2151 2336
2152 1667
2153 510
2154 678
2155 2330
2156 2046
2157 1194
2158 1063
2159 1941
2160 1129
2161 2053
2162 806
2163 1249
2164 78
2165 681
2166 674
2167 2045
2168 733
2169 2212
2170 1010
2171 1476
2172 2446
2173 836
2174 2027
2175 1503
2176 32
2177 2650
2178 1975
2179 446
2180 2019
2181 1611
2182 1808
2183 1889
2184 115
2185 1107
2186 1299
2187 96
2188 258
2189 1110
2190 468
2191 242
2192 264
2193 2637
2194 222
2195 567
2196 1212
2197 1197
2198 1397
2199 515
2200 1927
2201 1668
2202 2248
2203 2210
2204 2357
2205 601
2206 1179
2207 653
2208 302
2209 1873
2210 1052
2211 2560
2212 2240
2213 950
2214 749
2215 963
2216 63
2217 1038
2218 202
2219 849
2220 817
2221 896
2222 2663
2223 723
2224 2200
2225 2382
2226 1949
2227 228
2228 2146
2229 509
2230 2496
2231 1679
2232 523
2233 2640
2234 102
2235 734
2236 278
2237 2096
2238 1913
2239 1997
2240 887
2241 604
2242 2294
2243 1546
2244 941
2245 2368
2246 2475
2247 1428
2248 543
2249 1425
2250 446
2251 2702
2252 963
2253 540
2254 250
2255 817
2256 2016
2257 425
2258 1945
2259 1832
2260 2534
2261 881
2262 1576
2263 243
2264 2406
2265 335
2266 66
2267 2179
2268 2553
2269 1584
2270 2200
2271 2139
2272 430
2273 1345
2274 210
2275 2617
2276 2257
2277 46
2278 337
2279 627
2280 2169
2281 1182
2282 347
2283 170
2284 928
2285 461
2286 846
2287 1467
2288 864
2289 1374
2290 1327
2291 1942
2292 802
2293 2021
2294 16
2295 568
2296 278
2297 866
2298 555
2299 69
2300 120
2301 1264
2302 2713
2303 124
2304 1334
2305 841
2306 2698
2307 735
2308 2073
2309 1877
2310 1258
2311 500
2312 2044
2313 1957
2314 260
2315 1872
2316 1906
2317 902
2318 457
2319 2368
2320 2292
2321 468
2322 2368
2323 1937
2324 1945
2325 232
2326 838
2327 1049
2328 118
2329 2374
2330 2687
2331 1322
2332 2594
2333 1649
2334 2655
2335 481
2336 1514
2337 2189
2338 1393
2339 2509
2340 1330
2341 1964
2342 625
2343 971
2344 2366
2345 783
2346 827
2347 767
2348 561
2349 1076
2350 1668
2351 499
2352 430
2353 1973
2354 1491
2355 1486
2356 1264
2357 1608
2358 1425
2359 638
2360 1305
2361 1548
2362 1591
2363 1613
2364 1939
2365 1324
2366 2101
2367 2339
2368 1117
2369 363
2370 408
2371 2725
2372 267
2373 2611
2374 2628
2375 1550
2376 2589
2377 1197
2378 2220
2379 1974
2380 1011
2381 210
2382 2026
2383 152
2384 83
2385 1135
2386 151
2387 2534
2388 1206
2389 568
2390 338
2391 439
2392 1861
2393 2634
2394 1485
2395 190
2396 1268
2397 1688
2398 1439
2399 1769
2400 1305
2401 2570
2402 2708
2403 476
2404 1473
2405 2137
2406 682
2407 2556
2408 230
2409 1356
2410 1204
2411 1740
2412 1326
2413 2401
2414 2618
2415 1787
2416 1310
2417 1830
2418 280
2419 1246
2420 278
2421 2078
2422 570
2423 823
2424 81
2425 2597
2426 1530
2427 1074
2428 124
2429 1192
2430 2558
2431 1982
2432 1351
2433 201
2434 640
2435 440
2436 1829
2437 713
2438 1065
2439 2144
2440 1662
2441 563
2442 2288
2443 2712
2444 2553
2445 2338
2446 2275
2447 1431
2448 877
2449 1691
2450 1400
2451 2586
2452 2653
2453 930
2454 1184
2455 1784
2456 2196
2457 66
2458 2675
2459 2365
2460 581
2461 1148
2462 2175
2463 1227
2464 120
2465 1519
2466 1435
2467 2640
2468 546
2469 2122
2470 2033
2471 2431
2472 1112
2473 1809
2474 2558
2475 104
2476 314
2477 167
2478 704
2479 1442
2480 1246
2481 1832
2482 1014
2483 2143
2484 2145
2485 1133
2486 2487
2487 411
2488 2653
2489 2707
2490 2679
2491 2094
2492 443
2493 106
2494 2317
2495 92
2496 2202
2497 536
2498 1760
2499 85
2500 258
2501 2700
2502 1269
2503 1505
2504 2311
2505 301
2506 208
2507 1349
2508 1670
2509 1566
2510 1585
2511 1075
2512 662
2513 957
2514 1554
2515 280
2516 857
2517 1691
2518 1594
2519 681
2520 1800
2521 319
2522 2123
2523 2329
2524 2075
2525 1475
2526 2383
2527 1672
2528 2250
2529 2403
2530 625
2531 431
2532 176
2533 1619
2534 1609
2535 1809
2536 945
2537 1284
2538 216
2539 147
2540 1137
2541 1609
2542 2582
2543 1640
2544 1677
2545 863
2546 1173
2547 1364
2548 1405
2549 2032
2550 2283
2551 1959
2552 1644
2553 166
2554 27
2555 2518
2556 456
2557 2525
2558 166
2559 2608
2560 2455
2561 1918
2562 345
2563 2046
2564 926
2565 1727
2566 867
2567 2039
2568 1840
2569 8
2570 2213
2571 201
2572 545
2573 626
2574 1819
2575 2091
2576 2295
2577 1100
2578 83
2579 1882
2580 1254
2581 967
2582 2058
2583 2078
2584 822
2585 1613
2586 1262
2587 2419
2588 253
2589 642
2590 794
2591 767
2592 1318
2593 1305
2594 2367
2595 1256
2596 275
2597 2152
2598 1071
2599 1467
2600 362
2601 2157
2602 1391
2603 391
2604 1178
2605 454
2606 1809
2607 34
2608 2329
2609 631
2610 1029
2611 512
2612 2682
2613 691
2614 370
2615 2430
2616 1395
2617 2502
2618 1639
2619 445
2620 848
2621 1038
2622 1990
2623 2108
2624 170
2625 1535
2626 2638
2627 1645
2628 2448
2629 2081
2630 83
2631 1835
2632 115
2633 1935
2634 790
2635 88
2636 2662
2637 30
2638 1404
2639 730
2640 301
2641 2225
2642 1400
2643 320
2644 357
2645 1331
2646 1789
2647 387
2648 1222
2649 1252
2650 2225
2651 568
2652 1897
2653 1811
2654 2326
2655 2041
2656 880
2657 373
2658 1430
2659 944
2660 118
2661 2645
2662 67
2663 1481
2664 2592
2665 1116
2666 268
2667 358
2668 1797
2669 1525
2670 2632
2671 2060
2672 2468
2673 878
2674 1423
2675 2185
2676 234
2677 801
2678 1968
2679 2009
2680 2657
2681 1515
2682 2634
2683 1654
2684 2157
2685 610
2686 484
2687 2511
2688 982
2689 1024
2690 1830
2691 1281
2692 2252
2693 732
2694 1254
2695 1336
2696 2529
2697 640
2698 2197
2699 377
2700 520
2701 282
2702 1436
2703 712
2704 641
2705 1475
2706 323
2707 1779
2708 1497
2709 1402
2710 2160
2711 2685
2712 1108
2713 1461
2714 1915
2715 412
2716 665
2717 1907
2718 2435
2719 54
2720 1386
2721 2159
2722 2677
2723 217
2724 2494
2725 1606
2726 1047
0 687
1 2032
2 845
3 1992
4 1225
5 323
6 1510
7 423
8 272
9 1280
10 1740
11 611
12 2354
13 267
14 2518
15 155
16 1575
17 2110
18 2647
19 1575
20 1159
21 1288
22 1421
23 700
24 1428
25 970
26 2217
27 1508
28 1127
29 1892
30 2370
31 874
32 719
33 219
34 2356
35 1802
36 262
37 2371
38 1215
39 1784
40 2450
41 418
42 2395
43 460
44 45
45 1595
46 2416
47 368
48 744
49 119
50 183
51 347
52 2596
53 1650
54 841
55 2402
56 2180
57 820
58 147
59 187
60 2081
61 378
62 1940
63 180
64 2427
65 394
66 1510
67 866
68 1784
69 1630
70 2216
71 1494
72 2719
73 1546
74 1684
75 421
76 249
77 586
78 1105
79 565
80 2268
81 2452
82 658
83 894
84 2005
85 727
86 617
87 1917
88 649
89 63
90 857
91 2192
92 668
93 2082
94 69
95 475
96 458
97 316
98 22
99 1096
100 1385
101 1291
102 2487
103 60
104 1411
105 979
106 345
107 372
108 2415
109 514
110 463
111 915
112 1310
113 2618
114 2112
115 2327
116 775
117 1098
118 1633
119 2268
120 2404
121 1830
122 1045
123 98
124 58
125 1372
126 1812
127 957
128 1036
129 1288
130 1422
131 2511
132 1777
133 2112
134 1047
135 1413
136 2418
137 146
138 865
139 238
140 2506
141 231
142 2726
143 1332
144 2151
145 274
146 1333
147 1801
148 1168
149 38
150 1773
151 1128
152 690
153 1684
154 245
155 1803
156 1021
157 1502
158 1632
159 889
160 396
161 819
162 2035
163 2233
164 846
165 1282
166 1054
167 2237
168 1334
169 1426
170 791
171 546
172 2216
173 921
174 1809
175 1802
176 276
177 2376
178 2175
179 2675
180 916
181 2602
182 1930
183 1553
184 489
185 125
186 2351
187 177
188 1642
189 1992
190 2689
191 1095
192 1622
193 1934
194 1330
195 856
196 2563
197 1502
198 614
199 312
200 2546
201 812
202 700
203 1738
204 2092
205 337
206 648
207 705
208 2325
209 765
210 1219
211 213
212 32
213 2333
214 1284
215 2045
216 243
217 2152
218 1043
219 2063
220 122
221 598
222 1708
223 1490
224 203
225 769
226 1192
227 752
228 20
229 1385
230 1429
231 700
232 2448
233 1169
234 762
235 441
236 1764
237 1567
238 2166
239 1026
240 2104
241 1336
242 2275
243 1259
244 2045
245 1573
246 286
247 2265
248 1364
249 591
250 2035
251 2435
252 2319
253 2323
254 1503
255 1413
256 241
257 826
258 1377
259 2627
260 1524
261 729
262 759
263 2227
264 115
265 166
266 112
267 2201
268 703
269 1082
270 851
271 2451
272 2074
273 92
274 1077
275 212
276 652
277 109
278 470
279 902
280 1777
281 61
282 316
283 1139
284 968
285 2105
286 1950
287 2221
288 1486
289 2431
290 564
291 489
292 508
293 2593
294 1576
295 1812
296 1088
297 2620
298 2363
299 602
300 2598
301 2682
302 2024
303 1385
304 2400
305 1785
306 799
307 2449
308 1470
309 1165
310 239
311 1875
312 1262
313 304
314 2639
315 1209
316 2394
317 1250
318 1551
319 262
320 2576
321 340
322 2076
323 641
324 2491
325 2533
326 1703
327 532
328 2326
329 2627
330 2526
331 1675
332 2144
333 2361
334 2107
335 1389
336 1948
337 1812
338 1921
339 1489
340 325
341 118
342 2499
343 389
344 2701
345 57
346 2202
347 2208
348 2215
349 2560
350 1907
351 521
352 2086
353 2539
354 2722
355 66
356 1118
357 354
358 616
359 2656
360 166
361 2226
362 1934
363 1491
364 1249
365 2366
366 1467
367 1045
368 1632
369 65
370 357
371 2691
372 800
373 2252
374 1923
375 416
376 1909
377 1625
378 1061
379 1456
380 1546
381 740
382 9
383 2518
384 2658
385 419
386 2067
387 1547
388 626
389 2279
390 1269
391 1783
392 741
393 446
394 1067
395 1051
396 1641
397 984
398 1102
399 1651
400 2566
401 705
402 968
403 2592
404 810
405 421
406 2066
407 545
408 705
409 519
410 1033
411 2059
412 2293
413 2343
414 1932
415 1088
416 1987
417 1300
418 234
419 2313
420 493
421 1311
422 1280
423 1907
424 2045
425 691
426 1305
427 1586
428 1170
429 1405
430 2170
431 2594
432 1345
433 2126
434 2686
435 1625
436 741
437 864
438 2216
439 434
440 1100
441 231
442 73
443 2408
444 1615
445 1577
446 674
447 787
448 1805
449 427
450 884
451 677
452 1324
453 2459
454 809
455 1465
456 11
457 660
458 337
459 2339
460 2232
461 2344
462 1572
463 1378
464 562
465 44
466 579
467 1281
468 1500
469 2304
470 696
471 2098
472 1732
473 2514
474 2086
475 1406
476 502
477 1397
478 719
479 1684
480 1230
481 2165
482 274
483 432
484 2644
485 114
486 1258
487 1639
488 1284
489 2571
490 988
491 2492
492 2203
493 514
494 694
495 2018
496 750
497 1634
498 2599
499 183
500 1435
501 2577
502 529
503 399
504 496
505 2141
506 172
507 962
508 2165
509 1729
510 1624
511 2173
512 2606
513 1410
514 299
515 1095
516 1508
517 2251
518 816
519 2057
520 1389
521 2331
522 1240
523 1664
524 376
525 2227
526 2370
527 1047
528 1262
529 119
530 1236
531 758
532 1938
533 623
534 412
535 859
536 193
537 1921
538 325
539 1512
540 2263
541 1513
542 813
543 2646
544 132
545 1508
546 1356
547 316
548 2649
549 1479
550 541
551 959
552 2681
553 124
554 553
555 19
556 2501
557 212
558 2435
559 324
560 59
561 1689
562 1192
563 1448
564 788
565 699
566 1923
567 2165
568 1770
569 802
570 959
571 2496
572 2240
573 2690
574 738
575 1824
576 2417
577 2095
578 2658
579 1874
580 2187
581 1543
582 221
583 2397
584 844
585 1390
586 418
587 1178
588 761
589 1829
590 1645
591 1850
592 144
593 1475
594 1893
595 238
596 2280
597 2423
598 2194
599 1081
600 467
601 1722
602 83
603 2651
604 1284
605 460
606 239
607 1985
608 2597
609 1957
610 994
611 2081
612 1767
613 1662
614 2136
615 1941
616 1928
617 100
618 2701
619 2698
620 2336
621 2113
622 1087
623 2483
624 596
625 508
626 2244
627 1391
628 1593
629 446
630 1808
631 1293
632 667
633 2620
634 2288
635 1343
636 2596
637 1702
638 1852
639 1961
640 2315
641 1301
642 419
643 2703
644 2120
645 1918
646 194
647 2537
648 2605
649 2384
650 1833
651 819
652 2678
653 1012
654 126
655 636
656 1618
657 1489
658 2508
659 2325
660 2520
661 2065
662 1920
663 2641
664 967
665 2589
666 612
667 1953
668 16
669 1238
670 735
671 539
672 41
673 581
674 1177
675 2535
676 1422
677 521
678 572
679 2627
680 1303
681 2113
682 1096
683 277
684 2202
685 550
686 2307
687 592
688 1153
689 2106
690 1228
691 2564
692 2519
693 2147
694 2430
695 2313
696 1260
697 1872
698 2547
699 683
700 103
701 1418
702 1558
703 307
704 777
705 1206
706 1099
707 370
708 1666
709 1296
710 1665
711 1488
712 2521
713 1645
714 1841
715 2107
716 2582
717 2382
718 37
719 725
720 1150
721 345
722 503
723 2376
724 1191
725 951
726 1005
727 473
728 714
729 2316
730 763
731 486
732 200
733 659
734 541
735 646
736 272
737 1096
738 742
739 1146
740 436
741 43
742 2572
743 218
744 2612
745 1324
746 239
747 3
748 767
749 2505
750 1932
751 2551
752 1341
753 2654
754 45
755 514
756 970
757 1498
758 884
759 2049
760 2698
761 153
762 1701
763 2531
764 1481
765 540
766 1213
767 1011
768 380
769 2419
770 2379
771 857
772 2262
773 933
774 1768
775 513
776 2288
777 2433
778 2545
779 529
780 1462
781 2133
782 763
783 1451
784 2705
785 1925
786 2671
787 767
788 897
789 918
790 48
791 1138
792 406
793 963
794 1678
795 471
796 235
797 1559
798 2555
799 683
800 184
801 2703
802 757
803 2637
804 116
805 1419
806 1319
807 1304
808 1635
809 1122
810 920
811 1752
812 893
813 390
814 1472
815 2653
816 1186
817 2005
818 1471
819 1263
820 2657
821 801
822 2628
823 754
824 1984
825 930
826 1280
827 1899
828 2364
829 706
830 1021
831 2695
832 971
833 2620
834 1803
835 290
836 464
837 1015
838 2058
839 310
840 699
841 238
842 2111
843 17
844 2183
845 672
846 572
847 2638
848 1948
849 197
850 1829
851 2
852 2379
853 603
854 1161
855 1166
856 2325
857 76
858 2603
859 2260
860 535
861 1968
862 2653
863 2191
864 141
865 2052
866 637
867 1435
868 2566
869 587
870 1587
871 425
872 2176
873 1242
874 221
875 949
876 787
877 2694
878 2464
879 563
880 550
881 85
882 520
883 677
884 906
885 788
886 1287
887 813
888 2247
889 600
890 1629
891 2034
892 2539
893 1224
894 135
895 772
896 2697
897 575
898 1741
899 2437
900 761
901 2668
902 2392
903 1020
904 1605
905 906
906 2230
907 2672
908 2081
909 1992
910 394
911 1662
912 161
913 135
914 1657
915 497
916 2700
917 760
918 995
919 769
920 1299
921 1689
922 1260
923 1420
924 1750
925 2486
926 1358
927 2605
928 1104
929 1260
930 850
931 464
932 2637
933 417
934 2010
935 381
936 2275
937 1309
938 2633
939 170
940 2037
941 49
942 2614
943 2056
944 1737
945 1001
946 1843
947 1947
948 1384
949 1803
950 906
951 1894
952 597
953 625
954 1182
955 2560
956 1125
957 1164
958 1382
959 2012
960 2045
961 2541
962 92
963 101
964 1296
965 730
966 1070
967 2104
968 1191
969 266
970 1673
971 945
972 2486
973 1257
974 1381
975 136
976 695
977 2144
978 2574
979 481
980 2528
981 2072
982 2539
983 1032
984 2240
985 1373
986 2015
987 927
988 2601
989 1591
990 2166
991 2144
992 1901
993 1936
994 85
995 34
996 2271
997 2591
998 1798
999 1896
1000 1461
1001 1718
1002 474
1003 386
1004 2687
1005 2422
1006 281
1007 1936
1008 1024
1009 1256
1010 2627
1011 313
1012 287
1013 1300
1014 798
1015 373
1016 1072
1017 2340
1018 2141
1019 1547
1020 2009
1021 1314
1022 1325
1023 456
1024 1090
1025 2448
1026 845
1027 1435
1028 1703
1029 2545
1030 739
1031 1025
1032 845
1033 887
1034 934
1035 2429
1036 31
1037 700
1038 2491
1039 2461
1040 1372
1041 466
1042 1159
1043 2574
1044 396
1045 2101
1046 1396
1047 1086
1048 389
1049 1601
1050 1982
1051 1179
1052 2318
1053 496
1054 2034
1055 433
1056 2025
1057 2697
1058 371
1059 1390
1060 2054
1061 1825
1062 2215
1063 1274
1064 1315
1065 780
1066 515
1067 1054
1068 1080
1069 692
1070 2289
1071 1091
1072 545
1073 1965
1074 881
1075 1510
1076 1768
1077 82
1078 362
1079 1265
1080 2662
1081 2028
1082 2146
1083 2453
1084 537
1085 1073
1086 64
1087 43
1088 312
1089 1694
1090 1302
1091 2025
1092 93
1093 1569
1094 938
1095 1749
1096 238
1097 1749
1098 1053
1099 1466
1100 332
1101 14
1102 1632
1103 1967
1104 2716
1105 759
1106 1035
1107 704
1108 623
1109 2377
1110 2381
1111 2548
1112 2531
1113 2468
1114 2539
1115 2050
1116 1973
1117 332
1118 1620
1119 548
1120 1214
1121 410
1122 230
1123 192
1124 691
1125 84
1126 1234
1127 95
1128 2471
1129 327
1130 2639
1131 36
1132 626
1133 2475
1134 1877
1135 34
1136 1427
1137 561
1138 1639
1139 1062
1140 1907
1141 2250
1142 1044
1143 762
1144 715
1145 1081
1146 400
1147 1708
1148 1533
1149 1540
1150 1978
1151 1672
1152 491
1153 614
1154 629
1155 1705
1156 1121
1157 2020
1158 1919
1159 1343
1160 2255
1161 2330
1162 251
1163 902
1164 481
1165 1360
1166 2578
1167 2201
1168 669
1169 1455
1170 295
1171 518
1172 370
1173 1285
1174 1418
1175 2078
1176 2365
1177 1986
1178 562
1179 1093
1180 309
1181 1194
1182 366
1183 430
1184 2553
1185 1644
1186 2715
1187 1375
1188 1621
1189 2294
1190 2347
1191 1039
1192 1953
1193 208
1194 1676
1195 511
1196 1593
1197 1479
1198 2724
1199 945
1200 2610
1201 938
1202 415
1203 1937
1204 1100
1205 1617
1206 624
1207 848
1208 1653
1209 2054
1210 1672
1211 151
1212 14
1213 1693
1214 1447
1215 1334
1216 1324
1217 1749
1218 24
1219 1778
1220 1334
1221 2380
1222 458
1223 2657
1224 931
1225 635
1226 942
1227 1439
1228 701
1229 246
1230 2292
1231 576
1232 2134
1233 2197
1234 1705
1235 1663
1236 541
1237 1054
1238 1651
1239 1522
1240 2165
1241 1850
1242 2540
1243 701
1244 798
1245 791
1246 615
1247 1894
1248 333
1249 43
1250 1517
1251 55
1252 938
1253 2549
1254 56
1255 50
1256 1281
1257 2360
1258 714
1259 2394
1260 55
1261 1815
1262 1420
1263 991
1264 1560
1265 2091
1266 130
1267 1300
1268 182
1269 683
1270 1071
1271 764
1272 2579
1273 1295
1274 2365
1275 1513
1276 1289
1277 1779
1278 1146
1279 1455
1280 2654
1281 186
1282 1449
1283 2720
1284 398
1285 2609
1286 2367
1287 1629
1288 2102
1289 1270
1290 1221
1291 357
1292 1203
1293 743
1294 2179
1295 2580
1296 165
1297 1960
1298 56
1299 2629
1300 1930
1301 115
1302 1627
1303 2460
1304 1522
1305 2473
1306 2570
1307 2126
1308 663
1309 2127
1310 2284
1311 133
1312 348
1313 1433
1314 1831
1315 1433
1316 2429
1317 479
1318 1131
1319 2390
1320 1164
1321 785
1322 2580
1323 1393
1324 508
1325 1869
1326 1791
1327 1772
1328 2656
1329 675
1330 1179
1331 340
1332 1846
1333 2029
1334 790
1335 1595
1336 1136
1337 711
1338 828
1339 42
1340 1223
1341 1958
1342 1281
1343 504
1344 1250
1345 309
1346 2116
1347 316
1348 2218
1349 1362
1350 282
1351 1613
1352 289
1353 1332
1354 1544
1355 2681
1356 1594
1357 1881
1358 2545
1359 58
1360 2635
1361 139
1362 1805
1363 379
1364 539
1365 2298
1366 904
1367 1012
1368 149
1369 1188
1370 1241
1371 1125
1372 2710
1373 1805
1374 302
1375 804
1376 1036
1377 2209
1378 2276
1379 772
1380 1389
1381 2190
1382 1189
1383 1239
1384 36
1385 190
1386 679
1387 677
1388 1630
1389 2030
1390 1967
1391 1313
1392 438
1393 2236
1394 1322
1395 354
1396 1887
1397 1293
1398 306
1399 1069
1400 1216
1401 1909
1402 1476
1403 2061
1404 179
1405 1534
1406 2494
1407 1649
1408 2441
1409 169
1410 184
1411 1403
1412 1160
1413 492
1414 1579
1415 2204
1416 391
1417 2431
1418 568
1419 1988
1420 1282
1421 1511
1422 1691
1423 1057
1424 56
1425 1991
1426 1611
1427 1150
1428 2571
1429 958
1430 2278
1431 619
1432 653
1433 1861
1434 1894
1435 2413
1436 368
1437 1021
1438 1868
1439 2074
1440 1361
1441 2576
1442 1368
1443 356
1444 792
1445 2672
1446 1213
1447 381
1448 2143
1449 347
1450 437
1451 1928
1452 1779
1453 496
1454 875
1455 2032
1456 1467
1457 1851
1458 1530
1459 1482
1460 1421
1461 954
1462 2543
1463 2603
1464 398
1465 1732
1466 1048
1467 1778
1468 1905
1469 287
1470 1051
1471 862
1472 1828
1473 1178
1474 411
1475 2040
1476 1187
1477 546
1478 1479
1479 91
1480 1156
1481 1004
1482 1967
1483 2154
1484 643
1485 2095
1486 2138
1487 570
1488 518
1489 99
1490 416
1491 174
1492 1170
1493 2259
1494 1880
1495 48
1496 1449
1497 2163
1498 2725
1499 1327
1500 948
1501 1457
1502 1399
1503 1623
1504 2539
1505 762
1506 438
1507 642
1508 1657
1509 1728
1510 1748
1511 2417
1512 1418
1513 1268
1514 1415
1515 978
1516 2003
1517 2004
1518 1786
1519 1295
1520 1352
1521 574
1522 684
1523 2066
1524 1310
1525 1071
1526 1966
1527 779
1528 631
1529 235
1530 2124
1531 1816
1532 2001
1533 754
1534 860
1535 287
1536 2647
1537 2501
1538 2348
1539 2210
1540 2604
1541 2221
1542 403
1543 2484
1544 1735
1545 1215
1546 2066
1547 1176
1548 2211
1549 1876
1550 561
1551 868
1552 2294
1553 2119
1554 755
1555 2209
1556 189
1557 881
1558 1662
1559 2543
1560 1535
1561 1723
1562 1368
1563 2151
1564 355
1565 102
1566 2467
1567 658
1568 2386
1569 497
1570 181
1571 793
1572 393
1573 339
1574 1564
1575 1506
1576 1425
1577 1064
1578 1064
1579 2180
1580 767
1581 572
1582 622
1583 43
1584 1441
1585 2424
1586 1673
1587 225
1588 2357
1589 1599
1590 1327
1591 1012
1592 70
1593 1935
1594 900
1595 1
1596 2283
1597 1681
1598 1896
1599 2262
1600 897
1601 1461
1602 291
1603 1115
1604 997
1605 2555
1606 2457
1607 2194
1608 2556
1609 644
1610 66
1611 200
1612 1718
1613 1973
1614 2577
1615 1080
1616 2475
1617 922
1618 2510
1619 1299
1620 1708
1621 1576
1622 1885
1623 1211
1624 1073
1625 454
1626 1309
1627 1858
1628 630
1629 1741
1630 1061
1631 1358
1632 514
1633 1425
1634 632
1635 139
1636 464
1637 52
1638 535
1639 2247
1640 1433
1641 834
1642 2690
1643 1002
1644 2636
1645 533
1646 1957
1647 1966
1648 1409
1649 76
1650 213
1651 1684
1652 2434
1653 2539
1654 403
1655 319
1656 81
1657 469
1658 426
1659 149
1660 1462
1661 482
1662 1873
1663 752
1664 2468
1665 1794
1666 599
1667 449
1668 2254
1669 1352
1670 1369
1671 1743
1672 2515
1673 1936
1674 499
1675 1876
1676 590
1677 1798
1678 1510
1679 1842
1680 2045
1681 1337
1682 1844
1683 2706
1684 632
1685 1525
1686 37
1687 2290
1688 2032
1689 2188
1690 2368
1691 1898
1692 1401
1693 1032
1694 45
1695 1602
1696 2021
1697 853
1698 1590
1699 585
1700 1978
1701 113
1702 1362
1703 1737
1704 615
1705 1224
1706 1584
1707 1859
1708 1098
1709 641
1710 167
1711 277
1712 36
1713 2726
1714 1816
1715 204
1716 1917
1717 504
1718 1795
1719 735
1720 2446
1721 2029
1722 904
1723 2466
1724 1047
1725 2282
1726 2459
1727 2239
1728 495
1729 1595
1730 658
1731 955
1732 224
1733 479
1734 2723
1735 903
1736 1461
1737 1642
1738 1401
1739 1597
1740 127
1741 1731
1742 1711
1743 945
1744 1581
1745 1314
1746 2261
1747 1468
1748 1130
1749 1105
1750 283
1751 2572
1752 1669
1753 1785
1754 1865
1755 703
1756 2679
1757 728
1758 2070
1759 1142
1760 2135
1761 1959
1762 698
1763 1645
1764 2014
1765 294
1766 146
1767 1452
1768 1323
1769 760
1770 1060
1771 1500
1772 1248
1773 1116
1774 1726
1775 1719
1776 201
1777 908
1778 1308
1779 2219
1780 2468
1781 2555
1782 1237
1783 264
1784 1027
1785 2202
1786 1286
1787 2091
1788 1719
1789 1086
1790 1909
1791 2629
1792 247
1793 1135
1794 2123
1795 2451
1796 695
1797 1825
1798 137
1799 679
1800 1163
1801 2092
1802 2629
1803 29
1804 1148
1805 774
1806 2222
1807 2096
1808 504
1809 731
1810 887
1811 95
1812 1653
1813 2034
1814 2187
1815 1737
1816 938
1817 48
1818 966
1819 1465
1820 1133
1821 2195
1822 1983
1823 2375
1824 44
1825 1519
1826 2025
1827 1583
1828 1868
1829 854
1830 2086
1831 2676
1832 1605
1833 9
1834 115
1835 1520
1836 1080
1837 1449
1838 771
1839 1226
1840 1510
1841 1710
1842 1231
1843 282
1844 1728
1845 1036
1846 181
1847 2077
1848 2110
1849 2564
1850 1996
1851 918
1852 88
1853 354
1854 2296
1855 2670
1856 442
1857 2022
1858 1104
1859 893
1860 2608
1861 647
1862 499
1863 306
1864 2299
1865 1275
1866 399
1867 2008
1868 933
1869 151
1870 1501
1871 2411
1872 75
1873 2115
1874 341
1875 299
1876 741
1877 917
1878 2365
1879 317
1880 2262
1881 412
1882 294
1883 1065
1884 2091
1885 986
1886 156
1887 1418
1888 2399
1889 933
1890 820
1891 1533
1892 329
1893 785
1894 2427
1895 289
1896 1782
1897 2473
1898 71
1899 2651
1900 2176
1901 2101
1902 2228
1903 348
1904 2695
1905 1629
1906 2368
1907 1446
1908 1928
1909 319
1910 530
1911 777
1912 2667
1913 2711
1914 2653
1915 2081
1916 1480
1917 1988
1918 1250
1919 757
1920 2035
1921 1274
1922 498
1923 1143
1924 552
1925 673
1926 1563
1927 1208
1928 87
1929 1537
1930 457
1931 560
1932 1027
1933 186
1934 1610
1935 2571
1936 24
1937 1103
1938 1185
1939 1045
1940 2562
1941 1443
1942 445
1943 854
1944 2076
1945 669
1946 1822
1947 1486
1948 2088
1949 1292
1950 515
1951 288
1952 1617
1953 2608
1954 1459
1955 561
1956 87
1957 905
1958 246
1959 257
1960 334
1961 73
1962 1488
1963 2606
1964 466
1965 1902
1966 2002
1967 2367
1968 981
1969 2110
1970 1320
1971 229
1972 314
1973 1796
1974 1534
1975 2450
1976 1157
1977 147
1978 2726
1979 2167
1980 2014
1981 2055
1982 645
1983 1781
1984 2542
1985 333
1986 954
1987 2494
1988 2388
1989 752
1990 1996
1991 2647
1992 1986
1993 886
1994 2296
1995 2141
1996 2309
1997 2522
1998 509
1999 124
2000 763
2001 2616
2002 1158
2003 31
2004 1420
2005 161
2006 490
2007 2247
2008 417
2009 397
2010 834
2011 1178
2012 1998
2013 875
2014 34
2015 1419
2016 884
2017 318
2018 2452
2019 2176
2020 1573
2021 174
2022 1077
2023 1984
2024 1593
2025 1013
2026 1666
2027 1131
2028 2154
2029 1524
2030 1672
2031 2064
2032 2204
2033 511
2034 3
2035 2706
2036 507
2037 243
2038 684
2039 2268
2040 2290
2041 1035
2042 842
2043 1987
2044 1318
2045 1716
2046 1700
2047 1814
2048 515
2049 188
2050 692
2051 2463
2052 641
2053 2290
2054 826
2055 1014
2056 2646
2057 2161
2058 237
2059 767
2060 169
2061 2568
2062 1062
2063 621
2064 452
2065 528
2066 1839
2067 22
2068 536
2069 700
2070 188
2071 444
2072 1507
2073 1959
2074 639
2075 1710
2076 1175
2077 1810
2078 1346
2079 541
2080 1183
2081 640
2082 291
2083 922
2084 958
2085 516
2086 298
2087 1834
2088 1270
2089 2180
2090 413
2091 1029
2092 1836
2093 1889
2094 1668
2095 1675
2096 1514
2097 1187
2098 88
2099 519
2100 2464
2101 1910
2102 1036
2103 40
2104 2415
2105 1928
2106 623
2107 472
2108 2582
2109 1302
2110 1253
2111 2699
2112 2282
2113 1644
2114 2644
2115 2354
2116 2519
2117 2095
2118 286
2119 198
2120 2390
2121 1675
2122 2560
2123 2354
2124 577
2125 1581
2126 1133
2127 2347
2128 1465
2129 2301
2130 994
2131 2431
2132 1138
2133 1047
2134 2432
2135 2563
2136 923
2137 735
2138 1342
2139 2196
2140 2172
2141 1097
2142 2073
2143 1229
2144 1477
2145 2604
2146 237
2147 1388
2148 2216
2149 418
2150 2651
2151 2624
2152 2481
2153 2684
2154 1673
2155 2562
2156 2046
2157 1194
2158 1319
2159 1671
2160 1129
2161 2053
2162 806
2163 1249
2164 78
2165 681
2166 674
2167 2045
2168 733
2169 1321
2170 1010
2171 602
2172 1045
2173 1877
2174 1413
2175 1503
2176 1040
2177 1492
2178 2393
2179 1010
2180 1611
2181 911
2182 1126
2183 1889
2184 115
2185 2175
2186 240
2187 896
2188 258
2189 1110
2190 468
2191 242
2192 2203
2193 1430
2194 2618
2195 1677
2196 1584
2197 1197
2198 1397
2199 515
2200 1927
2201 1668
2202 2440
2203 2210
2204 2357
2205 601
2206 1179
2207 1014
2208 2319
2209 1873
2210 74
2211 2560
2212 350
2213 1762
2214 749
2215 963
2216 1823
2217 286
2218 202
2219 1622
2220 817
2221 896
2222 1106
2223 2526
2224 2200
2225 2186
2226 2376
2227 183
2228 2439
2229 1196
2230 2436
2231 1679
2232 607
2233 2640
2234 2572
2235 1989
2236 278
2237 62
2238 1628
2239 1997
2240 2316
2241 1094
2242 58
2243 1337
2244 1956
2245 1149
2246 2475
2247 2589
2248 1727
2249 1425
2250 2629
2251 891
2252 963
2253 540
2254 1330
2255 1053
2256 1244
2257 1673
2258 1945
2259 1832
2260 2192
2261 81
2262 412
2263 850
2264 375
2265 335
2266 210
2267 2179
2268 2264
2269 1018
2270 3
2271 1133
2272 2489
2273 1463
2274 1013
2275 2617
2276 2257
2277 46
2278 337
2279 2408
2280 2169
2281 1182
2282 347
2283 1542
2284 1571
2285 461
2286 1446
2287 4
2288 890
2289 2086
2290 2697
2291 1942
2292 802
2293 1204
2294 2415
2295 568
2296 945
2297 866
2298 1770
2299 69
2300 120
2301 383
2302 718
2303 124
2304 2583
2305 1910
2306 2698
2307 2024
2308 2073
2309 1877
2310 1258
2311 500
2312 1837
2313 1957
2314 2096
2315 1535
2316 2408
2317 2081
2318 457
2319 272
2320 1772
2321 184
2322 2176
2323 1480
2324 2084
2325 1000
2326 18
2327 102
2328 118
2329 2374
2330 2236
2331 28
2332 2594
2333 1033
2334 2655
2335 1142
2336 1514
2337 2189
2338 1144
2339 2509
2340 1330
2341 1384
2342 625
2343 2349
2344 1207
2345 1005
2346 601
2347 450
2348 561
2349 1076
2350 1668
2351 913
2352 766
2353 2637
2354 281
2355 623
2356 1820
2357 1608
2358 2493
2359 753
2360 2713
2361 527
2362 2145
2363 1865
2364 1939
2365 1324
2366 1578
2367 2339
2368 36
2369 800
2370 637
2371 1911
2372 267
2373 1265
2374 1997
2375 858
2376 1521
2377 1197
2378 1814
2379 1974
2380 1896
2381 210
2382 946
2383 1097
2384 225
2385 1135
2386 632
2387 2367
2388 1206
2389 201
2390 479
2391 439
2392 1861
2393 2491
2394 1851
2395 190
2396 1606
2397 2268
2398 1439
2399 2639
2400 1305
2401 394
2402 421
2403 1603
2404 1473
2405 2137
2406 682
2407 2098
2408 730
2409 1356
2410 2453
2411 369
2412 1705
2413 2401
2414 2618
2415 221
2416 1310
2417 1649
2418 280
2419 435
2420 278
2421 2078
2422 570
2423 2306
2424 212
2425 2597
2426 2190
2427 2122
2428 2103
2429 1192
2430 1600
2431 2343
2432 1351
2433 201
2434 2062
2435 1372
2436 398
2437 2238
2438 70
2439 259
2440 1662
2441 563
2442 2288
2443 2609
2444 2553
2445 2338
2446 975
2447 1290
2448 877
2449 47
2450 1400
2451 2586
2452 2628
2453 2011
2454 1184
2455 973
2456 1181
2457 1642
2458 2675
2459 70
2460 689
2461 1761
2462 1175
2463 1227
2464 1790
2465 1519
2466 1435
2467 858
2468 2032
2469 619
2470 2033
2471 845
2472 1817
2473 1931
2474 2558
2475 443
2476 314
2477 154
2478 1315
2479 1442
2480 1246
2481 2670
2482 1014
2483 2143
2484 2145
2485 1133
2486 2487
2487 2696
2488 638
2489 1428
2490 1365
2491 1571
2492 178
2493 2071
2494 2317
2495 2414
2496 115
2497 1560
2498 1054
2499 1652
2500 258
2501 2644
2502 1994
2503 1505
2504 2356
2505 1393
2506 1958
2507 1267
2508 1670
2509 2334
2510 468
2511 1391
2512 1767
2513 1760
2514 623
2515 914
2516 649
2517 185
2518 1594
2519 1117
2520 1131
2521 2445
2522 2123
2523 1876
2524 2564
2525 1475
2526 1021
2527 1672
2528 2006
2529 2403
2530 1369
2531 2086
2532 1868
2533 1619
2534 2561
2535 1023
2536 263
2537 1284
2538 470
2539 1664
2540 498
2541 2701
2542 1921
2543 1088
2544 1068
2545 863
2546 630
2547 1364
2548 1405
2549 1159
2550 2283
2551 1131
2552 1068
2553 166
2554 49
2555 1748
2556 456
2557 2525
2558 1576
2559 2608
2560 2455
2561 945
2562 345
2563 2046
2564 2047
2565 1727
2566 854
2567 2039
2568 1830
2569 8
2570 1448
2571 201
2572 545
2573 2222
2574 1022
2575 2531
2576 352
2577 1925
2578 83
2579 1882
2580 1265
2581 2597
2582 2719
2583 53
2584 240
2585 1613
2586 1863
2587 2419
2588 325
2589 1816
2590 1892
2591 2545
2592 1318
2593 1505
2594 2367
2595 2681
2596 534
2597 2152
2598 1071
2599 1467
2600 271
2601 1948
2602 1391
2603 1471
2604 2564
2605 454
2606 1809
2607 2225
2608 2329
2609 631
2610 2275
2611 2374
2612 2682
2613 691
2614 217
2615 2430
2616 1753
2617 2103
2618 1549
2619 445
2620 848
2621 65
2622 1770
2623 2108
2624 1679
2625 1535
2626 2638
2627 435
2628 587
2629 1929
2630 83
2631 1150
2632 115
2633 1692
2634 1305
2635 2186
2636 256
2637 30
2638 452
2639 657
2640 1234
2641 1291
2642 2091
2643 320
2644 2351
2645 1806
2646 1789
2647 387
2648 1222
2649 1252
2650 2225
2651 80
2652 97
2653 1811
2654 829
2655 863
2656 880
2657 373
2658 1430
2659 892
2660 118
2661 2645
2662 67
2663 1481
2664 506
2665 1116
2666 268
2667 269
2668 2645
2669 165
2670 2632
2671 1941
2672 913
2673 1426
2674 1712
2675 957
2676 68
2677 1287
2678 950
2679 1744
2680 2657
2681 2558
2682 2147
2683 1654
2684 2199
2685 1571
2686 484
2687 2022
2688 1370
2689 2543
2690 895
2691 1281
2692 2252
2693 732
2694 1254
2695 1336
2696 2529
2697 640
2698 2197
2699 377
2700 1904
2701 282
2702 1153
2703 1916
2704 641
2705 1475
2706 323
2707 1779
2708 557
2709 1402
2710 2160
2711 2685
2712 1104
2713 1461
2714 1915
2715 226
2716 2537
2717 849
2718 2435
2719 54
2720 1386
2721 2159
2722 2677
2723 2025
2724 2494
2725 738
2726 2265
