0 1623
1 2511
2 2184
3 1586
4 2389
5 716
6 888
7 528
8 1355
9 1659
10 387
11 2271
12 2120
13 1752
14 1139
15 1908
16 1408
17 877
18 2570
19 1848
20 753
21 2040
22 2141
23 2305
24 247
25 2558
26 261
27 1460
28 165
29 1401
30 1961
31 1640
32 37
33 1728
34 2274
35 428
36 87
37 1229
38 712
39 452
40 954
41 602
42 1693
43 1883
44 1582
45 671
46 2160
47 955
48 2226
49 2178
50 730
51 2280
52 1142
53 1722
54 2699
55 226
56 2244
57 407
58 1830
59 1525
60 2369
61 1700
62 1326
63 2481
64 1778
65 715
66 2455
67 1714
68 2207
69 370
70 871
71 2162
72 992
73 625
74 858
75 2033
76 788
77 2166
78 907
79 1819
80 2686
81 533
82 1098
83 567
84 2047
85 743
86 1032
87 1010
88 2639
89 683
90 808
91 575
92 2706
93 222
94 1824
95 361
96 1299
97 2304
98 2340
99 214
100 2483
101 126
102 1558
103 820
104 1139
105 987
106 1362
107 539
108 2673
109 321
110 1342
111 1519
112 1992
113 94
114 1198
115 1239
116 2565
117 1797
118 2281
119 931
120 2448
121 2635
122 849
123 2311
124 998
125 923
126 1543
127 2476
128 885
129 1721
130 2712
131 1629
132 2683
133 2682
134 289
135 1390
136 1250
137 1051
138 2244
139 2336
140 2374
141 924
142 1692
143 990
144 2426
145 138
146 2582
147 496
148 2078
149 1832
150 1974
151 2165
152 1211
153 1585
154 121
155 1418
156 2521
157 126
158 785
159 9
160 503
161 2061
162 1809
163 202
164 313
165 916
166 1891
167 2257
168 1382
169 1336
170 870
171 402
172 1612
173 2001
174 2592
175 2343
176 875
177 706
178 207
179 1466
180 1022
181 731
182 196
183 448
184 692
185 832
186 860
187 978
188 1441
189 1709
190 2442
191 2548
192 2690
193 2028
194 149
195 2186
196 1602
197 1397
198 1243
199 2289
200 2524
201 1286
202 1828
203 1571
204 704
205 2601
206 332
207 432
208 1454
209 397
210 868
211 681
212 1495
213 316
214 1759
215 799
216 416
217 2030
218 1042
219 1145
220 304
221 461
222 152
223 1219
224 1792
225 1160
226 1041
227 430
228 414
229 107
230 1587
231 2523
232 388
233 1032
234 2026
235 911
236 994
237 168
238 509
239 2510
240 2455
241 44
242 1189
243 2605
244 1749
245 2385
246 2669
247 1986
248 1458
249 1720
250 1153
251 1994
252 1847
253 2656
254 1949
255 2417
256 1844
257 2006
258 2520
259 1161
260 1289
261 1256
262 2237
263 733
264 1899
265 2409
266 626
267 140
268 2399
269 2514
270 2060
271 2577
272 154
273 290
274 2123
275 781
276 487
277 919
278 1821
279 1413
280 361
281 1656
282 1605
283 1212
284 1001
285 1461
286 1889
287 254
288 2422
289 2617
290 2573
291 656
292 423
293 1467
294 1259
295 312
296 2061
297 219
298 2191
299 1208
300 909
301 112
302 2110
303 1084
304 2104
305 2685
306 421
307 2706
308 1888
309 1223
310 1379
311 197
312 1131
313 367
314 2454
315 1582
316 1927
317 2137
318 964
319 63
320 1174
321 1076
322 1677
323 393
324 1513
325 908
326 2289
327 252
328 1271
329 1083
330 1642
331 333
332 1370
333 1237
334 532
335 2694
336 2445
337 2486
338 927
339 2688
340 2123
341 890
342 501
343 1069
344 2541
345 491
346 1214
347 1375
348 552
349 301
350 979
351 791
352 1022
353 2265
354 375
355 2613
356 1416
357 859
358 1652
359 637
360 1099
361 1797
362 1861
363 1856
364 21
365 1211
366 853
367 1414
368 1389
369 1419
370 49
371 1406
372 917
373 2537
374 159
375 348
376 2168
377 1104
378 1128
379 1349
380 785
381 1195
382 2218
383 2342
384 1613
385 1111
386 2185
387 1259
388 471
389 770
390 390
391 2221
392 2089
393 2172
394 137
395 2609
396 373
397 875
398 2243
399 1517
400 1276
401 2615
402 1181
403 1890
404 2313
405 32
406 2248
407 2529
408 2529
409 2009
410 1615
411 2011
412 2620
413 2073
414 81
415 104
416 2666
417 206
418 851
419 353
420 48
421 1513
422 617
423 9
424 37
425 228
426 913
427 422
428 473
429 1602
430 2532
431 1358
432 66
433 1469
434 2440
435 403
436 2712
437 934
438 2570
439 184
440 1778
441 1562
442 2615
443 1155
444 1031
445 37
446 948
447 2236
448 1550
449 2549
450 2381
451 374
452 1659
453 150
454 1115
455 275
456 639
457 935
458 1013
459 13
460 39
461 2553
462 1922
463 1657
464 161
465 1994
466 2511
467 2252
468 353
469 1370
470 2606
471 1576
472 1955
473 1560
474 1933
475 1088
476 2262
477 810
478 2501
479 519
480 610
481 296
482 2083
483 339
484 1323
485 2659
486 2509
487 35
488 913
489 2407
490 1834
491 1717
492 2652
493 1412
494 823
495 2177
496 151
497 1111
498 2456
499 1463
500 1636
501 1805
502 1121
503 1283
504 1434
505 2138
506 2235
507 109
508 992
509 519
510 2021
511 852
512 161
513 2296
514 1143
515 782
516 2318
517 1519
518 1302
519 1968
520 708
521 1887
522 676
523 2198
524 34
525 2040
526 656
527 1260
528 816
529 503
530 2446
531 1007
532 127
533 2243
534 1247
535 2545
536 1609
537 166
538 1455
539 770
540 1837
541 842
542 2258
543 1765
544 1658
545 2535
546 2117
547 499
548 1576
549 2640
550 445
551 1021
552 851
553 672
554 55
555 418
556 2037
557 2667
558 881
559 51
560 2599
561 1948
562 1336
563 1134
564 1538
565 1216
566 2479
567 2209
568 314
569 402
570 422
571 1421
572 1643
573 2361
574 2359
575 1658
576 590
577 1071
578 2417
579 1503
580 1120
581 684
582 1623
583 1851
584 878
585 29
586 1826
587 763
588 1866
589 661
590 2710
591 2582
592 2525
593 1634
594 2707
595 958
596 1030
597 457
598 671
599 1876
600 2050
601 879
602 1557
603 1674
604 83
605 2598
606 242
607 2716
608 2378
609 1243
610 172
611 2236
612 1405
613 2294
614 2396
615 2061
616 2101
617 1371
618 143
619 1489
620 872
621 2137
622 1567
623 1808
624 1390
625 2575
626 1787
627 1611
628 1185
629 2598
630 1828
631 1926
632 2173
633 274
634 1645
635 1669
636 1806
637 1016
638 283
639 997
640 1063
641 1674
642 2250
643 2087
644 1762
645 1555
646 2403
647 1046
648 594
649 1007
650 2159
651 1710
652 1961
653 1477
654 298
655 1308
656 2345
657 1107
658 371
659 615
660 571
661 526
662 2669
663 2019
664 973
665 1689
666 2100
667 886
668 517
669 2413
670 570
671 2670
672 560
673 807
674 2597
675 523
676 2018
677 964
678 1504
679 1426
680 1452
681 301
682 2697
683 1541
684 2619
685 2138
686 1072
687 2482
688 1756
689 632
690 2102
691 1554
692 738
693 2071
694 2231
695 736
696 224
697 1865
698 631
699 1648
700 964
701 833
702 2424
703 1131
704 2372
705 2125
706 2447
707 1992
708 2447
709 1732
710 29
711 1092
712 2591
713 2714
714 1511
715 2238
716 2071
717 2634
718 2344
719 546
720 829
721 83
722 2357
723 821
724 465
725 267
726 1903
727 679
728 1154
729 294
730 1982
731 75
732 796
733 2171
734 2341
735 2153
736 707
737 1002
738 2548
739 837
740 1419
741 2482
742 1166
743 1261
744 1419
745 2330
746 2375
747 1806
748 142
749 2431
750 1627
751 2541
752 1569
753 776
754 1419
755 952
756 2647
757 889
758 2356
759 2022
760 1145
761 12
762 472
763 989
764 1132
765 1029
766 1804
767 434
768 25
769 670
770 1458
771 1055
772 2713
773 630
774 2667
775 2607
776 889
777 1604
778 2713
779 2441
780 1938
781 2343
782 2290
783 1728
784 2432
785 1674
786 486
787 1485
788 1332
789 1695
790 1968
791 1250
792 1497
793 1770
794 402
795 2002
796 486
797 2572
798 556
799 389
800 1705
801 590
802 478
803 1344
804 1423
805 2028
806 2070
807 1613
808 2463
809 1960
810 1013
811 851
812 2331
813 1642
814 512
815 1769
816 2122
817 331
818 1421
819 1149
820 2266
821 1857
822 1588
823 325
824 343
825 1253
826 2224
827 2356
828 2201
829 699
830 1849
831 1229
832 1972
833 104
834 762
835 389
836 466
837 26
838 1232
839 2031
840 2159
841 216
842 2724
843 1501
844 502
845 835
846 1022
847 141
848 1082
849 2373
850 1613
851 382
852 211
853 2196
854 2366
855 2241
856 143
857 1483
858 1832
859 661
860 1024
861 1744
862 1381
863 962
864 1333
865 2021
866 1075
867 1295
868 1783
869 326
870 117
871 1878
872 1738
873 637
874 670
875 2638
876 2509
877 2000
878 313
879 2519
880 1390
881 2050
882 2183
883 2664
884 1819
885 754
886 2434
887 2413
888 1933
889 951
890 645
891 1166
892 2395
893 2474
894 489
895 915
896 678
897 2512
898 2174
899 1329
900 1027
901 345
902 1368
903 2445
904 1896
905 516
906 1992
907 235
908 843
909 1231
910 767
911 2242
912 1822
913 506
914 1212
915 1309
916 302
917 219
918 1959
919 380
920 1412
921 118
922 175
923 159
924 31
925 1684
926 1485
927 1520
928 2438
929 1979
930 413
931 610
932 1891
933 2449
934 2068
935 2590
936 1686
937 906
938 110
939 2487
940 1335
941 344
942 1664
943 1991
944 302
945 896
946 2093
947 2210
948 603
949 599
950 1165
951 1832
952 258
953 2559
954 1345
955 433
956 92
957 855
958 818
959 1150
960 770
961 906
962 1531
963 2266
964 1289
965 1285
966 2282
967 1613
968 1090
969 1516
970 249
971 802
972 2197
973 1891
974 802
975 851
976 1509
977 420
978 618
979 2543
980 2320
981 2395
982 2607
983 967
984 368
985 1823
986 1032
987 2279
988 2648
989 2573
990 969
991 1103
992 1604
993 1483
994 777
995 357
996 440
997 1908
998 400
999 729
1000 1923
1001 365
1002 219
1003 2134
1004 2291
1005 1558
1006 342
1007 137
1008 868
1009 1238
1010 2339
1011 1695
1012 2099
1013 455
1014 824
1015 1212
1016 225
1017 584
1018 1094
1019 2286
1020 1321
1021 1875
1022 2109
1023 763
1024 2555
1025 8
1026 990
1027 1708
1028 206
1029 984
1030 1623
1031 2168
1032 1952
1033 2179
1034 312
1035 1708
1036 447
1037 1771
1038 1885
1039 706
1040 1168
1041 2400
1042 2533
1043 2567
1044 1665
1045 32
1046 1243
1047 1741
1048 15
1049 1513
1050 1770
1051 929
1052 1859
1053 181
1054 1762
1055 1534
1056 682
1057 2164
1058 2199
1059 2022
1060 890
1061 414
1062 110
1063 2714
1064 1489
1065 2282
1066 793
1067 547
1068 2579
1069 1402
1070 20
1071 1852
1072 1670
1073 816
1074 965
1075 422
1076 2020
1077 21
1078 1411
1079 2028
1080 1350
1081 2544
1082 2047
1083 1247
1084 1555
1085 1873
1086 858
1087 659
1088 362
1089 1327
1090 2386
1091 620
1092 159
1093 288
1094 1875
1095 1217
1096 1220
1097 1019
1098 2169
1099 2479
1100 955
1101 555
1102 959
1103 549
1104 1814
1105 445
1106 1740
1107 2699
1108 249
1109 1326
1110 165
1111 2385
1112 2019
1113 31
1114 2285
1115 974
1116 224
1117 356
1118 842
1119 1744
1120 1725
1121 1234
1122 1375
1123 1063
1124 714
1125 1179
1126 679
1127 1847
1128 433
1129 1842
1130 2411
1131 2456
1132 1498
1133 1936
1134 2138
1135 720
1136 1977
1137 891
1138 33
1139 215
1140 782
1141 1148
1142 1926
1143 181
1144 955
1145 923
1146 1875
1147 1308
1148 585
1149 763
1150 861
1151 1285
1152 1592
1153 964
1154 1631
1155 194
1156 529
1157 187
1158 2134
1159 376
1160 277
1161 680
1162 2142
1163 105
1164 2461
1165 764
1166 2400
1167 615
1168 425
1169 1173
1170 441
1171 814
1172 1093
1173 2281
1174 202
1175 890
1176 71
1177 530
1178 1343
1179 2191
1180 1810
1181 1801
1182 2174
1183 1529
1184 2182
1185 2404
1186 1636
1187 2052
1188 2435
1189 1170
1190 471
1191 1284
1192 2441
1193 1212
1194 2092
1195 1498
1196 375
1197 1348
1198 450
1199 1008
1200 322
1201 1402
1202 1976
1203 2501
1204 2558
1205 2593
1206 2590
1207 2658
1208 1941
1209 1670
1210 1726
1211 198
1212 983
1213 1714
1214 1545
1215 1498
1216 2596
1217 1584
1218 546
1219 1082
1220 2112
1221 1568
1222 355
1223 531
1224 618
1225 1414
1226 2522
1227 586
1228 385
1229 2319
1230 1
1231 1383
1232 1012
1233 2689
1234 1703
1235 209
1236 1599
1237 1091
1238 1139
1239 324
1240 408
1241 1621
1242 1309
1243 2336
1244 324
1245 2450
1246 1158
1247 1867
1248 654
1249 2228
1250 629
1251 303
1252 1103
1253 2011
1254 1455
1255 637
1256 1289
1257 196
1258 1405
1259 2198
1260 502
1261 376
1262 1489
1263 2489
1264 1361
1265 131
1266 2021
1267 919
1268 1573
1269 1727
1270 1897
1271 2387
1272 545
1273 311
1274 1002
1275 576
1276 2286
1277 368
1278 449
1279 1644
1280 519
1281 807
1282 1601
1283 136
1284 1452
1285 76
1286 2274
1287 407
1288 1537
1289 1442
1290 504
1291 1456
1292 1170
1293 1426
1294 1128
1295 2107
1296 1237
1297 2204
1298 1216
1299 1106
1300 255
1301 940
1302 1599
1303 1789
1304 1118
1305 316
1306 968
1307 2694
1308 1407
1309 957
1310 276
1311 1515
1312 303
1313 1514
1314 504
1315 948
1316 212
1317 779
1318 2029
1319 2566
1320 2031
1321 79
1322 1198
1323 1053
1324 911
1325 1552
1326 2717
1327 2551
1328 490
1329 1260
1330 670
1331 1295
1332 2250
1333 275
1334 347
1335 2572
1336 1027
1337 312
1338 1186
1339 1570
1340 2180
1341 275
1342 1528
1343 1116
1344 1315
1345 741
1346 112
1347 2366
1348 2669
1349 8
1350 530
1351 990
1352 639
1353 1581
1354 1387
1355 1058
1356 2117
1357 1395
1358 1768
1359 1304
1360 1116
1361 2526
1362 475
1363 813
1364 2112
1365 1076
1366 501
1367 1262
1368 460
1369 808
1370 1771
1371 150
1372 2626
1373 1601
1374 153
1375 2635
1376 2711
1377 2508
1378 107
1379 2607
1380 2012
1381 355
1382 2323
1383 762
1384 2209
1385 1241
1386 625
1387 61
1388 1131
1389 1245
1390 2267
1391 1467
1392 760
1393 1347
1394 614
1395 1666
1396 1077
1397 2529
1398 686
1399 2668
1400 182
1401 100
1402 103
1403 1400
1404 1213
1405 2344
1406 464
1407 1793
1408 1873
1409 1453
1410 143
1411 2691
1412 2086
1413 640
1414 1129
1415 1214
1416 1828
1417 72
1418 1691
1419 678
1420 2504
1421 1955
1422 2350
1423 1457
1424 1438
1425 2384
1426 2332
1427 1470
1428 2597
1429 1148
1430 282
1431 1571
1432 2301
1433 1680
1434 298
1435 562
1436 2139
1437 549
1438 926
1439 483
1440 1634
1441 2247
1442 1587
1443 892
1444 2168
1445 1367
1446 184
1447 517
1448 2002
1449 1709
1450 462
1451 2126
1452 1469
1453 2401
1454 140
1455 1317
1456 210
1457 483
1458 2601
1459 1472
1460 2507
1461 1631
1462 2274
1463 103
1464 1416
1465 2613
1466 1696
1467 454
1468 622
1469 2174
1470 434
1471 2449
1472 611
1473 2720
1474 850
1475 691
1476 2343
1477 1705
1478 1917
1479 2546
1480 114
1481 1437
1482 975
1483 2384
1484 1983
1485 393
1486 1492
1487 314
1488 1423
1489 2261
1490 2616
1491 2368
1492 1112
1493 1288
1494 1161
1495 2123
1496 237
1497 1884
1498 600
1499 1367
1500 1395
1501 1414
1502 1273
1503 1412
1504 1986
1505 2388
1506 1693
1507 2193
1508 2164
1509 1560
1510 1511
1511 2159
1512 1367
1513 2565
1514 2042
1515 962
1516 825
1517 2324
1518 405
1519 45
1520 803
1521 1615
1522 328
1523 841
1524 1160
1525 674
1526 1731
1527 219
1528 223
1529 2158
1530 910
1531 2542
1532 1693
1533 2621
1534 1973
1535 2014
1536 273
1537 2660
1538 192
1539 1635
1540 859
1541 1408
1542 1341
1543 91
1544 2048
1545 1828
1546 77
1547 866
1548 1767
1549 527
1550 839
1551 2163
1552 2588
1553 110
1554 2236
1555 770
1556 765
1557 1952
1558 2310
1559 1388
1560 2439
1561 444
1562 1845
1563 656
1564 1582
1565 2673
1566 1947
1567 504
1568 1333
1569 1777
1570 1891
1571 1718
1572 2559
1573 881
1574 1832
1575 2495
1576 1640
1577 1110
1578 1776
1579 702
1580 1619
1581 2076
1582 420
1583 1306
1584 251
1585 1618
1586 2559
1587 790
1588 1026
1589 1736
1590 1223
1591 1011
1592 1910
1593 1317
1594 25
1595 1715
1596 1
1597 898
1598 462
1599 1845
1600 2571
1601 1517
1602 2013
1603 159
1604 2119
1605 683
1606 179
1607 684
1608 1503
1609 2014
1610 951
1611 2243
1612 2245
1613 355
1614 2225
1615 882
1616 1481
1617 2435
1618 453
1619 1776
1620 2649
1621 1284
1622 1708
1623 2606
1624 834
1625 431
1626 638
1627 2344
1628 312
1629 459
1630 1408
1631 123
1632 316
1633 2483
1634 1835
1635 222
1636 1361
1637 2022
1638 536
1639 115
1640 455
1641 514
1642 216
1643 2348
1644 2115
1645 1164
1646 784
1647 1317
1648 1343
1649 2235
1650 1030
1651 1643
1652 483
1653 2026
1654 2499
1655 724
1656 2191
1657 1019
1658 132
1659 1940
1660 557
1661 2150
1662 1767
1663 381
1664 1294
1665 1364
1666 1315
1667 1372
1668 1365
1669 2295
1670 511
1671 649
1672 458
1673 1735
1674 2485
1675 1735
1676 1613
1677 314
1678 461
1679 1058
1680 574
1681 786
1682 314
1683 2551
1684 264
1685 902
1686 794
1687 1327
1688 93
1689 664
1690 2604
1691 191
1692 2663
1693 2536
1694 2720
1695 1663
1696 920
1697 1536
1698 251
1699 1771
1700 919
1701 495
1702 1381
1703 3
1704 694
1705 362
1706 177
1707 1377
1708 160
1709 2267
1710 2130
1711 203
1712 726
1713 168
1714 13
1715 1565
1716 0
1717 2521
1718 2691
1719 2134
1720 543
1721 848
1722 2192
1723 2547
1724 39
1725 691
1726 1858
1727 1857
1728 1755
1729 296
1730 2249
1731 287
1732 2110
1733 301
1734 1975
1735 1037
1736 1684
1737 596
1738 1390
1739 1986
1740 500
1741 1553
1742 328
1743 1349
1744 1746
1745 1060
1746 2474
1747 1433
1748 177
1749 743
1750 398
1751 58
1752 1018
1753 543
1754 94
1755 35
1756 376
1757 1339
1758 2278
1759 1206
1760 1381
1761 2320
1762 156
1763 2428
1764 2616
1765 962
1766 1769
1767 1113
1768 1678
1769 152
1770 2432
1771 2111
1772 2681
1773 1069
1774 2415
1775 633
1776 1452
1777 2453
1778 2046
1779 1067
1780 112
1781 891
1782 1148
1783 1003
1784 282
1785 1945
1786 355
1787 466
1788 2104
1789 1963
1790 117
1791 2445
1792 332
1793 2111
1794 712
1795 2633
1796 2226
1797 2660
1798 468
1799 1994
1800 2714
1801 1565
1802 1877
1803 342
1804 378
1805 287
1806 987
1807 2653
1808 1395
1809 2634
1810 1416
1811 1413
1812 57
1813 2144
1814 974
1815 2695
1816 774
1817 284
1818 366
1819 1275
1820 615
1821 720
1822 509
1823 562
1824 1857
1825 55
1826 2039
1827 416
1828 1445
1829 2447
1830 751
1831 186
1832 823
1833 698
1834 455
1835 2466
1836 50
1837 1181
1838 2283
1839 2184
1840 2049
1841 2692
1842 2452
1843 435
1844 447
1845 1552
1846 2421
1847 686
1848 1535
1849 288
1850 2126
1851 1750
1852 1643
1853 894
1854 194
1855 343
1856 825
1857 2480
1858 1262
1859 2449
1860 381
1861 208
1862 2689
1863 1258
1864 1374
1865 883
1866 2556
1867 643
1868 2124
1869 559
1870 2274
1871 1863
1872 1332
1873 1116
1874 2661
1875 193
1876 1628
1877 1023
1878 2320
1879 222
1880 2409
1881 463
1882 2470
1883 215
1884 2421
1885 815
1886 1004
1887 1925
1888 562
1889 1234
1890 2450
1891 1731
1892 2555
1893 1515
1894 1356
1895 881
1896 574
1897 1647
1898 2065
1899 1283
1900 289
1901 2418
1902 622
1903 285
1904 595
1905 466
1906 842
1907 390
1908 725
1909 1271
1910 1984
1911 2267
1912 1867
1913 241
1914 2355
1915 2560
1916 1640
1917 51
1918 2368
1919 1837
1920 2524
1921 185
1922 1111
1923 2166
1924 2670
1925 157
1926 1330
1927 1973
1928 2428
1929 1878
1930 485
1931 2043
1932 2270
1933 343
1934 2323
1935 742
1936 1125
1937 1522
1938 1766
1939 1376
1940 102
1941 251
1942 130
1943 1093
1944 504
1945 1548
1946 1188
1947 1103
1948 2053
1949 1650
1950 704
1951 1026
1952 2434
1953 185
1954 688
1955 2496
1956 2517
1957 2084
1958 1749
1959 619
1960 2138
1961 2344
1962 1326
1963 505
1964 503
1965 736
1966 2602
1967 2490
1968 488
1969 1894
1970 236
1971 1200
1972 1620
1973 2154
1974 1653
1975 1771
1976 1915
1977 1015
1978 1720
1979 2199
1980 1493
1981 375
1982 1401
1983 1637
1984 1473
1985 1127
1986 2711
1987 1442
1988 899
1989 1078
1990 1547
1991 309
1992 1092
1993 252
1994 816
1995 1462
1996 669
1997 2261
1998 2423
1999 1603
2000 623
2001 441
2002 1904
2003 372
2004 2442
2005 103
2006 23
2007 633
2008 2089
2009 1852
2010 2481
2011 661
2012 639
2013 1899
2014 2316
2015 1605
2016 1513
2017 999
2018 990
2019 895
2020 2097
2021 756
2022 2460
2023 1018
2024 1257
2025 1159
2026 1063
2027 966
2028 1598
2029 1568
2030 525
2031 1767
2032 601
2033 2711
2034 2680
2035 1042
2036 836
2037 998
2038 455
2039 1601
2040 886
2041 2101
2042 2256
2043 560
2044 2720
2045 1797
2046 2320
2047 1161
2048 1370
2049 1030
2050 2326
2051 757
2052 2367
2053 1411
2054 941
2055 268
2056 2081
2057 8
2058 2491
2059 1707
2060 2707
2061 2366
2062 2592
2063 443
2064 1450
2065 1818
2066 1281
2067 2699
2068 2514
2069 315
2070 1461
2071 2389
2072 559
2073 2139
2074 358
2075 2616
2076 1115
2077 851
2078 2394
2079 167
2080 2473
2081 951
2082 1740
2083 430
2084 2227
2085 34
2086 1246
2087 2205
2088 982
2089 683
2090 142
2091 1915
2092 283
2093 1801
2094 34
2095 2265
2096 464
2097 1199
2098 2409
2099 930
2100 461
2101 1753
2102 1753
2103 122
2104 1599
2105 896
2106 2333
2107 2525
2108 415
2109 2132
2110 290
2111 1506
2112 2228
2113 434
2114 1374
2115 345
2116 709
2117 655
2118 1596
2119 24
2120 491
2121 2588
2122 185
2123 1703
2124 74
2125 121
2126 2381
2127 2263
2128 1108
2129 1336
2130 705
2131 2227
2132 31
2133 1299
2134 1914
2135 2558
2136 1406
2137 79
2138 2276
2139 2682
2140 2157
2141 443
2142 808
2143 2419
2144 1780
2145 1425
2146 696
2147 352
2148 728
2149 2399
2150 2379
2151 1364
2152 1021
2153 1867
2154 2626
2155 1254
2156 741
2157 2706
2158 609
2159 2461
2160 2462
2161 1058
2162 1818
2163 1706
2164 1606
2165 498
2166 1934
2167 957
2168 1632
2169 2540
2170 1331
2171 2303
2172 1372
2173 259
2174 17
2175 1779
2176 1756
2177 223
2178 2535
2179 1434
2180 2607
2181 811
2182 1705
2183 1607
2184 1220
2185 2497
2186 1471
2187 580
2188 876
2189 1416
2190 933
2191 755
2192 1672
2193 679
2194 1400
2195 2255
2196 1242
2197 2717
2198 176
2199 2634
2200 2288
2201 2579
2202 1050
2203 484
2204 683
2205 144
2206 1501
2207 266
2208 703
2209 750
2210 2009
2211 1303
2212 967
2213 2211
2214 1210
2215 1843
2216 130
2217 261
2218 1853
2219 355
2220 1598
2221 1006
2222 265
2223 2523
2224 1427
2225 2280
2226 2570
2227 465
2228 1229
2229 2547
2230 2624
2231 593
2232 1980
2233 2617
2234 2366
2235 1713
2236 1103
2237 2460
2238 221
2239 1100
2240 1499
2241 596
2242 1466
2243 2594
2244 1764
2245 213
2246 1154
2247 1325
2248 660
2249 1661
2250 1036
2251 2554
2252 610
2253 1988
2254 1908
2255 1455
2256 810
2257 66
2258 749
2259 267
2260 1366
2261 2048
2262 443
2263 134
2264 535
2265 470
2266 626
2267 622
2268 186
2269 1544
2270 1202
2271 2052
2272 642
2273 1288
2274 867
2275 1313
2276 1563
2277 2182
2278 1966
2279 978
2280 1628
2281 1355
2282 2623
2283 1379
2284 328
2285 2608
2286 443
2287 2171
2288 1669
2289 2237
2290 1615
2291 419
2292 989
2293 1179
2294 2391
2295 500
2296 388
2297 1870
2298 2642
2299 1736
2300 843
2301 1590
2302 431
2303 1232
2304 137
2305 1688
2306 184
2307 1346
2308 1802
2309 1869
2310 1288
2311 129
2312 803
2313 2255
2314 2183
2315 1595
2316 2600
2317 1503
2318 1566
2319 2607
2320 234
2321 2564
2322 2165
2323 600
2324 2716
2325 58
2326 324
2327 803
2328 2418
2329 587
2330 2279
2331 693
2332 255
2333 2553
2334 513
2335 1099
2336 925
2337 2539
2338 747
2339 979
2340 2347
2341 64
2342 2581
2343 996
2344 12
2345 2607
2346 219
2347 887
2348 1967
2349 2238
2350 2101
2351 181
2352 651
2353 2256
2354 1980
2355 914
2356 1899
2357 84
2358 1842
2359 1152
2360 793
2361 1889
2362 1741
2363 2633
2364 147
2365 2483
2366 2518
2367 1878
2368 2156
2369 1157
2370 1651
2371 2530
2372 387
2373 1985
2374 102
2375 503
2376 110
2377 2334
2378 484
2379 440
2380 1181
2381 2380
2382 1688
2383 1625
2384 2630
2385 505
2386 702
2387 1584
2388 1612
2389 2043
2390 2610
2391 404
2392 182
2393 1928
2394 2064
2395 1720
2396 2709
2397 578
2398 2627
2399 2246
2400 406
2401 232
2402 756
2403 1879
2404 2187
2405 1823
2406 2233
2407 480
2408 2632
2409 1003
2410 122
2411 1243
2412 1555
2413 2169
2414 266
2415 1638
2416 1599
2417 2197
2418 1594
2419 1716
2420 1614
2421 956
2422 2287
2423 254
2424 2349
2425 1706
2426 2360
2427 227
2428 2695
2429 1587
2430 1297
2431 941
2432 1901
2433 1690
2434 1281
2435 435
2436 919
2437 2156
2438 2323
2439 601
2440 2612
2441 1238
2442 1878
2443 2010
2444 690
2445 2061
2446 494
2447 2617
2448 778
2449 2252
2450 131
2451 369
2452 894
2453 2677
2454 382
2455 55
2456 1109
2457 1494
2458 1216
2459 1722
2460 73
2461 1161
2462 9
2463 1534
2464 733
2465 243
2466 2429
2467 253
2468 2649
2469 2608
2470 2409
2471 2379
2472 580
2473 1468
2474 1870
2475 310
2476 1169
2477 1953
2478 1987
2479 200
2480 1487
2481 1606
2482 1151
2483 581
2484 983
2485 128
2486 1086
2487 1921
2488 1369
2489 1060
2490 1392
2491 2102
2492 2611
2493 411
2494 2615
2495 1687
2496 197
2497 2100
2498 1820
2499 2177
2500 1162
2501 30
2502 813
2503 2551
2504 2434
2505 1673
2506 659
2507 334
2508 87
2509 2561
2510 1878
2511 1480
2512 2271
2513 2025
2514 546
2515 1954
2516 1514
2517 353
2518 505
2519 2620
2520 1772
2521 574
2522 1617
2523 738
2524 1406
2525 2554
2526 86
2527 2379
2528 1793
2529 2288
2530 1635
2531 2266
2532 948
2533 1990
2534 2277
2535 263
2536 2673
2537 53
2538 962
2539 828
2540 1622
2541 1299
2542 1798
2543 1240
2544 700
2545 2613
2546 122
2547 161
2548 402
2549 709
2550 1722
2551 1848
2552 1694
2553 1328
2554 1355
2555 1045
2556 1314
2557 1173
2558 2289
2559 165
2560 2022
2561 1342
2562 1253
2563 2295
2564 1168
2565 49
2566 2126
2567 1773
2568 1692
2569 1948
2570 312
2571 1460
2572 1802
2573 372
2574 2012
2575 1069
2576 1604
2577 2385
2578 49
2579 2209
2580 604
2581 1548
2582 637
2583 974
2584 1287
2585 1991
2586 1924
2587 2384
2588 2422
2589 1141
2590 2174
2591 1317
2592 831
2593 1773
2594 1107
2595 2048
2596 2260
2597 1861
2598 2329
2599 476
2600 2211
2601 545
2602 909
2603 246
2604 1383
2605 1870
2606 1168
2607 508
2608 198
2609 2422
2610 614
2611 278
2612 2681
2613 1166
2614 1363
2615 1393
2616 922
2617 819
2618 1964
2619 826
2620 2659
2621 1009
2622 786
2623 278
2624 312
2625 1399
2626 451
2627 1108
2628 1844
2629 2685
2630 2618
2631 2161
2632 2271
2633 841
2634 2433
2635 415
2636 2549
2637 2347
2638 1563
2639 2047
2640 2436
2641 979
2642 892
2643 198
2644 1412
2645 811
2646 2509
2647 803
2648 1568
2649 2278
2650 817
2651 39
2652 1570
2653 1843
2654 2383
2655 1476
2656 1262
2657 310
2658 1031
2659 1031
2660 2384
2661 78
2662 1899
2663 2150
2664 2526
2665 831
2666 2318
2667 1814
2668 457
2669 296
2670 2414
2671 1926
2672 1312
2673 262
2674 996
2675 414
2676 2457
2677 1435
2678 1542
2679 2114
2680 1144
2681 2705
2682 2401
2683 554
2684 2417
2685 2680
2686 27
2687 2123
2688 695
2689 1003
2690 641
2691 1558
2692 230
2693 1107
2694 1002
2695 1206
2696 875
2697 2663
2698 1035
2699 2351
2700 1129
2701 197
2702 1403
2703 1002
2704 1797
2705 209
2706 1307
2707 9
2708 94
2709 2349
2710 2543
2711 1339
2712 42
2713 1542
2714 2197
2715 104
2716 2554
2717 431
2718 1664
2719 2229
2720 793
2721 348
2722 362
2723 1325
2724 1809
2725 189
2726 2081
0 1000
1 2511
2 2184
3 1586
4 2389
5 716
6 888
7 1749
8 1355
9 1659
10 387
11 1586
12 1515
13 1668
14 457
15 2119
16 9
17 877
18 2570
19 156
20 1345
21 1981
22 2141
23 5
24 2135
25 262
26 2541
27 1460
28 347
29 1337
30 1609
31 1640
32 137
33 1341
34 2274
35 1508
36 677
37 1972
38 1340
39 1382
40 1772
41 2063
42 2335
43 1206
44 1997
45 671
46 1200
47 955
48 2229
49 88
50 2115
51 2280
52 2219
53 409
54 22
55 2149
56 1944
57 407
58 1830
59 1525
60 2527
61 327
62 1384
63 2481
64 1778
65 2645
66 1448
67 1714
68 2207
69 1981
70 871
71 2511
72 174
73 625
74 858
75 2470
76 2407
77 85
78 907
79 1819
80 1263
81 1450
82 1191
83 2179
84 2058
85 2645
86 1032
87 1556
88 1869
89 921
90 808
91 575
92 1112
93 222
94 2192
95 1301
96 737
97 1733
98 2340
99 459
100 2483
101 126
102 2291
103 445
104 1920
105 17
106 1225
107 539
108 2662
109 2
110 1233
111 1243
112 1992
113 256
114 1198
115 1149
116 2565
117 2452
118 995
119 931
120 1684
121 1059
122 611
123 639
124 2190
125 2494
126 2038
127 2413
128 885
129 247
130 665
131 99
132 2683
133 1836
134 289
135 1390
136 1250
137 2204
138 2244
139 2336
140 213
141 2498
142 1692
143 826
144 2426
145 2357
146 942
147 1887
148 2078
149 2679
150 1974
151 2165
152 1211
153 1585
154 121
155 222
156 1527
157 2192
158 25
159 9
160 503
161 276
162 2618
163 202
164 313
165 916
166 1891
167 428
168 1382
169 1336
170 2502
171 402
172 1612
173 2001
174 1992
175 2343
176 875
177 751
178 1484
179 1125
180 719
181 2065
182 2237
183 448
184 1691
185 1588
186 1966
187 655
188 742
189 1190
190 1365
191 2548
192 274
193 2028
194 2412
195 1242
196 1602
197 1397
198 1059
199 1739
200 45
201 1286
202 1828
203 1393
204 704
205 1507
206 423
207 423
208 1454
209 1176
210 2711
211 681
212 1719
213 316
214 378
215 1798
216 2157
217 2030
218 1149
219 136
220 304
221 814
222 152
223 1183
224 516
225 964
226 1041
227 2581
228 1038
229 107
230 831
231 667
232 388
233 585
234 193
235 911
236 911
237 168
238 521
239 2510
240 918
241 1923
242 1189
243 515
244 2301
245 2385
246 2663
247 1933
248 885
249 1720
250 1153
251 3
252 1847
253 566
254 1912
255 285
256 2595
257 630
258 2520
259 390
260 2585
261 946
262 2237
263 2212
264 1899
265 2409
266 626
267 1832
268 2399
269 2514
270 2060
271 862
272 1470
273 290
274 2676
275 781
276 487
277 2336
278 734
279 1413
280 361
281 1816
282 2396
283 548
284 272
285 1461
286 1290
287 254
288 2422
289 2307
290 1605
291 656
292 423
293 373
294 1318
295 218
296 2061
297 607
298 665
299 885
300 909
301 1604
302 565
303 1084
304 1297
305 918
306 421
307 1681
308 135
309 579
310 1379
311 369
312 1131
313 367
314 1144
315 1582
316 1927
317 1923
318 1712
319 2220
320 1096
321 1076
322 1677
323 393
324 1513
325 457
326 2289
327 1243
328 1271
329 220
330 1642
331 1428
332 556
333 1237
334 1562
335 2694
336 592
337 1251
338 729
339 2153
340 527
341 890
342 2689
343 816
344 2541
345 2066
346 1214
347 980
348 552
349 301
350 2506
351 791
352 1022
353 39
354 1431
355 1520
356 1543
357 859
358 1530
359 119
360 1099
361 1753
362 1601
363 175
364 1806
365 1889
366 853
367 1414
368 1439
369 1419
370 49
371 1594
372 2320
373 1525
374 2307
375 1482
376 2168
377 1104
378 1128
379 2194
380 785
381 625
382 1937
383 2342
384 1156
385 2156
386 1626
387 2597
388 2031
389 770
390 390
391 1541
392 2089
393 1951
394 1441
395 2609
396 373
397 894
398 2243
399 703
400 2377
401 2615
402 1181
403 1890
404 1569
405 32
406 2248
407 2529
408 2634
409 2336
410 2237
411 80
412 2556
413 2073
414 81
415 104
416 2666
417 2326
418 586
419 353
420 86
421 1533
422 2152
423 1776
424 2570
425 559
426 2172
427 1076
428 2669
429 1602
430 2332
431 2389
432 221
433 1469
434 352
435 1096
436 2712
437 934
438 2570
439 2664
440 1778
441 249
442 1865
443 332
444 1137
445 37
446 948
447 2236
448 1797
449 2130
450 1577
451 374
452 1704
453 252
454 1426
455 2584
456 1508
457 2007
458 2726
459 2448
460 39
461 2553
462 2342
463 1657
464 161
465 1759
466 2511
467 2252
468 2249
469 1370
470 1595
471 1075
472 1955
473 1309
474 1844
475 1088
476 2262
477 810
478 2140
479 1369
480 1195
481 296
482 2360
483 339
484 694
485 1094
486 780
487 1411
488 2108
489 2407
490 2453
491 1717
492 1662
493 1309
494 2185
495 599
496 2344
497 1648
498 516
499 92
500 51
501 1805
502 1121
503 1283
504 1434
505 2194
506 1127
507 109
508 992
509 519
510 1337
511 978
512 377
513 1948
514 1143
515 629
516 2137
517 31
518 2438
519 2462
520 758
521 1296
522 2414
523 2311
524 522
525 2040
526 628
527 1260
528 816
529 2007
530 2446
531 1007
532 669
533 2218
534 1136
535 2080
536 1957
537 166
538 1455
539 1081
540 1721
541 842
542 754
543 1765
544 1658
545 2535
546 2117
547 72
548 1576
549 373
550 445
551 960
552 22
553 672
554 55
555 418
556 255
557 2667
558 881
559 51
560 2380
561 858
562 716
563 421
564 1538
565 2095
566 2656
567 1821
568 1942
569 2174
570 211
571 1184
572 2620
573 136
574 2359
575 1658
576 590
577 612
578 2001
579 1503
580 1450
581 684
582 1442
583 24
584 878
585 120
586 2716
587 825
588 1866
589 661
590 2710
591 2582
592 2525
593 1634
594 2707
595 226
596 1030
597 924
598 1574
599 1876
600 2050
601 2717
602 1557
603 2033
604 2527
605 2598
606 242
607 2177
608 799
609 804
610 1860
611 2236
612 1405
613 2294
614 2396
615 2061
616 2101
617 1371
618 2656
619 1489
620 677
621 1770
622 834
623 1754
624 2442
625 2575
626 1787
627 2074
628 183
629 989
630 2594
631 1926
632 2173
633 274
634 1645
635 1309
636 1345
637 1016
638 430
639 1028
640 2403
641 195
642 793
643 1304
644 1762
645 1555
646 2403
647 2072
648 1838
649 1007
650 2159
651 454
652 1961
653 407
654 648
655 1418
656 1945
657 1107
658 1432
659 1781
660 89
661 1684
662 2669
663 2019
664 2099
665 1689
666 1162
667 886
668 345
669 577
670 1558
671 548
672 1893
673 807
674 2597
675 1943
676 965
677 1575
678 1504
679 1828
680 1300
681 1466
682 2534
683 967
684 2619
685 1362
686 444
687 1947
688 1756
689 1348
690 2256
691 1199
692 738
693 1656
694 2231
695 366
696 1689
697 2344
698 631
699 1315
700 964
701 1237
702 2424
703 2513
704 2372
705 2682
706 1002
707 1992
708 2423
709 387
710 111
711 1092
712 2697
713 254
714 864
715 2238
716 553
717 318
718 2344
719 130
720 56
721 2701
722 1702
723 1889
724 1502
725 1822
726 1042
727 679
728 1154
729 1395
730 1982
731 532
732 805
733 2171
734 1735
735 2153
736 707
737 1153
738 325
739 837
740 1602
741 2049
742 1166
743 2149
744 1419
745 2474
746 1378
747 2222
748 2527
749 2431
750 2484
751 843
752 1569
753 708
754 1361
755 1959
756 2647
757 1666
758 532
759 2273
760 459
761 12
762 416
763 209
764 878
765 1029
766 1804
767 434
768 2042
769 670
770 683
771 1533
772 2399
773 630
774 2667
775 2580
776 1941
777 1648
778 2713
779 562
780 413
781 2343
782 2290
783 1728
784 194
785 1674
786 486
787 1942
788 1332
789 1695
790 465
791 2260
792 356
793 2235
794 2046
795 539
796 2523
797 1949
798 131
799 1167
800 2114
801 590
802 2620
803 1344
804 828
805 732
806 717
807 487
808 410
809 1960
810 525
811 851
812 81
813 1318
814 1485
815 308
816 2122
817 2445
818 1421
819 1690
820 2574
821 1857
822 1588
823 325
824 1325
825 1809
826 2224
827 1437
828 2201
829 2358
830 1849
831 1195
832 2293
833 104
834 492
835 389
836 137
837 676
838 1232
839 2031
840 2159
841 1303
842 2724
843 865
844 1520
845 835
846 1022
847 62
848 110
849 1262
850 2681
851 382
852 413
853 382
854 2366
855 2624
856 2628
857 1483
858 2538
859 1852
860 413
861 1744
862 2320
863 1725
864 1746
865 2021
866 812
867 84
868 486
869 504
870 2617
871 813
872 1738
873 780
874 86
875 2644
876 1542
877 2510
878 313
879 2246
880 1679
881 2050
882 2628
883 2664
884 1819
885 2307
886 2434
887 677
888 1933
889 951
890 2476
891 1166
892 709
893 2474
894 489
895 150
896 1235
897 2512
898 1745
899 1329
900 1027
901 345
902 133
903 2445
904 54
905 516
906 1100
907 235
908 476
909 2092
910 767
911 2242
912 2570
913 506
914 2085
915 2341
916 1574
917 219
918 1959
919 1412
920 1906
921 256
922 2466
923 2478
924 1191
925 1684
926 1485
927 2039
928 1771
929 1438
930 413
931 1834
932 1891
933 2514
934 1708
935 2590
936 1741
937 2287
938 110
939 1379
940 2303
941 1505
942 630
943 1991
944 2002
945 896
946 186
947 969
948 2395
949 599
950 1319
951 1024
952 192
953 1883
954 2083
955 269
956 1236
957 1115
958 818
959 2280
960 770
961 2256
962 1203
963 2266
964 893
965 1285
966 2282
967 408
968 1090
969 1516
970 488
971 802
972 2197
973 1891
974 2014
975 2530
976 1521
977 420
978 618
979 911
980 2320
981 149
982 2607
983 1676
984 368
985 201
986 1032
987 2279
988 385
989 2573
990 969
991 2297
992 1328
993 1483
994 461
995 357
996 927
997 1908
998 400
999 944
1000 1923
1001 18
1002 1727
1003 938
1004 92
1005 1102
1006 1765
1007 1956
1008 868
1009 2602
1010 946
1011 2491
1012 1450
1013 1186
1014 697
1015 1212
1016 894
1017 2261
1018 1094
1019 522
1020 2510
1021 1875
1022 1573
1023 763
1024 2579
1025 8
1026 1389
1027 1708
1028 206
1029 1945
1030 1687
1031 1924
1032 60
1033 367
1034 247
1035 1550
1036 2091
1037 1771
1038 1885
1039 884
1040 1168
1041 2113
1042 2322
1043 629
1044 1773
1045 1219
1046 2087
1047 2629
1048 927
1049 486
1050 270
1051 2705
1052 1548
1053 85
1054 1677
1055 1786
1056 2132
1057 2151
1058 2199
1059 1234
1060 890
1061 2101
1062 2000
1063 2393
1064 2676
1065 1387
1066 793
1067 257
1068 2579
1069 1402
1070 136
1071 1852
1072 1154
1073 2401
1074 965
1075 422
1076 2525
1077 21
1078 1708
1079 2692
1080 2271
1081 164
1082 1526
1083 1247
1084 1555
1085 1873
1086 33
1087 659
1088 939
1089 1327
1090 154
1091 620
1092 159
1093 322
1094 1577
1095 1759
1096 664
1097 1782
1098 2169
1099 1013
1100 955
1101 1118
1102 25
1103 402
1104 2440
1105 2534
1106 892
1107 2699
1108 249
1109 1326
1110 1874
1111 2385
1112 2019
1113 31
1114 2285
1115 2401
1116 460
1117 356
1118 1629
1119 1744
1120 1725
1121 1234
1122 2343
1123 57
1124 714
1125 1179
1126 679
1127 83
1128 433
1129 1842
1130 2411
1131 874
1132 2465
1133 1936
1134 2138
1135 720
1136 1977
1137 891
1138 2587
1139 215
1140 782
1141 381
1142 1165
1143 1497
1144 31
1145 923
1146 2299
1147 2124
1148 468
1149 1434
1150 1861
1151 2246
1152 317
1153 964
1154 1090
1155 2470
1156 519
1157 187
1158 690
1159 738
1160 2425
1161 680
1162 1854
1163 105
1164 2461
1165 764
1166 2228
1167 615
1168 456
1169 1173
1170 547
1171 1972
1172 1948
1173 2067
1174 202
1175 281
1176 71
1177 447
1178 2260
1179 2191
1180 1810
1181 1779
1182 1113
1183 1529
1184 2182
1185 2608
1186 1836
1187 2052
1188 1629
1189 1170
1190 1484
1191 611
1192 2441
1193 1212
1194 701
1195 1041
1196 1530
1197 998
1198 810
1199 1675
1200 322
1201 1402
1202 1976
1203 1324
1204 1496
1205 2593
1206 1734
1207 1892
1208 1941
1209 1317
1210 2379
1211 1949
1212 983
1213 360
1214 1545
1215 1166
1216 296
1217 2246
1218 546
1219 1082
1220 1843
1221 1442
1222 355
1223 531
1224 618
1225 2399
1226 2522
1227 586
1228 1834
1229 817
1230 1793
1231 1383
1232 2334
1233 591
1234 1703
1235 209
1236 410
1237 1401
1238 1139
1239 324
1240 408
1241 1471
1242 789
1243 1709
1244 152
1245 54
1246 2527
1247 1410
1248 1088
1249 2241
1250 1007
1251 2382
1252 1835
1253 2367
1254 1266
1255 637
1256 2019
1257 196
1258 2474
1259 2198
1260 632
1261 1322
1262 1489
1263 2489
1264 1563
1265 1312
1266 1630
1267 2621
1268 1573
1269 2723
1270 1897
1271 1160
1272 545
1273 311
1274 1427
1275 2483
1276 2328
1277 368
1278 1497
1279 1786
1280 519
1281 1347
1282 113
1283 136
1284 961
1285 2267
1286 2274
1287 655
1288 1419
1289 2441
1290 2661
1291 1671
1292 1170
1293 1426
1294 1128
1295 2107
1296 1237
1297 108
1298 1216
1299 944
1300 590
1301 2493
1302 2230
1303 1716
1304 2533
1305 2323
1306 968
1307 2694
1308 934
1309 957
1310 2557
1311 1515
1312 303
1313 1514
1314 504
1315 2549
1316 212
1317 1689
1318 2029
1319 2566
1320 2192
1321 2251
1322 705
1323 1505
1324 911
1325 1552
1326 2043
1327 2551
1328 490
1329 1260
1330 670
1331 1579
1332 2250
1333 2242
1334 347
1335 372
1336 146
1337 322
1338 1209
1339 1570
1340 2180
1341 275
1342 2289
1343 1116
1344 1865
1345 741
1346 182
1347 2697
1348 373
1349 665
1350 686
1351 990
1352 639
1353 1581
1354 1888
1355 2562
1356 960
1357 1564
1358 141
1359 1304
1360 1116
1361 2526
1362 1157
1363 2420
1364 1675
1365 1613
1366 501
1367 2281
1368 1487
1369 2281
1370 1226
1371 933
1372 2716
1373 564
1374 1601
1375 2347
1376 2711
1377 2508
1378 107
1379 169
1380 2012
1381 355
1382 1303
1383 205
1384 2209
1385 1241
1386 2344
1387 2660
1388 1131
1389 1245
1390 766
1391 1467
1392 387
1393 109
1394 1876
1395 1666
1396 1077
1397 799
1398 405
1399 2390
1400 1329
1401 100
1402 1899
1403 2582
1404 1213
1405 1304
1406 1
1407 552
1408 1873
1409 1453
1410 2062
1411 584
1412 2086
1413 640
1414 792
1415 2192
1416 2105
1417 1476
1418 1691
1419 2172
1420 2504
1421 1275
1422 2620
1423 1457
1424 1318
1425 2384
1426 2600
1427 678
1428 2597
1429 1884
1430 2131
1431 776
1432 2301
1433 727
1434 298
1435 2670
1436 2327
1437 2097
1438 1054
1439 2668
1440 1135
1441 2247
1442 1587
1443 892
1444 2168
1445 1367
1446 184
1447 517
1448 1211
1449 160
1450 462
1451 2126
1452 88
1453 1199
1454 40
1455 2419
1456 84
1457 483
1458 2597
1459 1472
1460 566
1461 940
1462 1564
1463 955
1464 1416
1465 2613
1466 1696
1467 454
1468 1060
1469 2014
1470 1
1471 1214
1472 611
1473 1390
1474 850
1475 606
1476 277
1477 1705
1478 2468
1479 2546
1480 2452
1481 80
1482 975
1483 822
1484 1983
1485 567
1486 1492
1487 1662
1488 1979
1489 2672
1490 1257
1491 2071
1492 2685
1493 1973
1494 1161
1495 2123
1496 237
1497 1884
1498 600
1499 1958
1500 1837
1501 1884
1502 1712
1503 943
1504 2066
1505 2328
1506 656
1507 2193
1508 1546
1509 1307
1510 64
1511 972
1512 2302
1513 2565
1514 2042
1515 1915
1516 825
1517 2258
1518 38
1519 45
1520 1753
1521 355
1522 771
1523 1180
1524 158
1525 674
1526 276
1527 665
1528 223
1529 2158
1530 1498
1531 2542
1532 317
1533 2621
1534 426
1535 832
1536 2373
1537 2660
1538 1313
1539 1964
1540 859
1541 1631
1542 2485
1543 524
1544 2684
1545 1828
1546 77
1547 866
1548 1610
1549 527
1550 720
1551 2163
1552 2671
1553 110
1554 852
1555 118
1556 1492
1557 645
1558 2310
1559 1388
1560 2439
1561 444
1562 1845
1563 656
1564 2495
1565 685
1566 1947
1567 2083
1568 1527
1569 1777
1570 1891
1571 1718
1572 305
1573 881
1574 1484
1575 2495
1576 803
1577 739
1578 1880
1579 2347
1580 1619
1581 56
1582 2370
1583 1306
1584 251
1585 1548
1586 2559
1587 790
1588 1026
1589 1736
1590 1223
1591 231
1592 1910
1593 1317
1594 1141
1595 849
1596 1
1597 898
1598 296
1599 1845
1600 2368
1601 2283
1602 2530
1603 823
1604 2119
1605 1814
1606 179
1607 2426
1608 1456
1609 2256
1610 951
1611 2518
1612 2245
1613 2682
1614 2225
1615 882
1616 695
1617 2435
1618 2053
1619 1776
1620 2649
1621 968
1622 1708
1623 2606
1624 2524
1625 431
1626 638
1627 2230
1628 2352
1629 2481
1630 1408
1631 2645
1632 1
1633 2483
1634 2197
1635 2188
1636 1361
1637 1194
1638 536
1639 2599
1640 455
1641 1673
1642 216
1643 2348
1644 1647
1645 2067
1646 1897
1647 2657
1648 1354
1649 1138
1650 1718
1651 228
1652 636
1653 2026
1654 2499
1655 572
1656 1590
1657 2488
1658 132
1659 2029
1660 557
1661 2150
1662 887
1663 381
1664 858
1665 1364
1666 1133
1667 1372
1668 1365
1669 2295
1670 857
1671 2316
1672 458
1673 1735
1674 2496
1675 228
1676 381
1677 314
1678 461
1679 1058
1680 574
1681 898
1682 2001
1683 904
1684 1385
1685 729
1686 1185
1687 1327
1688 1181
1689 1737
1690 809
1691 191
1692 1973
1693 2293
1694 407
1695 1663
1696 2148
1697 1536
1698 2719
1699 1549
1700 570
1701 495
1702 1482
1703 3
1704 752
1705 810
1706 226
1707 1715
1708 1839
1709 2413
1710 2130
1711 1260
1712 1971
1713 168
1714 2641
1715 1565
1716 241
1717 744
1718 28
1719 2134
1720 543
1721 6
1722 2442
1723 1156
1724 39
1725 2721
1726 1858
1727 1857
1728 1755
1729 2715
1730 478
1731 66
1732 216
1733 579
1734 1975
1735 1037
1736 1911
1737 455
1738 1390
1739 23
1740 500
1741 1553
1742 1325
1743 1349
1744 1746
1745 235
1746 1899
1747 2530
1748 177
1749 213
1750 398
1751 1557
1752 1018
1753 1197
1754 94
1755 803
1756 368
1757 1339
1758 2270
1759 1073
1760 1196
1761 263
1762 156
1763 2203
1764 2026
1765 962
1766 1397
1767 1298
1768 1678
1769 178
1770 2432
1771 1550
1772 2681
1773 1069
1774 2415
1775 920
1776 660
1777 2453
1778 198
1779 1067
1780 2085
1781 613
1782 1148
1783 1003
1784 282
1785 1405
1786 355
1787 466
1788 1989
1789 1963
1790 117
1791 2721
1792 1199
1793 1645
1794 64
1795 2633
1796 1953
1797 2660
1798 468
1799 1469
1800 2714
1801 1565
1802 478
1803 903
1804 378
1805 287
1806 987
1807 1436
1808 1395
1809 1025
1810 2233
1811 1413
1812 57
1813 781
1814 1555
1815 139
1816 2401
1817 2451
1818 2335
1819 815
1820 223
1821 720
1822 1660
1823 1942
1824 1649
1825 55
1826 2039
1827 216
1828 1885
1829 2529
1830 751
1831 464
1832 823
1833 267
1834 540
1835 2466
1836 50
1837 1148
1838 2283
1839 2184
1840 1920
1841 2692
1842 1884
1843 819
1844 447
1845 257
1846 2421
1847 639
1848 1535
1849 1325
1850 2078
1851 662
1852 1643
1853 891
1854 1378
1855 343
1856 825
1857 2480
1858 2582
1859 2627
1860 381
1861 412
1862 2689
1863 2204
1864 1603
1865 1336
1866 2556
1867 643
1868 2124
1869 1066
1870 2274
1871 628
1872 2005
1873 1686
1874 2661
1875 193
1876 323
1877 1832
1878 1435
1879 722
1880 2409
1881 2156
1882 520
1883 982
1884 2421
1885 2580
1886 881
1887 1925
1888 562
1889 1593
1890 739
1891 794
1892 2440
1893 1258
1894 1356
1895 2480
1896 574
1897 1209
1898 79
1899 1283
1900 2164
1901 1348
1902 193
1903 285
1904 595
1905 1249
1906 842
1907 390
1908 1099
1909 1271
1910 2220
1911 1546
1912 2279
1913 2008
1914 146
1915 2560
1916 1459
1917 855
1918 1010
1919 28
1920 644
1921 2163
1922 1669
1923 1373
1924 1394
1925 157
1926 2588
1927 1114
1928 2072
1929 735
1930 485
1931 2043
1932 1001
1933 1467
1934 543
1935 742
1936 2027
1937 1024
1938 1766
1939 588
1940 102
1941 2165
1942 130
1943 2031
1944 848
1945 140
1946 255
1947 1690
1948 2053
1949 1650
1950 1078
1951 209
1952 1448
1953 2582
1954 2162
1955 707
1956 1889
1957 2084
1958 1749
1959 2653
1960 1285
1961 670
1962 676
1963 1138
1964 503
1965 61
1966 2602
1967 97
1968 488
1969 2323
1970 236
1971 1200
1972 1482
1973 25
1974 629
1975 1771
1976 223
1977 923
1978 1720
1979 1086
1980 1493
1981 2110
1982 1637
1983 1637
1984 1473
1985 1127
1986 1971
1987 2365
1988 875
1989 1014
1990 2279
1991 1159
1992 1606
1993 554
1994 816
1995 1462
1996 1059
1997 18
1998 2423
1999 1603
2000 622
2001 441
2002 146
2003 2586
2004 1817
2005 103
2006 1936
2007 2263
2008 2089
2009 1074
2010 2481
2011 720
2012 136
2013 1899
2014 2406
2015 1605
2016 1513
2017 104
2018 2220
2019 2005
2020 765
2021 756
2022 1254
2023 1018
2024 1257
2025 1020
2026 1063
2027 1516
2028 1598
2029 1568
2030 525
2031 1767
2032 35
2033 2711
2034 2680
2035 437
2036 836
2037 57
2038 49
2039 1377
2040 2119
2041 403
2042 1479
2043 560
2044 2521
2045 1797
2046 2320
2047 1622
2048 1370
2049 1030
2050 2326
2051 757
2052 303
2053 32
2054 526
2055 177
2056 1302
2057 973
2058 2491
2059 504
2060 366
2061 1051
2062 2592
2063 443
2064 2232
2065 294
2066 1593
2067 1086
2068 1468
2069 1933
2070 166
2071 929
2072 559
2073 929
2074 358
2075 2616
2076 1115
2077 1800
2078 1242
2079 126
2080 566
2081 223
2082 1740
2083 430
2084 1099
2085 1874
2086 1246
2087 580
2088 2460
2089 683
2090 2101
2091 438
2092 283
2093 1538
2094 254
2095 457
2096 464
2097 1304
2098 61
2099 500
2100 2621
2101 1223
2102 2189
2103 122
2104 1980
2105 1530
2106 2475
2107 603
2108 415
2109 176
2110 1781
2111 2029
2112 2228
2113 434
2114 1374
2115 345
2116 689
2117 655
2118 1596
2119 24
2120 1881
2121 2588
2122 22
2123 1703
2124 192
2125 2475
2126 2381
2127 2263
2128 1108
2129 1973
2130 705
2131 2680
2132 2700
2133 1299
2134 244
2135 2009
2136 1406
2137 1098
2138 2276
2139 2692
2140 2157
2141 2495
2142 2642
2143 1494
2144 1780
2145 2425
2146 1547
2147 1120
2148 1724
2149 2399
2150 2379
2151 1079
2152 552
2153 548
2154 412
2155 1254
2156 2189
2157 2706
2158 74
2159 2058
2160 788
2161 2721
2162 1818
2163 1706
2164 2142
2165 822
2166 1934
2167 2392
2168 1632
2169 2575
2170 1331
2171 821
2172 2551
2173 259
2174 115
2175 1779
2176 1739
2177 2505
2178 2693
2179 1900
2180 645
2181 811
2182 2059
2183 1924
2184 1786
2185 2497
2186 1575
2187 580
2188 35
2189 1416
2190 933
2191 1518
2192 1220
2193 1993
2194 1400
2195 2255
2196 1242
2197 6
2198 387
2199 2164
2200 2361
2201 2217
2202 830
2203 484
2204 2230
2205 1018
2206 2192
2207 266
2208 1630
2209 1234
2210 2502
2211 1303
2212 967
2213 2211
2214 2348
2215 1843
2216 130
2217 1806
2218 181
2219 355
2220 1598
2221 2025
2222 265
2223 2523
2224 1400
2225 2280
2226 1881
2227 37
2228 2580
2229 2547
2230 1849
2231 1040
2232 717
2233 1503
2234 168
2235 1821
2236 291
2237 1931
2238 221
2239 1445
2240 571
2241 596
2242 1466
2243 940
2244 1764
2245 479
2246 1154
2247 734
2248 828
2249 1661
2250 1036
2251 1226
2252 1630
2253 1988
2254 1908
2255 353
2256 810
2257 1096
2258 749
2259 267
2260 1366
2261 2048
2262 443
2263 670
2264 1084
2265 470
2266 1739
2267 1105
2268 186
2269 1544
2270 1202
2271 2400
2272 642
2273 1288
2274 867
2275 134
2276 1563
2277 1187
2278 1966
2279 978
2280 1823
2281 1037
2282 1296
2283 983
2284 2563
2285 566
2286 443
2287 2171
2288 1964
2289 2237
2290 1378
2291 419
2292 989
2293 2568
2294 1357
2295 987
2296 1610
2297 234
2298 2642
2299 1736
2300 843
2301 357
2302 1662
2303 1232
2304 1441
2305 1727
2306 184
2307 1526
2308 1802
2309 1726
2310 1982
2311 1092
2312 1531
2313 221
2314 2131
2315 635
2316 1196
2317 1124
2318 1566
2319 2607
2320 1523
2321 2564
2322 2165
2323 214
2324 2716
2325 58
2326 330
2327 785
2328 1406
2329 587
2330 2015
2331 1584
2332 213
2333 1258
2334 2577
2335 1272
2336 925
2337 579
2338 747
2339 1647
2340 1216
2341 2655
2342 2581
2343 996
2344 1366
2345 2607
2346 1758
2347 887
2348 1848
2349 1270
2350 2101
2351 1916
2352 1259
2353 433
2354 2392
2355 1625
2356 1899
2357 1216
2358 2529
2359 2163
2360 2332
2361 2610
2362 1741
2363 1495
2364 147
2365 1483
2366 943
2367 2560
2368 2265
2369 1157
2370 1445
2371 290
2372 387
2373 1985
2374 251
2375 503
2376 201
2377 2334
2378 484
2379 1674
2380 1181
2381 2380
2382 1688
2383 1321
2384 254
2385 238
2386 702
2387 2313
2388 24
2389 2213
2390 809
2391 160
2392 2349
2393 1928
2394 2064
2395 1720
2396 2627
2397 578
2398 2627
2399 2380
2400 2354
2401 232
2402 1523
2403 1879
2404 2156
2405 1984
2406 2032
2407 335
2408 2632
2409 42
2410 122
2411 2435
2412 507
2413 1723
2414 2373
2415 1638
2416 2345
2417 989
2418 1202
2419 1229
2420 83
2421 2126
2422 2287
2423 254
2424 2349
2425 974
2426 6
2427 211
2428 1195
2429 1587
2430 1297
2431 941
2432 1901
2433 1690
2434 1281
2435 1494
2436 290
2437 2156
2438 2323
2439 944
2440 2612
2441 890
2442 2222
2443 2010
2444 690
2445 2061
2446 1831
2447 2617
2448 778
2449 1461
2450 849
2451 369
2452 1835
2453 227
2454 1056
2455 55
2456 1109
2457 1207
2458 1216
2459 1722
2460 2389
2461 1161
2462 1059
2463 1353
2464 882
2465 243
2466 2429
2467 253
2468 1483
2469 2485
2470 2409
2471 2455
2472 1210
2473 1800
2474 2690
2475 2581
2476 1183
2477 1953
2478 1987
2479 200
2480 959
2481 1606
2482 1151
2483 581
2484 164
2485 128
2486 2286
2487 471
2488 1372
2489 2180
2490 1392
2491 710
2492 2611
2493 2534
2494 1439
2495 1521
2496 2129
2497 2100
2498 1820
2499 2177
2500 806
2501 2213
2502 494
2503 2551
2504 903
2505 350
2506 659
2507 2432
2508 87
2509 1010
2510 1878
2511 1480
2512 2384
2513 2025
2514 546
2515 1351
2516 1514
2517 1688
2518 505
2519 2620
2520 774
2521 409
2522 1617
2523 738
2524 386
2525 2554
2526 270
2527 2379
2528 295
2529 2598
2530 589
2531 1270
2532 1425
2533 1990
2534 552
2535 2359
2536 2507
2537 325
2538 2566
2539 2129
2540 2285
2541 1299
2542 1798
2543 1240
2544 1226
2545 1199
2546 122
2547 1763
2548 402
2549 709
2550 2414
2551 1581
2552 1694
2553 1328
2554 540
2555 810
2556 1853
2557 1173
2558 2289
2559 165
2560 2022
2561 1342
2562 800
2563 1685
2564 1168
2565 49
2566 2617
2567 1773
2568 1692
2569 2121
2570 46
2571 1460
2572 103
2573 572
2574 1122
2575 1069
2576 453
2577 572
2578 502
2579 2209
2580 604
2581 2010
2582 637
2583 2722
2584 1287
2585 1373
2586 1022
2587 1505
2588 1105
2589 2503
2590 768
2591 1317
2592 831
2593 1773
2594 1154
2595 2048
2596 2110
2597 2429
2598 107
2599 476
2600 2211
2601 2435
2602 2603
2603 1377
2604 1383
2605 2109
2606 1168
2607 508
2608 663
2609 2039
2610 1605
2611 1391
2612 1971
2613 741
2614 12
2615 1393
2616 2472
2617 2542
2618 1234
2619 826
2620 535
2621 673
2622 715
2623 278
2624 821
2625 1011
2626 1600
2627 1902
2628 1844
2629 2234
2630 1918
2631 2161
2632 2422
2633 1686
2634 907
2635 415
2636 2549
2637 455
2638 2003
2639 824
2640 2436
2641 979
2642 64
2643 1932
2644 2210
2645 811
2646 2509
2647 817
2648 577
2649 2278
2650 1348
2651 39
2652 1570
2653 1843
2654 2383
2655 88
2656 2263
2657 1688
2658 1413
2659 1031
2660 2677
2661 811
2662 649
2663 702
2664 2526
2665 831
2666 2613
2667 2089
2668 457
2669 622
2670 2045
2671 552
2672 1312
2673 1707
2674 321
2675 414
2676 1158
2677 188
2678 1542
2679 2375
2680 840
2681 2705
2682 960
2683 554
2684 2417
2685 2680
2686 27
2687 463
2688 695
2689 2240
2690 641
2691 1558
2692 230
2693 653
2694 1002
2695 1206
2696 2451
2697 2663
2698 1035
2699 2697
2700 1129
2701 673
2702 1403
2703 136
2704 455
2705 209
2706 1307
2707 2125
2708 1327
2709 2349
2710 1402
2711 1878
2712 812
2713 1542
2714 203
2715 102
2716 555
2717 431
2718 2008
2719 190
2720 894
2721 1687
2722 362
2723 1325
2724 1809
2725 1757
2726 2081
