0 164
1 61
2 176
3 107
4 85
5 130
6 186
7 168
8 195
9 194
10 10
11 36
12 66
13 162
14 75
15 96
16 9
17 97
18 41
19 175
20 101
21 116
22 131
23 60
24 67
25 43
26 166
27 2
28 116
29 117
30 65
31 175
32 19
33 32
34 199
35 27
36 138
37 54
38 138
39 134
40 30
41 24
42 31
43 151
44 129
45 29
46 135
47 154
48 180
49 107
50 199
51 140
52 22
53 178
54 200
55 81
56 24
57 173
58 47
59 8
60 5
61 109
62 78
63 96
64 134
65 60
66 203
67 200
68 182
69 48
70 14
71 154
72 199
73 187
74 5
75 163
76 118
77 109
78 116
79 108
80 85
81 22
82 191
83 99
84 31
85 1
86 37
87 201
88 162
89 60
90 140
91 39
92 202
93 201
94 149
95 3
96 6
97 102
98 177
99 84
100 1
101 47
102 81
103 56
104 102
105 21
106 114
107 49
108 80
109 62
110 36
111 111
112 78
113 83
114 1
115 190
116 74
117 134
118 50
119 193
120 18
121 138
122 130
123 186
124 60
125 190
126 43
127 5
128 199
129 69
130 9
131 33
132 97
133 25
134 80
135 157
136 179
137 197
138 30
139 72
140 20
141 151
142 163
143 98
144 175
145 92
146 55
147 163
148 126
149 158
150 49
151 26
152 106
153 92
154 138
155 128
156 83
157 27
158 160
159 101
160 56
161 4
162 57
163 42
164 161
165 189
166 16
167 187
168 103
169 90
170 107
171 26
172 192
173 93
174 157
175 92
176 201
177 183
178 127
179 18
180 167
181 56
182 94
183 72
184 130
185 27
186 26
187 0
188 105
189 170
190 2
191 192
192 18
193 152
194 168
195 119
196 10
197 64
198 118
199 157
200 66
201 130
202 132
203 16
0 164
1 23
2 127
3 176
4 85
5 120
6 186
7 159
8 145
9 105
10 20
11 36
12 61
13 86
14 156
15 96
16 9
17 95
18 41
19 193
20 30
21 116
22 131
23 60
24 181
25 4
26 160
27 78
28 48
29 108
30 32
31 42
32 19
33 95
34 59
35 52
36 101
37 54
38 138
39 198
40 30
41 24
42 29
43 151
44 55
45 29
46 135
47 97
48 187
49 108
50 155
51 202
52 22
53 84
54 200
55 51
56 194
57 138
58 126
59 142
60 40
61 179
62 78
63 171
64 134
65 39
66 200
67 200
68 182
69 15
70 14
71 154
72 199
73 71
74 190
75 163
76 115
77 158
78 107
79 108
80 52
81 52
82 191
83 99
84 31
85 136
86 37
87 201
88 162
89 97
90 93
91 170
92 28
93 149
94 149
95 3
96 6
97 102
98 54
99 116
100 1
101 188
102 81
103 42
104 84
105 21
106 202
107 185
108 42
109 62
110 81
111 111
112 31
113 83
114 1
115 71
116 49
117 134
118 50
119 33
120 18
121 113
122 88
123 34
124 100
125 134
126 203
127 5
128 143
129 69
130 9
131 33
132 30
133 25
134 80
135 157
136 179
137 197
138 63
139 35
140 142
141 147
142 163
143 98
144 175
145 92
146 173
147 130
148 126
149 158
150 49
151 26
152 4
153 92
154 169
155 128
156 196
157 27
158 160
159 93
160 42
161 4
162 4
163 45
164 21
165 189
166 16
167 161
168 164
169 97
170 107
171 26
172 192
173 93
174 4
175 144
176 124
177 183
178 127
179 18
180 54
181 56
182 94
183 48
184 192
185 87
186 30
187 116
188 105
189 170
190 198
191 192
192 194
193 152
194 130
195 119
196 10
197 148
198 118
199 136
200 137
201 92
202 132
203 16
