0 11
1 59
2 92
3 119
4 137
5 122
6 82
7 195
8 119
9 122
10 143
11 70
12 3
13 150
14 97
15 54
16 52
17 149
18 29
19 114
20 105
21 36
22 82
23 101
24 176
25 180
26 27
27 9
28 186
29 159
30 3
31 19
32 183
33 16
34 84
35 143
36 162
37 34
38 146
39 138
40 30
41 64
42 176
43 59
44 183
45 66
46 44
47 60
48 91
49 148
50 119
51 97
52 179
53 30
54 110
55 58
56 173
57 133
58 52
59 123
60 139
61 49
62 52
63 21
64 90
65 103
66 95
67 18
68 8
69 19
70 82
71 105
72 102
73 195
74 68
75 17
76 6
77 29
78 184
79 115
80 113
81 154
82 53
83 67
84 96
85 165
86 180
87 86
88 21
89 41
90 194
91 189
92 89
93 51
94 122
95 142
96 159
97 153
98 154
99 73
100 189
101 77
102 162
103 161
104 84
105 51
106 39
107 59
108 124
109 58
110 96
111 130
112 163
113 43
114 124
115 47
116 186
117 91
118 139
119 70
120 158
121 73
122 158
123 168
124 54
125 98
126 18
127 77
128 94
129 189
130 78
131 174
132 183
133 55
134 187
135 16
136 124
137 101
138 48
139 0
140 18
141 6
142 133
143 93
144 185
145 25
146 48
147 199
148 116
149 148
150 75
151 166
152 85
153 185
154 70
155 3
156 78
157 94
158 1
159 47
160 114
161 39
162 46
163 174
164 110
165 127
166 192
167 77
168 157
169 76
170 188
171 59
172 16
173 202
174 190
175 30
176 147
177 77
178 47
179 194
180 55
181 122
182 193
183 202
184 171
185 19
186 148
187 153
188 86
189 35
190 137
191 154
192 116
193 46
194 99
195 11
196 77
197 81
198 28
199 36
200 90
201 112
202 81
203 73
0 197
1 56
2 92
3 3
4 173
5 122
6 132
7 195
8 122
9 122
10 143
11 70
12 37
13 171
14 97
15 54
16 52
17 114
18 152
19 114
20 105
21 36
22 82
23 116
24 176
25 180
26 30
27 195
28 25
29 159
30 11
31 19
32 183
33 16
34 168
35 174
36 108
37 175
38 183
39 138
40 24
41 55
42 176
43 59
44 25
45 64
46 84
47 60
48 50
49 161
50 119
51 35
52 106
53 24
54 110
55 27
56 26
57 133
58 40
59 123
60 141
61 49
62 7
63 158
64 90
65 125
66 7
67 101
68 101
69 19
70 162
71 74
72 102
73 69
74 68
75 17
76 180
77 35
78 47
79 102
80 152
81 154
82 53
83 67
84 96
85 0
86 180
87 86
88 33
89 176
90 97
91 21
92 89
93 51
94 81
95 186
96 97
97 153
98 65
99 73
100 15
101 77
102 141
103 161
104 84
105 51
106 39
107 79
108 29
109 134
110 184
111 144
112 163
113 43
114 124
115 47
116 161
117 91
118 185
119 18
120 158
121 73
122 93
123 37
124 54
125 31
126 22
127 77
128 85
129 189
130 141
131 110
132 183
133 55
134 127
135 39
136 115
137 101
138 147
139 118
140 18
141 6
142 133
143 93
144 125
145 25
146 56
147 184
148 125
149 148
150 75
151 166
152 85
153 185
154 10
155 3
156 78
157 142
158 1
159 47
160 114
161 7
162 178
163 174
164 104
165 87
166 99
167 58
168 44
169 167
170 161
171 49
172 7
173 202
174 171
175 30
176 147
177 3
178 47
179 81
180 156
181 122
182 193
183 200
184 171
185 19
186 33
187 149
188 86
189 88
190 137
191 154
192 116
193 104
194 99
195 64
196 77
197 40
198 28
199 145
200 165
201 139
202 81
203 73
