0 128
1 115
2 89
3 180
4 200
5 139
6 36
7 42
8 191
9 144
10 169
11 130
12 123
13 33
14 89
15 199
16 56
17 186
18 14
19 14
20 146
21 67
22 118
23 96
24 179
25 156
26 23
27 121
28 195
29 189
30 35
31 61
32 47
33 93
34 39
35 1
36 72
37 137
38 106
39 175
40 161
41 187
42 182
43 91
44 61
45 139
46 162
47 44
48 48
49 53
50 73
51 192
52 68
53 0
54 113
55 18
56 176
57 171
58 202
59 61
60 0
61 48
62 118
63 192
64 200
65 26
66 104
67 143
68 153
69 20
70 95
71 191
72 200
73 14
74 78
75 154
76 143
77 167
78 161
79 180
80 169
81 17
82 61
83 184
84 99
85 107
86 158
87 140
88 56
89 143
90 179
91 144
92 42
93 159
94 39
95 117
96 19
97 177
98 36
99 130
100 197
101 94
102 11
103 111
104 78
105 45
106 144
107 56
108 7
109 135
110 8
111 92
112 67
113 171
114 96
115 183
116 141
117 88
118 176
119 200
120 33
121 28
122 11
123 26
124 154
125 162
126 196
127 124
128 160
129 49
130 126
131 31
132 190
133 114
134 165
135 27
136 146
137 198
138 6
139 3
140 202
141 21
142 199
143 186
144 70
145 59
146 131
147 39
148 131
149 9
150 203
151 181
152 58
153 20
154 64
155 25
156 29
157 65
158 99
159 202
160 84
161 94
162 45
163 136
164 127
165 163
166 139
167 48
168 1
169 166
170 151
171 8
172 113
173 194
174 54
175 79
176 6
177 71
178 2
179 123
180 8
181 80
182 169
183 114
184 66
185 37
186 146
187 188
188 147
189 177
190 139
191 19
192 49
193 60
194 12
195 61
196 58
197 148
198 19
199 37
200 93
201 61
202 33
203 155
0 141
1 115
2 137
3 180
4 200
5 170
6 29
7 42
8 62
9 144
10 169
11 151
12 123
13 73
14 89
15 199
16 12
17 113
18 13
19 14
20 187
21 51
22 199
23 24
24 179
25 156
26 47
27 75
28 174
29 174
30 30
31 61
32 47
33 36
34 39
35 107
36 57
37 172
38 30
39 102
40 26
41 187
42 182
43 91
44 16
45 139
46 162
47 44
48 78
49 53
50 73
51 37
52 120
53 0
54 13
55 110
56 159
57 171
58 98
59 176
60 0
61 48
62 118
63 192
64 200
65 26
66 33
67 143
68 68
69 148
70 95
71 7
72 200
73 14
74 200
75 154
76 108
77 167
78 161
79 49
80 16
81 17
82 172
83 184
84 99
85 164
86 119
87 107
88 179
89 143
90 176
91 144
92 180
93 59
94 148
95 117
96 19
97 177
98 187
99 167
100 197
101 94
102 11
103 188
104 96
105 45
106 144
107 56
108 7
109 122
110 8
111 92
112 67
113 171
114 96
115 183
116 141
117 32
118 99
119 86
120 20
121 20
122 11
123 161
124 154
125 31
126 84
127 89
128 160
129 49
130 126
131 31
132 65
133 114
134 99
135 27
136 197
137 17
138 6
139 191
140 202
141 53
142 199
143 28
144 81
145 137
146 131
147 39
148 0
149 164
150 203
151 180
152 58
153 41
154 64
155 25
156 123
157 181
158 80
159 40
160 84
161 94
162 116
163 73
164 127
165 163
166 139
167 48
168 1
169 166
170 106
171 8
172 165
173 194
174 8
175 79
176 6
177 122
178 67
179 115
180 119
181 80
182 169
183 114
184 66
185 149
186 8
187 188
188 78
189 177
190 139
191 19
192 49
193 60
194 12
195 61
196 175
197 185
198 19
199 37
200 93
201 28
202 33
203 155
