0 178
1 113
2 24
3 52
4 83
5 82
6 194
7 46
8 0
9 155
10 26
11 86
12 25
13 16
14 147
15 195
16 195
17 143
18 179
19 135
20 20
21 186
22 56
23 48
24 29
25 97
26 37
27 202
28 131
29 166
30 147
31 125
32 196
33 104
34 95
35 101
36 54
37 177
38 132
39 40
40 91
41 39
42 61
43 147
44 146
45 149
46 194
47 202
48 181
49 89
50 117
51 161
52 153
53 41
54 184
55 58
56 56
57 104
58 122
59 199
60 43
61 5
62 175
63 201
64 30
65 56
66 180
67 172
68 77
69 156
70 115
71 118
72 163
73 194
74 160
75 14
76 28
77 176
78 117
79 43
80 140
81 106
82 138
83 7
84 3
85 57
86 109
87 88
88 56
89 181
90 84
91 152
92 19
93 82
94 188
95 8
96 154
97 69
98 82
99 7
100 65
101 156
102 71
103 169
104 117
105 176
106 25
107 166
108 77
109 89
110 33
111 142
112 164
113 109
114 100
115 194
116 55
117 35
118 110
119 130
120 104
121 124
122 146
123 194
124 1
125 71
126 63
127 28
128 142
129 18
130 10
131 161
132 110
133 106
134 84
135 56
136 197
137 31
138 153
139 163
140 144
141 114
142 170
143 123
144 22
145 153
146 38
147 157
148 186
149 141
150 55
151 203
152 21
153 65
154 22
155 162
156 190
157 203
158 158
159 198
160 167
161 115
162 90
163 89
164 130
165 110
166 134
167 64
168 57
169 36
170 36
171 115
172 34
173 200
174 159
175 6
176 76
177 56
178 42
179 101
180 44
181 112
182 20
183 105
184 104
185 185
186 126
187 2
188 145
189 14
190 136
191 122
192 66
193 19
194 5
195 28
196 152
197 46
198 109
199 192
200 55
201 18
202 18
203 42
0 178
1 113
2 24
3 64
4 83
5 66
6 72
7 131
8 22
9 155
10 26
11 86
12 25
13 71
14 147
15 195
16 97
17 143
18 179
19 135
20 191
21 186
22 56
23 116
24 32
25 97
26 37
27 135
28 143
29 166
30 147
31 125
32 196
33 104
34 95
35 108
36 17
37 149
38 148
39 40
40 91
41 154
42 163
43 82
44 87
45 198
46 142
47 202
48 56
49 143
50 117
51 190
52 194
53 196
54 184
55 62
56 83
57 95
58 65
59 199
60 43
61 99
62 175
63 201
64 89
65 56
66 180
67 103
68 160
69 54
70 115
71 118
72 195
73 194
74 171
75 14
76 164
77 176
78 117
79 140
80 96
81 150
82 138
83 34
84 3
85 57
86 109
87 88
88 56
89 156
90 103
91 89
92 19
93 82
94 188
95 86
96 194
97 69
98 72
99 7
100 150
101 137
102 71
103 169
104 117
105 145
106 25
107 77
108 77
109 77
110 33
111 142
112 164
113 165
114 197
115 153
116 181
117 35
118 79
119 40
120 104
121 193
122 14
123 121
124 1
125 35
126 189
127 25
128 142
129 122
130 10
131 134
132 197
133 123
134 79
135 111
136 170
137 31
138 87
139 163
140 144
141 114
142 170
143 188
144 22
145 153
146 182
147 198
148 186
149 141
150 90
151 150
152 74
153 140
154 145
155 148
156 190
157 105
158 138
159 198
160 15
161 115
162 90
163 98
164 152
165 110
166 97
167 67
168 128
169 36
170 188
171 115
172 34
173 200
174 159
175 0
176 134
177 52
178 42
179 101
180 110
181 112
182 189
183 182
184 104
185 185
186 73
187 185
188 145
189 48
190 11
191 122
192 200
193 115
194 116
195 28
196 152
197 46
198 180
199 192
200 87
201 30
202 18
203 109
