0 170
1 164
2 38
3 174
4 148
5 113
6 186
7 146
8 102
9 84
10 179
11 3
12 197
13 78
14 117
15 100
16 169
17 52
18 194
19 56
20 202
21 63
22 201
23 127
24 11
25 69
26 37
27 144
28 187
29 87
30 5
31 14
32 43
33 167
34 10
35 145
36 36
37 194
38 36
39 5
40 161
41 22
42 183
43 34
44 23
45 167
46 118
47 148
48 132
49 123
50 42
51 71
52 30
53 14
54 162
55 127
56 163
57 57
58 108
59 121
60 19
61 15
62 57
63 15
64 91
65 182
66 66
67 123
68 152
69 114
70 70
71 16
72 147
73 20
74 152
75 161
76 136
77 77
78 130
79 94
80 57
81 153
82 70
83 75
84 193
85 161
86 132
87 139
88 138
89 111
90 50
91 183
92 29
93 196
94 173
95 140
96 32
97 51
98 10
99 109
100 60
101 2
102 137
103 173
104 169
105 12
106 196
107 134
108 38
109 65
110 8
111 173
112 146
113 34
114 74
115 87
116 130
117 45
118 98
119 179
120 72
121 137
122 27
123 82
124 201
125 53
126 101
127 56
128 3
129 76
130 25
131 114
132 133
133 0
134 201
135 77
136 173
137 70
138 6
139 61
140 17
141 156
142 93
143 183
144 180
145 51
146 202
147 74
148 196
149 188
150 1
151 154
152 0
153 167
154 81
155 164
156 9
157 34
158 61
159 38
160 125
161 158
162 126
163 48
164 158
165 9
166 7
167 48
168 74
169 187
170 153
171 62
172 35
173 72
174 115
175 157
176 42
177 66
178 76
179 147
180 194
181 147
182 44
183 123
184 163
185 194
186 163
187 117
188 122
189 190
190 66
191 95
192 46
193 183
194 0
195 161
196 122
197 173
198 49
199 20
200 13
201 177
202 28
203 155
0 170
1 164
2 38
3 161
4 148
5 113
6 33
7 146
8 90
9 172
10 105
11 3
12 170
13 199
14 68
15 124
16 186
17 183
18 194
19 8
20 49
21 190
22 201
23 127
24 40
25 69
26 37
27 130
28 187
29 84
30 26
31 14
32 43
33 167
34 180
35 114
36 36
37 194
38 19
39 160
40 161
41 22
42 183
43 15
44 23
45 203
46 123
47 96
48 178
49 43
50 119
51 71
52 26
53 169
54 84
55 63
56 55
57 149
58 108
59 96
60 19
61 15
62 57
63 46
64 91
65 13
66 66
67 66
68 152
69 114
70 122
71 16
72 75
73 158
74 183
75 6
76 136
77 77
78 130
79 94
80 57
81 153
82 70
83 136
84 17
85 161
86 132
87 22
88 100
89 111
90 82
91 80
92 29
93 196
94 173
95 89
96 87
97 51
98 10
99 105
100 60
101 2
102 137
103 112
104 192
105 143
106 169
107 134
108 38
109 185
110 8
111 173
112 81
113 34
114 153
115 87
116 130
117 45
118 98
119 0
120 32
121 137
122 76
123 58
124 92
125 68
126 179
127 56
128 3
129 35
130 25
131 114
132 86
133 51
134 186
135 77
136 160
137 70
138 140
139 88
140 17
141 116
142 7
143 183
144 189
145 156
146 62
147 180
148 196
149 8
150 199
151 154
152 26
153 167
154 81
155 90
156 9
157 191
158 61
159 143
160 107
161 49
162 160
163 48
164 158
165 9
166 7
167 48
168 74
169 187
170 144
171 62
172 35
173 72
174 115
175 58
176 42
177 95
178 44
179 39
180 194
181 148
182 44
183 123
184 42
185 81
186 109
187 117
188 122
189 64
190 66
191 95
192 46
193 183
194 150
195 179
196 122
197 173
198 49
199 20
200 13
201 177
202 28
203 51
