0 123
1 98
2 27
3 159
4 130
5 60
6 102
7 107
8 62
9 60
10 163
11 112
12 56
13 136
14 38
15 177
16 79
17 157
18 138
19 89
20 70
21 3
22 139
23 164
24 2
25 147
26 75
27 84
28 61
29 148
30 66
31 165
32 165
33 14
34 178
35 155
36 123
37 19
38 5
39 128
40 122
41 179
42 65
43 38
44 201
45 171
46 34
47 117
48 38
49 20
50 185
51 41
52 37
53 149
54 87
55 133
56 67
57 73
58 85
59 91
60 42
61 84
62 6
63 116
64 58
65 92
66 35
67 179
68 149
69 172
70 100
71 26
72 193
73 7
74 25
75 12
76 53
77 189
78 129
79 50
80 160
81 116
82 174
83 187
84 170
85 70
86 5
87 137
88 129
89 195
90 31
91 131
92 175
93 188
94 159
95 9
96 17
97 21
98 55
99 36
100 105
101 48
102 28
103 104
104 24
105 134
106 133
107 199
108 160
109 167
110 68
111 121
112 146
113 172
114 92
115 43
116 10
117 135
118 154
119 187
120 61
121 150
122 111
123 49
124 125
125 136
126 60
127 47
128 24
129 143
130 111
131 98
132 101
133 182
134 23
135 92
136 71
137 28
138 68
139 196
140 48
141 191
142 111
143 171
144 86
145 181
146 20
147 178
148 128
149 58
150 161
151 150
152 104
153 0
154 5
155 14
156 148
157 69
158 111
159 163
160 134
161 59
162 78
163 136
164 0
165 79
166 46
167 75
168 199
169 153
170 170
171 117
172 151
173 203
174 67
175 117
176 89
177 180
178 104
179 146
180 76
181 14
182 18
183 89
184 80
185 124
186 138
187 13
188 32
189 174
190 6
191 138
192 73
193 132
194 18
195 154
196 89
197 180
198 56
199 49
200 66
201 38
202 70
203 76
0 123
1 98
2 153
3 152
4 130
5 64
6 11
7 107
8 76
9 97
10 36
11 112
12 56
13 70
14 90
15 100
16 79
17 36
18 55
19 168
20 70
21 3
22 34
23 147
24 113
25 147
26 75
27 84
28 61
29 183
30 130
31 165
32 201
33 14
34 178
35 95
36 123
37 19
38 81
39 128
40 158
41 17
42 65
43 86
44 201
45 171
46 34
47 117
48 38
49 87
50 185
51 28
52 37
53 39
54 95
55 133
56 67
57 160
58 55
59 91
60 63
61 84
62 168
63 8
64 156
65 46
66 35
67 179
68 149
69 172
70 88
71 26
72 133
73 52
74 140
75 67
76 79
77 60
78 129
79 85
80 130
81 116
82 178
83 77
84 137
85 70
86 5
87 137
88 129
89 80
90 151
91 131
92 175
93 56
94 159
95 9
96 77
97 21
98 55
99 32
100 105
101 48
102 28
103 167
104 7
105 134
106 133
107 89
108 160
109 167
110 68
111 51
112 146
113 172
114 31
115 43
116 10
117 50
118 177
119 203
120 148
121 0
122 111
123 49
124 94
125 136
126 199
127 47
128 24
129 143
130 86
131 7
132 101
133 136
134 23
135 92
136 78
137 17
138 174
139 141
140 71
141 123
142 20
143 171
144 86
145 181
146 20
147 104
148 128
149 19
150 161
151 150
152 131
153 112
154 5
155 14
156 148
157 69
158 59
159 163
160 134
161 59
162 78
163 90
164 0
165 79
166 27
167 75
168 199
169 121
170 86
171 117
172 151
173 116
174 39
175 117
176 88
177 62
178 104
179 146
180 76
181 160
182 18
183 89
184 42
185 29
186 138
187 13
188 32
189 21
190 78
191 138
192 1
193 121
194 20
195 51
196 89
197 61
198 202
199 49
200 16
201 38
202 70
203 94
