0 80
1 51
2 15
3 104
4 21
5 89
6 75
7 202
8 71
9 157
10 159
11 37
12 175
13 191
14 152
15 106
16 50
17 195
18 4
19 81
20 80
21 74
22 46
23 28
24 22
25 167
26 161
27 39
28 10
29 102
30 128
31 40
32 98
33 99
34 34
35 166
36 82
37 192
38 15
39 195
40 79
41 91
42 163
43 40
44 127
45 119
46 83
47 48
48 200
49 23
50 86
51 110
52 51
53 114
54 164
55 200
56 158
57 67
58 3
59 26
60 38
61 108
62 123
63 16
64 53
65 156
66 34
67 108
68 138
69 70
70 151
71 114
72 140
73 40
74 194
75 187
76 24
77 47
78 43
79 131
80 46
81 14
82 126
83 113
84 105
85 127
86 28
87 63
88 74
89 21
90 42
91 3
92 129
93 166
94 19
95 79
96 94
97 19
98 137
99 48
100 16
101 175
102 200
103 159
104 182
105 48
106 152
107 92
108 66
109 129
110 182
111 119
112 163
113 123
114 14
115 174
116 190
117 70
118 185
119 39
120 184
121 22
122 147
123 176
124 9
125 76
126 44
127 118
128 159
129 144
130 30
131 27
132 185
133 196
134 135
135 183
136 3
137 200
138 127
139 116
140 156
141 37
142 117
143 74
144 18
145 78
146 62
147 86
148 150
149 13
150 47
151 181
152 1
153 39
154 71
155 121
156 188
157 67
158 157
159 56
160 70
161 151
162 119
163 52
164 9
165 71
166 30
167 47
168 3
169 33
170 61
171 46
172 74
173 81
174 148
175 127
176 88
177 105
178 80
179 151
180 2
181 154
182 16
183 163
184 131
185 103
186 64
187 1
188 30
189 190
190 104
191 43
192 184
193 188
194 9
195 159
196 72
197 171
198 88
199 74
200 153
201 146
202 49
203 131
0 12
1 51
2 174
3 104
4 21
5 83
6 94
7 202
8 71
9 157
10 49
11 94
12 175
13 191
14 29
15 33
16 133
17 195
18 4
19 19
20 150
21 16
22 46
23 28
24 24
25 190
26 52
27 39
28 29
29 78
30 147
31 108
32 6
33 72
34 34
35 166
36 103
37 29
38 15
39 195
40 79
41 194
42 163
43 1
44 9
45 119
46 83
47 48
48 194
49 8
50 12
51 122
52 88
53 114
54 141
55 200
56 158
57 19
58 110
59 26
60 38
61 49
62 123
63 16
64 53
65 171
66 85
67 22
68 31
69 166
70 68
71 122
72 4
73 138
74 48
75 53
76 24
77 47
78 18
79 42
80 46
81 156
82 145
83 113
84 82
85 189
86 8
87 63
88 74
89 21
90 187
91 3
92 129
93 145
94 190
95 79
96 94
97 19
98 137
99 8
100 16
101 175
102 200
103 159
104 124
105 105
106 152
107 92
108 149
109 129
110 182
111 119
112 163
113 63
114 117
115 174
116 106
117 174
118 109
119 39
120 184
121 170
122 69
123 175
124 13
125 76
126 167
127 82
128 159
129 177
130 11
131 155
132 100
133 156
134 26
135 162
136 3
137 95
138 148
139 116
140 161
141 37
142 117
143 32
144 33
145 44
146 62
147 86
148 17
149 13
150 47
151 181
152 62
153 145
154 197
155 121
156 188
157 67
158 159
159 56
160 111
161 98
162 89
163 171
164 9
165 131
166 39
167 98
168 3
169 33
170 150
171 50
172 99
173 81
174 69
175 41
176 88
177 122
178 102
179 22
180 18
181 134
182 16
183 163
184 182
185 70
186 64
187 1
188 35
189 190
190 186
191 3
192 38
193 150
194 44
195 162
196 72
197 191
198 88
199 12
200 75
201 171
202 25
203 19
