0 137
1 30
2 89
3 198
4 101
5 76
6 30
7 79
8 189
9 82
10 47
11 169
12 19
13 171
14 190
15 203
16 181
17 27
18 100
19 183
20 103
21 132
22 83
23 161
24 30
25 39
26 191
27 9
28 180
29 172
30 176
31 187
32 2
33 185
34 45
35 74
36 198
37 133
38 0
39 150
40 112
41 193
42 161
43 11
44 166
45 179
46 96
47 170
48 31
49 53
50 15
51 1
52 189
53 88
54 126
55 34
56 148
57 45
58 86
59 127
60 202
61 0
62 57
63 111
64 33
65 94
66 73
67 89
68 48
69 119
70 13
71 183
72 12
73 2
74 10
75 196
76 198
77 21
78 48
79 102
80 195
81 57
82 189
83 169
84 69
85 69
86 116
87 184
88 117
89 10
90 144
91 121
92 101
93 101
94 84
95 35
96 17
97 154
98 43
99 67
100 87
101 55
102 14
103 193
104 193
105 43
106 120
107 4
108 72
109 125
110 93
111 181
112 155
113 93
114 155
115 59
116 118
117 134
118 107
119 46
120 95
121 137
122 182
123 127
124 147
125 24
126 130
127 32
128 25
129 174
130 93
131 173
132 179
133 33
134 30
135 86
136 171
137 138
138 201
139 24
140 111
141 142
142 118
143 197
144 198
145 194
146 40
147 42
148 49
149 202
150 183
151 61
152 27
153 124
154 53
155 6
156 24
157 14
158 78
159 69
160 76
161 20
162 15
163 137
164 45
165 3
166 65
167 5
168 121
169 43
170 194
171 90
172 23
173 105
174 3
175 151
176 168
177 62
178 29
179 28
180 177
181 157
182 90
183 32
184 106
185 4
186 65
187 178
188 58
189 34
190 15
191 70
192 109
193 120
194 116
195 169
196 48
197 199
198 19
199 86
200 83
201 187
202 81
203 10
0 137
1 145
2 58
3 198
4 97
5 76
6 30
7 79
8 189
9 82
10 47
11 191
12 19
13 196
14 164
15 64
16 150
17 27
18 144
19 43
20 103
21 155
22 83
23 161
24 194
25 128
26 191
27 9
28 170
29 172
30 176
31 144
32 2
33 127
34 46
35 184
36 198
37 133
38 0
39 50
40 112
41 80
42 12
43 11
44 178
45 41
46 96
47 170
48 31
49 53
50 79
51 1
52 189
53 22
54 177
55 1
56 148
57 45
58 86
59 58
60 136
61 135
62 72
63 129
64 128
65 94
66 73
67 63
68 48
69 119
70 129
71 183
72 110
73 2
74 10
75 196
76 190
77 32
78 102
79 34
80 195
81 154
82 189
83 69
84 190
85 69
86 116
87 161
88 117
89 169
90 144
91 121
92 175
93 44
94 84
95 121
96 148
97 87
98 169
99 106
100 87
101 55
102 14
103 193
104 147
105 43
106 82
107 116
108 72
109 157
110 154
111 181
112 124
113 93
114 76
115 72
116 177
117 118
118 131
119 151
120 166
121 137
122 177
123 127
124 147
125 90
126 67
127 183
128 164
129 138
130 52
131 177
132 179
133 33
134 30
135 86
136 171
137 147
138 156
139 126
140 199
141 142
142 118
143 97
144 198
145 171
146 40
147 59
148 53
149 202
150 163
151 126
152 27
153 124
154 57
155 6
156 67
157 109
158 167
159 69
160 51
161 20
162 15
163 110
164 20
165 162
166 65
167 201
168 142
169 43
170 194
171 154
172 23
173 105
174 128
175 151
176 168
177 62
178 41
179 28
180 177
181 157
182 38
183 42
184 106
185 48
186 15
187 1
188 58
189 173
190 15
191 8
192 114
193 120
194 77
195 169
196 134
197 67
198 19
199 86
200 20
201 194
202 81
203 10
