0 202
1 129
2 83
3 171
4 170
5 124
6 164
7 96
8 192
9 82
10 75
11 4
12 17
13 52
14 164
15 127
16 12
17 28
18 81
19 104
20 202
21 31
22 164
23 93
24 154
25 44
26 38
27 23
28 20
29 139
30 152
31 74
32 36
33 135
34 170
35 86
36 171
37 185
38 123
39 45
40 48
41 63
42 14
43 153
44 33
45 115
46 157
47 26
48 170
49 93
50 98
51 78
52 62
53 145
54 67
55 94
56 162
57 161
58 89
59 48
60 64
61 66
62 13
63 29
64 36
65 193
66 139
67 157
68 185
69 164
70 95
71 192
72 96
73 60
74 41
75 178
76 142
77 3
78 67
79 144
80 6
81 188
82 147
83 105
84 169
85 87
86 131
87 69
88 38
89 45
90 36
91 48
92 81
93 201
94 184
95 61
96 68
97 87
98 97
99 9
100 95
101 185
102 10
103 115
104 168
105 115
106 105
107 8
108 167
109 4
110 124
111 133
112 140
113 171
114 96
115 23
116 172
117 187
118 21
119 154
120 116
121 39
122 42
123 81
124 41
125 72
126 61
127 161
128 104
129 105
130 98
131 74
132 52
133 110
134 98
135 114
136 88
137 127
138 19
139 45
140 76
141 162
142 68
143 154
144 99
145 114
146 41
147 18
148 30
149 174
150 92
151 8
152 58
153 180
154 76
155 154
156 78
157 69
158 121
159 49
160 31
161 95
162 18
163 62
164 138
165 194
166 16
167 26
168 181
169 133
170 57
171 69
172 123
173 170
174 140
175 180
176 165
177 106
178 200
179 138
180 94
181 23
182 191
183 21
184 109
185 156
186 100
187 71
188 43
189 114
190 157
191 40
192 142
193 111
194 178
195 24
196 88
197 32
198 170
199 118
200 8
201 134
202 190
203 156
0 8
1 129
2 176
3 171
4 170
5 75
6 173
7 96
8 145
9 110
10 57
11 4
12 17
13 52
14 163
15 170
16 12
17 28
18 81
19 104
20 82
21 133
22 164
23 93
24 194
25 42
26 181
27 23
28 177
29 139
30 152
31 74
32 9
33 23
34 148
35 3
36 171
37 147
38 162
39 45
40 48
41 3
42 112
43 153
44 196
45 115
46 141
47 26
48 154
49 93
50 49
51 152
52 68
53 145
54 67
55 94
56 162
57 161
58 64
59 145
60 197
61 66
62 54
63 98
64 36
65 193
66 139
67 190
68 109
69 164
70 95
71 192
72 42
73 43
74 41
75 178
76 142
77 59
78 140
79 195
80 154
81 188
82 11
83 20
84 169
85 87
86 13
87 55
88 148
89 45
90 8
91 48
92 81
93 201
94 184
95 42
96 68
97 1
98 94
99 9
100 119
101 185
102 10
103 115
104 168
105 115
106 181
107 8
108 11
109 4
110 26
111 19
112 140
113 171
114 96
115 1
116 160
117 187
118 19
119 154
120 116
121 19
122 23
123 77
124 41
125 159
126 61
127 161
128 8
129 105
130 53
131 112
132 55
133 97
134 98
135 75
136 88
137 91
138 19
139 45
140 119
141 156
142 31
143 142
144 99
145 114
146 41
147 90
148 138
149 45
150 92
151 113
152 22
153 87
154 194
155 44
156 24
157 102
158 121
159 4
160 126
161 95
162 160
163 62
164 193
165 194
166 49
167 107
168 64
169 133
170 57
171 109
172 123
173 170
174 140
175 180
176 165
177 106
178 202
179 138
180 94
181 23
182 171
183 21
184 109
185 43
186 100
187 15
188 100
189 100
190 157
191 133
192 81
193 111
194 57
195 14
196 84
197 32
198 170
199 23
200 29
201 134
202 190
203 12
