0 110
1 20
2 125
3 166
4 200
5 154
6 69
7 72
8 2
9 136
10 197
11 145
12 195
13 155
14 138
15 33
16 47
17 75
18 143
19 38
20 89
21 173
22 85
23 19
24 7
25 98
26 104
27 183
28 16
29 28
30 65
31 134
32 74
33 55
34 0
35 10
36 53
37 135
38 188
39 28
40 30
41 142
42 15
43 19
44 68
45 182
46 27
47 191
48 34
49 182
50 199
51 11
52 163
53 120
54 102
55 142
56 1
57 175
58 27
59 121
60 117
61 26
62 67
63 178
64 27
65 17
66 47
67 171
68 118
69 78
70 41
71 161
72 29
73 176
74 142
75 7
76 119
77 176
78 183
79 196
80 68
81 195
82 41
83 163
84 169
85 41
86 172
87 39
88 69
89 193
90 57
91 154
92 47
93 106
94 156
95 108
96 183
97 63
98 27
99 18
100 146
101 60
102 152
103 54
104 36
105 115
106 62
107 35
108 74
109 200
110 56
111 104
112 118
113 153
114 15
115 159
116 113
117 137
118 170
119 196
120 179
121 70
122 4
123 129
124 155
125 81
126 142
127 124
128 194
129 48
130 116
131 162
132 188
133 35
134 86
135 81
136 26
137 139
138 175
139 105
140 26
141 148
142 98
143 103
144 92
145 85
146 175
147 127
148 97
149 91
150 78
151 15
152 85
153 85
154 79
155 30
156 75
157 114
158 19
159 34
160 97
161 186
162 8
163 160
164 61
165 132
166 190
167 136
168 57
169 24
170 22
171 188
172 73
173 115
174 113
175 172
176 147
177 76
178 70
179 32
180 199
181 168
182 102
183 78
184 140
185 130
186 179
187 60
188 8
189 13
190 192
191 191
192 102
193 84
194 44
195 96
196 58
197 174
198 93
199 131
200 153
201 83
202 178
203 80
0 110
1 108
2 97
3 98
4 81
5 154
6 132
7 180
8 2
9 136
10 197
11 156
12 5
13 97
14 30
15 182
16 33
17 171
18 115
19 38
20 89
21 173
22 25
23 132
24 7
25 98
26 122
27 183
28 49
29 28
30 65
31 145
32 74
33 157
34 29
35 118
36 15
37 135
38 188
39 28
40 59
41 154
42 160
43 19
44 116
45 107
46 27
47 113
48 34
49 182
50 200
51 148
52 85
53 37
54 102
55 16
56 180
57 119
58 27
59 121
60 117
61 26
62 67
63 178
64 27
65 17
66 165
67 171
68 118
69 78
70 195
71 176
72 29
73 115
74 54
75 7
76 119
77 55
78 85
79 119
80 68
81 157
82 41
83 163
84 79
85 41
86 186
87 162
88 10
89 193
90 57
91 190
92 152
93 106
94 17
95 0
96 153
97 154
98 71
99 170
100 152
101 60
102 152
103 190
104 176
105 24
106 62
107 32
108 40
109 122
110 56
111 66
112 94
113 54
114 15
115 75
116 113
117 137
118 171
119 196
120 179
121 70
122 25
123 120
124 155
125 159
126 142
127 25
128 2
129 126
130 109
131 15
132 159
133 146
134 32
135 39
136 46
137 139
138 159
139 175
140 119
141 83
142 22
143 164
144 92
145 85
146 175
147 127
148 188
149 89
150 146
151 188
152 172
153 85
154 79
155 81
156 162
157 203
158 19
159 184
160 97
161 156
162 60
163 48
164 166
165 125
166 190
167 80
168 57
169 25
170 57
171 188
172 73
173 115
174 23
175 172
176 147
177 76
178 85
179 187
180 76
181 122
182 102
183 78
184 140
185 85
186 58
187 58
188 37
189 13
190 192
191 129
192 102
193 84
194 180
195 22
196 58
197 93
198 81
199 57
200 182
201 83
202 178
203 71
