0 110
1 268
2 51
3 278
4 298
5 154
6 173
7 48
8 257
9 170
10 11
11 100
12 314
13 5
14 214
15 102
16 276
17 108
18 76
19 167
20 145
21 10
22 169
23 14
24 46
25 133
26 145
27 1
28 14
29 146
30 182
31 270
32 212
33 240
34 105
35 245
36 187
37 301
38 236
39 142
40 271
41 209
42 46
43 153
44 90
45 69
46 280
47 28
48 263
49 198
50 108
51 58
52 289
53 121
54 283
55 17
56 65
57 203
58 68
59 147
60 140
61 179
62 34
63 225
64 152
65 142
66 232
67 128
68 39
69 192
70 202
71 222
72 253
73 109
74 170
75 124
76 126
77 78
78 21
79 253
80 126
81 4
82 190
83 296
84 255
85 4
86 261
87 11
88 71
89 0
90 52
91 140
92 312
93 74
94 217
95 16
96 145
97 88
98 263
99 45
100 299
101 309
102 168
103 85
104 244
105 72
106 261
107 158
108 91
109 105
110 45
111 304
112 1
113 114
114 23
115 286
116 81
117 34
118 155
119 247
120 293
121 11
122 288
123 158
124 56
125 304
126 312
127 287
128 261
129 68
130 33
131 50
132 83
133 126
134 26
135 117
136 80
137 279
138 297
139 247
140 274
141 120
142 181
143 220
144 59
145 216
146 23
147 298
148 159
149 151
150 142
151 150
152 188
153 286
154 212
155 309
156 276
157 254
158 16
159 123
160 74
161 37
162 68
163 278
164 135
165 144
166 162
167 67
168 154
169 120
170 164
171 50
172 52
173 215
174 274
175 83
176 251
177 183
178 31
179 66
180 167
181 193
182 180
183 226
184 102
185 223
186 312
187 7
188 232
189 15
190 265
191 145
192 82
193 209
194 83
195 65
196 279
197 161
198 11
199 308
200 260
201 36
202 284
203 147
204 141
205 118
206 24
207 115
208 304
209 0
210 86
211 213
212 147
213 67
214 4
215 146
216 269
217 196
218 237
219 176
220 154
221 223
222 232
223 80
224 90
225 70
226 32
227 234
228 118
229 240
230 297
231 292
232 147
233 5
234 308
235 217
236 267
237 174
238 213
239 19
240 241
241 157
242 30
243 127
244 131
245 233
246 234
247 293
248 135
249 199
250 266
251 26
252 32
253 146
254 236
255 21
256 202
257 86
258 270
259 108
260 62
261 81
262 245
263 303
264 187
265 121
266 284
267 286
268 58
269 274
270 141
271 241
272 17
273 77
274 35
275 288
276 142
277 311
278 6
279 163
280 0
281 222
282 257
283 178
284 51
285 203
286 287
287 309
288 236
289 9
290 37
291 274
292 39
293 281
294 221
295 105
296 206
297 19
298 300
299 19
300 137
301 279
302 281
303 136
304 254
305 20
306 95
307 62
308 48
309 222
310 67
311 291
312 215
313 22
314 287
315 113
316 63
0 110
1 77
2 215
3 223
4 202
5 154
6 97
7 48
8 257
9 170
10 147
11 310
12 51
13 5
14 214
15 102
16 276
17 271
18 76
19 167
20 145
21 222
22 55
23 79
24 270
25 133
26 145
27 1
28 14
29 162
30 77
31 269
32 61
33 153
34 65
35 155
36 315
37 301
38 236
39 142
40 78
41 209
42 46
43 187
44 90
45 69
46 126
47 78
48 263
49 198
50 262
51 32
52 25
53 159
54 240
55 37
56 288
57 203
58 227
59 147
60 237
61 177
62 34
63 182
64 236
65 8
66 232
67 128
68 268
69 221
70 286
71 222
72 253
73 109
74 315
75 80
76 126
77 118
78 159
79 253
80 58
81 125
82 101
83 301
84 93
85 39
86 64
87 65
88 71
89 272
90 92
91 89
92 312
93 99
94 217
95 16
96 8
97 274
98 263
99 45
100 299
101 309
102 292
103 85
104 244
105 72
106 154
107 241
108 27
109 307
110 115
111 304
112 1
113 114
114 223
115 197
116 81
117 69
118 271
119 11
120 10
121 11
122 288
123 158
124 64
125 240
126 312
127 131
128 71
129 22
130 116
131 140
132 250
133 126
134 26
135 14
136 219
137 250
138 55
139 13
140 313
141 220
142 181
143 82
144 59
145 101
146 53
147 298
148 159
149 151
150 72
151 286
152 305
153 286
154 185
155 111
156 276
157 254
158 63
159 232
160 231
161 81
162 68
163 137
164 135
165 144
166 277
167 132
168 243
169 121
170 164
171 50
172 55
173 259
174 5
175 107
176 233
177 129
178 31
179 66
180 167
181 118
182 180
183 250
184 104
185 223
186 312
187 27
188 232
189 292
190 307
191 145
192 167
193 209
194 83
195 65
196 279
197 156
198 79
199 308
200 65
201 237
202 284
203 147
204 141
205 226
206 200
207 115
208 304
209 61
210 97
211 270
212 147
213 67
214 213
215 72
216 82
217 282
218 237
219 237
220 97
221 213
222 78
223 80
224 90
225 70
226 244
227 234
228 118
229 292
230 216
231 286
232 147
233 282
234 257
235 235
236 113
237 168
238 213
239 12
240 225
241 157
242 30
243 206
244 2
245 233
246 294
247 166
248 226
249 179
250 163
251 193
252 32
253 309
254 236
255 192
256 202
257 55
258 87
259 47
260 176
261 81
262 245
263 303
264 213
265 121
266 245
267 286
268 245
269 274
270 141
271 69
272 17
273 77
274 130
275 288
276 49
277 119
278 6
279 191
280 182
281 204
282 81
283 110
284 37
285 203
286 180
287 309
288 236
289 79
290 209
291 202
292 144
293 281
294 221
295 299
296 204
297 19
298 21
299 19
300 80
301 279
302 29
303 136
304 58
305 119
306 95
307 25
308 305
309 53
310 125
311 21
312 210
313 22
314 46
315 281
316 63
