0 287
1 128
2 203
3 224
4 283
5 126
6 92
7 27
8 195
9 266
10 170
11 248
12 257
13 242
14 26
15 293
16 53
17 46
18 288
19 273
20 310
21 221
22 223
23 305
24 6
25 43
26 214
27 198
28 313
29 187
30 44
31 189
32 269
33 54
34 96
35 16
36 244
37 141
38 236
39 187
40 78
41 12
42 296
43 125
44 182
45 203
46 226
47 304
48 278
49 62
50 39
51 267
52 181
53 36
54 26
55 25
56 103
57 113
58 60
59 274
60 119
61 120
62 189
63 174
64 45
65 114
66 206
67 214
68 250
69 213
70 140
71 85
72 58
73 38
74 110
75 244
76 223
77 64
78 272
79 268
80 237
81 214
82 108
83 181
84 177
85 210
86 233
87 141
88 310
89 197
90 0
91 128
92 272
93 78
94 146
95 278
96 126
97 35
98 189
99 80
100 202
101 315
102 131
103 153
104 34
105 2
106 59
107 112
108 143
109 221
110 265
111 42
112 27
113 223
114 215
115 172
116 7
117 107
118 161
119 124
120 246
121 86
122 69
123 50
124 180
125 191
126 50
127 186
128 259
129 288
130 209
131 76
132 21
133 87
134 222
135 160
136 70
137 197
138 38
139 286
140 287
141 191
142 95
143 199
144 239
145 136
146 159
147 232
148 46
149 241
150 303
151 166
152 216
153 160
154 70
155 313
156 182
157 121
158 300
159 154
160 104
161 160
162 142
163 135
164 278
165 108
166 0
167 54
168 223
169 107
170 48
171 139
172 187
173 309
174 19
175 165
176 127
177 224
178 91
179 70
180 68
181 247
182 169
183 14
184 271
185 192
186 110
187 114
188 105
189 250
190 179
191 84
192 265
193 117
194 114
195 296
196 162
197 21
198 58
199 108
200 219
201 276
202 247
203 259
204 224
205 315
206 88
207 140
208 125
209 309
210 204
211 296
212 86
213 306
214 95
215 123
216 194
217 111
218 214
219 178
220 233
221 2
222 296
223 312
224 74
225 297
226 75
227 71
228 297
229 36
230 314
231 91
232 271
233 139
234 166
235 33
236 85
237 247
238 145
239 103
240 239
241 271
242 62
243 247
244 146
245 269
246 250
247 131
248 303
249 155
250 199
251 294
252 66
253 195
254 103
255 202
256 72
257 213
258 85
259 45
260 21
261 4
262 136
263 139
264 107
265 291
266 247
267 176
268 297
269 154
270 21
271 142
272 139
273 7
274 8
275 42
276 226
277 220
278 100
279 75
280 281
281 111
282 157
283 285
284 293
285 223
286 74
287 133
288 26
289 73
290 134
291 298
292 126
293 240
294 46
295 77
296 213
297 278
298 161
299 175
300 282
301 18
302 12
303 307
304 51
305 122
306 4
307 83
308 192
309 219
310 53
311 203
312 101
313 99
314 246
315 97
316 160
0 287
1 128
2 203
3 29
4 222
5 126
6 92
7 27
8 11
9 266
10 283
11 79
12 207
13 242
14 26
15 237
16 87
17 49
18 140
19 273
20 218
21 221
22 81
23 299
24 6
25 43
26 243
27 295
28 313
29 111
30 271
31 169
32 109
33 54
34 96
35 19
36 211
37 193
38 236
39 301
40 196
41 12
42 266
43 125
44 297
45 302
46 149
47 304
48 278
49 62
50 235
51 36
52 9
53 38
54 26
55 159
56 159
57 113
58 26
59 115
60 43
61 120
62 189
63 174
64 257
65 114
66 206
67 181
68 250
69 213
70 274
71 85
72 58
73 81
74 110
75 180
76 223
77 64
78 195
79 224
80 237
81 214
82 108
83 181
84 177
85 210
86 201
87 141
88 310
89 250
90 0
91 234
92 272
93 78
94 161
95 220
96 258
97 115
98 99
99 80
100 202
101 11
102 131
103 232
104 251
105 316
106 59
107 313
108 143
109 172
110 90
111 42
112 83
113 223
114 164
115 172
116 7
117 107
118 136
119 124
120 244
121 35
122 102
123 283
124 240
125 233
126 193
127 63
128 27
129 165
130 199
131 88
132 194
133 119
134 222
135 67
136 70
137 223
138 38
139 286
140 316
141 218
142 95
143 199
144 246
145 51
146 306
147 182
148 171
149 299
150 172
151 166
152 23
153 75
154 70
155 313
156 174
157 121
158 84
159 117
160 126
161 243
162 142
163 198
164 278
165 114
166 125
167 98
168 68
169 41
170 48
171 304
172 187
173 182
174 19
175 165
176 127
177 200
178 295
179 117
180 104
181 247
182 169
183 14
184 271
185 192
186 299
187 55
188 307
189 250
190 193
191 295
192 169
193 117
194 114
195 95
196 162
197 18
198 202
199 307
200 219
201 276
202 266
203 259
204 224
205 315
206 88
207 173
208 125
209 282
210 171
211 255
212 86
213 306
214 95
215 146
216 285
217 111
218 159
219 178
220 124
221 306
222 296
223 312
224 102
225 34
226 92
227 71
228 78
229 36
230 314
231 302
232 271
233 74
234 166
235 212
236 304
237 198
238 253
239 103
240 239
241 271
242 62
243 0
244 136
245 283
246 38
247 280
248 100
249 155
250 102
251 58
252 66
253 195
254 109
255 202
256 275
257 213
258 175
259 262
260 21
261 4
262 136
263 91
264 121
265 291
266 247
267 67
268 297
269 154
270 113
271 142
272 139
273 85
274 79
275 42
276 248
277 176
278 100
279 92
280 92
281 142
282 275
283 285
284 293
285 223
286 280
287 259
288 26
289 73
290 134
291 298
292 126
293 262
294 46
295 77
296 213
297 44
298 287
299 85
300 282
301 152
302 116
303 307
304 158
305 239
306 172
307 152
308 293
309 156
310 53
311 202
312 81
313 101
314 313
315 74
316 240
