0 110
1 223
2 33
3 99
4 263
5 106
6 166
7 155
8 260
9 72
10 281
11 164
12 153
13 221
14 188
15 78
16 255
17 35
18 142
19 55
20 105
21 131
22 223
23 213
24 111
25 285
26 214
27 285
28 208
29 136
30 123
31 222
32 313
33 87
34 173
35 99
36 158
37 209
38 250
39 66
40 303
41 56
42 114
43 131
44 301
45 226
46 251
47 140
48 186
49 306
50 165
51 167
52 164
53 248
54 208
55 142
56 224
57 265
58 34
59 170
60 211
61 255
62 283
63 230
64 132
65 247
66 237
67 227
68 241
69 177
70 43
71 105
72 194
73 182
74 38
75 231
76 15
77 119
78 261
79 239
80 208
81 11
82 103
83 220
84 186
85 17
86 175
87 268
88 186
89 266
90 203
91 38
92 315
93 269
94 128
95 115
96 14
97 155
98 125
99 313
100 307
101 263
102 76
103 195
104 311
105 305
106 113
107 43
108 13
109 168
110 23
111 199
112 215
113 280
114 77
115 29
116 172
117 208
118 16
119 118
120 48
121 69
122 179
123 284
124 111
125 90
126 8
127 111
128 263
129 268
130 147
131 239
132 150
133 78
134 68
135 132
136 163
137 56
138 64
139 191
140 307
141 282
142 195
143 257
144 249
145 160
146 214
147 28
148 208
149 20
150 35
151 147
152 293
153 134
154 302
155 22
156 149
157 206
158 111
159 301
160 149
161 38
162 311
163 285
164 215
165 116
166 253
167 53
168 108
169 159
170 85
171 237
172 2
173 235
174 160
175 295
176 229
177 0
178 30
179 18
180 139
181 213
182 106
183 312
184 302
185 82
186 305
187 250
188 60
189 217
190 126
191 3
192 254
193 293
194 72
195 298
196 8
197 92
198 66
199 54
200 20
201 301
202 268
203 128
204 229
205 281
206 142
207 126
208 202
209 153
210 16
211 89
212 157
213 220
214 71
215 201
216 302
217 189
218 279
219 59
220 15
221 107
222 157
223 102
224 108
225 250
226 79
227 70
228 3
229 242
230 1
231 300
232 31
233 288
234 90
235 297
236 228
237 78
238 31
239 146
240 104
241 48
242 198
243 9
244 274
245 265
246 277
247 57
248 26
249 229
250 217
251 193
252 67
253 68
254 14
255 254
256 14
257 123
258 29
259 14
260 158
261 93
262 35
263 74
264 141
265 155
266 233
267 30
268 231
269 145
270 28
271 197
272 157
273 310
274 204
275 56
276 166
277 140
278 37
279 175
280 145
281 14
282 136
283 197
284 194
285 115
286 153
287 57
288 9
289 235
290 298
291 211
292 150
293 185
294 118
295 74
296 21
297 37
298 217
299 199
300 58
301 123
302 22
303 206
304 104
305 14
306 304
307 279
308 298
309 314
310 47
311 83
312 0
313 79
314 264
315 57
316 265
0 194
1 149
2 290
3 99
4 263
5 106
6 163
7 155
8 260
9 72
10 281
11 231
12 153
13 262
14 90
15 288
16 255
17 35
18 291
19 55
20 54
21 268
22 165
23 108
24 111
25 285
26 179
27 285
28 153
29 208
30 123
31 222
32 313
33 309
34 173
35 96
36 118
37 169
38 250
39 33
40 303
41 56
42 8
43 11
44 301
45 70
46 61
47 89
48 186
49 306
50 165
51 167
52 164
53 164
54 208
55 142
56 115
57 265
58 88
59 170
60 80
61 255
62 240
63 230
64 132
65 247
66 105
67 277
68 241
69 139
70 43
71 300
72 194
73 182
74 38
75 38
76 15
77 102
78 258
79 308
80 253
81 11
82 103
83 220
84 186
85 69
86 8
87 268
88 186
89 266
90 139
91 134
92 285
93 156
94 128
95 89
96 14
97 155
98 200
99 63
100 307
101 263
102 76
103 132
104 311
105 305
106 3
107 198
108 143
109 60
110 23
111 198
112 215
113 153
114 71
115 6
116 172
117 208
118 75
119 289
120 48
121 66
122 179
123 92
124 305
125 90
126 18
127 245
128 316
129 268
130 115
131 239
132 268
133 223
134 267
135 132
136 1
137 56
138 51
139 191
140 307
141 282
142 314
143 257
144 249
145 160
146 214
147 295
148 208
149 182
150 138
151 147
152 293
153 249
154 200
155 22
156 167
157 217
158 111
159 301
160 149
161 38
162 39
163 299
164 215
165 116
166 76
167 53
168 108
169 313
170 285
171 96
172 44
173 144
174 136
175 295
176 229
177 252
178 30
179 18
180 139
181 21
182 15
183 312
184 302
185 82
186 258
187 250
188 303
189 224
190 0
191 225
192 254
193 175
194 72
195 298
196 114
197 18
198 66
199 54
200 43
201 301
202 127
203 128
204 229
205 80
206 238
207 126
208 50
209 73
210 236
211 89
212 241
213 1
214 260
215 48
216 131
217 81
218 91
219 59
220 15
221 107
222 31
223 244
224 108
225 171
226 79
227 70
228 177
229 67
230 1
231 300
232 31
233 252
234 170
235 297
236 228
237 191
238 65
239 146
240 104
241 48
242 72
243 6
244 45
245 40
246 68
247 191
248 26
249 229
250 116
251 193
252 62
253 52
254 14
255 188
256 14
257 123
258 29
259 14
260 158
261 93
262 175
263 74
264 253
265 80
266 117
267 271
268 231
269 84
270 76
271 197
272 157
273 113
274 204
275 56
276 166
277 140
278 37
279 2
280 145
281 14
282 199
283 91
284 300
285 115
286 78
287 57
288 9
289 275
290 298
291 211
292 150
293 185
294 118
295 74
296 64
297 37
298 121
299 199
300 58
301 20
302 169
303 206
304 104
305 153
306 304
307 279
308 298
309 234
310 47
311 83
312 232
313 130
314 264
315 127
316 265
