0 25
1 272
2 90
3 30
4 91
5 84
6 284
7 189
8 168
9 49
10 156
11 205
12 154
13 310
14 133
15 80
16 18
17 61
18 145
19 33
20 35
21 236
22 65
23 47
24 88
25 199
26 288
27 172
28 76
29 122
30 159
31 251
32 311
33 116
34 220
35 135
36 5
37 39
38 70
39 4
40 14
41 214
42 48
43 95
44 209
45 36
46 203
47 140
48 195
49 82
50 156
51 50
52 149
53 74
54 127
55 204
56 151
57 166
58 151
59 66
60 86
61 138
62 168
63 274
64 141
65 266
66 83
67 235
68 265
69 229
70 50
71 115
72 278
73 103
74 84
75 87
76 55
77 302
78 165
79 58
80 293
81 249
82 212
83 120
84 53
85 223
86 120
87 313
88 233
89 37
90 115
91 22
92 239
93 51
94 304
95 173
96 287
97 4
98 41
99 246
100 161
101 93
102 29
103 237
104 11
105 298
106 171
107 163
108 93
109 228
110 190
111 37
112 268
113 77
114 9
115 236
116 222
117 30
118 259
119 246
120 135
121 7
122 293
123 38
124 93
125 146
126 263
127 285
128 159
129 248
130 173
131 221
132 87
133 299
134 150
135 75
136 26
137 14
138 230
139 195
140 135
141 287
142 130
143 283
144 310
145 53
146 144
147 180
148 4
149 38
150 25
151 9
152 230
153 70
154 215
155 82
156 79
157 90
158 197
159 32
160 60
161 280
162 66
163 230
164 276
165 270
166 106
167 43
168 50
169 315
170 222
171 111
172 15
173 51
174 242
175 99
176 122
177 67
178 125
179 271
180 120
181 26
182 112
183 150
184 266
185 117
186 103
187 97
188 239
189 87
190 88
191 114
192 287
193 209
194 249
195 107
196 71
197 51
198 129
199 99
200 7
201 258
202 70
203 228
204 72
205 107
206 303
207 215
208 166
209 265
210 69
211 309
212 142
213 223
214 263
215 172
216 83
217 49
218 158
219 256
220 259
221 138
222 194
223 211
224 302
225 249
226 71
227 169
228 8
229 228
230 220
231 169
232 245
233 242
234 241
235 86
236 170
237 138
238 12
239 60
240 75
241 98
242 28
243 238
244 276
245 190
246 245
247 228
248 234
249 51
250 131
251 59
252 150
253 22
254 181
255 28
256 61
257 180
258 199
259 259
260 303
261 279
262 99
263 151
264 159
265 7
266 253
267 275
268 45
269 84
270 195
271 207
272 123
273 107
274 215
275 106
276 78
277 202
278 278
279 71
280 147
281 91
282 241
283 93
284 48
285 180
286 119
287 165
288 222
289 192
290 203
291 157
292 316
293 87
294 29
295 297
296 137
297 57
298 143
299 239
300 240
301 261
302 38
303 213
304 200
305 22
306 266
307 115
308 111
309 275
310 65
311 65
312 75
313 152
314 215
315 244
316 290
0 25
1 272
2 90
3 162
4 91
5 68
6 15
7 310
8 168
9 49
10 156
11 4
12 154
13 310
14 133
15 80
16 39
17 61
18 245
19 33
20 220
21 236
22 185
23 47
24 88
25 286
26 177
27 172
28 239
29 253
30 159
31 166
32 311
33 9
34 220
35 135
36 5
37 39
38 70
39 47
40 14
41 106
42 48
43 95
44 209
45 36
46 61
47 285
48 195
49 258
50 156
51 50
52 149
53 147
54 309
55 204
56 241
57 166
58 245
59 245
60 258
61 85
62 23
63 274
64 141
65 266
66 85
67 235
68 243
69 229
70 117
71 178
72 278
73 296
74 93
75 87
76 55
77 302
78 49
79 205
80 293
81 29
82 212
83 280
84 53
85 296
86 120
87 313
88 312
89 168
90 115
91 279
92 173
93 51
94 140
95 173
96 287
97 190
98 41
99 246
100 161
101 153
102 29
103 244
104 150
105 155
106 171
107 10
108 33
109 139
110 190
111 37
112 56
113 77
114 9
115 236
116 222
117 74
118 205
119 301
120 135
121 227
122 196
123 45
124 124
125 146
126 263
127 285
128 89
129 248
130 203
131 286
132 149
133 299
134 150
135 187
136 26
137 309
138 230
139 195
140 176
141 287
142 130
143 154
144 310
145 53
146 13
147 180
148 296
149 59
150 25
151 204
152 230
153 300
154 215
155 31
156 79
157 90
158 197
159 32
160 36
161 280
162 222
163 241
164 276
165 270
166 195
167 224
168 133
169 315
170 179
171 156
172 285
173 197
174 265
175 302
176 122
177 112
178 268
179 271
180 120
181 26
182 26
183 145
184 305
185 184
186 103
187 97
188 239
189 65
190 256
191 168
192 58
193 36
194 249
195 107
196 71
197 149
198 129
199 99
200 7
201 151
202 70
203 46
204 72
205 107
206 303
207 199
208 225
209 133
210 181
211 125
212 142
213 56
214 263
215 297
216 173
217 49
218 158
219 309
220 259
221 138
222 225
223 106
224 302
225 110
226 133
227 169
228 8
229 228
230 220
231 308
232 172
233 242
234 241
235 86
236 170
237 138
238 12
239 222
240 166
241 98
242 101
243 96
244 276
245 304
246 245
247 185
248 234
249 51
250 282
251 59
252 224
253 193
254 249
255 74
256 97
257 180
258 199
259 163
260 125
261 35
262 88
263 151
264 159
265 77
266 85
267 300
268 300
269 84
270 44
271 221
272 123
273 107
274 264
275 158
276 78
277 112
278 54
279 71
280 298
281 79
282 57
283 1
284 48
285 180
286 232
287 218
288 222
289 192
290 115
291 83
292 316
293 180
294 55
295 241
296 118
297 149
298 143
299 3
300 240
301 261
302 52
303 184
304 200
305 22
306 266
307 52
308 111
309 275
310 65
311 75
312 75
313 35
314 215
315 6
316 18
