0 270
1 225
2 268
3 232
4 296
5 241
6 197
7 246
8 221
9 226
10 108
11 104
12 28
13 313
14 73
15 234
16 110
17 207
18 235
19 177
20 240
21 230
22 161
23 43
24 190
25 250
26 152
27 39
28 179
29 130
30 274
31 114
32 48
33 154
34 259
35 145
36 40
37 174
38 257
39 263
40 170
41 23
42 197
43 313
44 246
45 50
46 224
47 109
48 210
49 70
50 271
51 156
52 185
53 234
54 245
55 259
56 159
57 254
58 51
59 271
60 253
61 95
62 181
63 178
64 128
65 217
66 25
67 251
68 34
69 312
70 15
71 118
72 80
73 296
74 167
75 262
76 232
77 124
78 201
79 292
80 302
81 81
82 303
83 61
84 315
85 274
86 14
87 30
88 147
89 206
90 227
91 184
92 133
93 132
94 71
95 5
96 125
97 284
98 167
99 285
100 118
101 316
102 12
103 179
104 146
105 84
106 37
107 302
108 218
109 155
110 122
111 172
112 94
113 307
114 55
115 238
116 80
117 298
118 82
119 313
120 85
121 10
122 252
123 294
124 102
125 114
126 173
127 72
128 108
129 244
130 150
131 270
132 213
133 150
134 129
135 301
136 165
137 287
138 201
139 71
140 282
141 105
142 139
143 36
144 267
145 122
146 237
147 167
148 233
149 294
150 89
151 316
152 27
153 15
154 247
155 112
156 156
157 308
158 103
159 123
160 125
161 88
162 28
163 124
164 51
165 137
166 210
167 110
168 144
169 0
170 203
171 11
172 127
173 264
174 66
175 315
176 171
177 207
178 310
179 126
180 159
181 179
182 41
183 174
184 77
185 265
186 282
187 15
188 46
189 25
190 311
191 49
192 16
193 297
194 129
195 249
196 166
197 197
198 291
199 261
200 250
201 109
202 189
203 26
204 149
205 28
206 100
207 200
208 42
209 71
210 290
211 154
212 200
213 2
214 193
215 251
216 298
217 59
218 173
219 264
220 290
221 266
222 217
223 310
224 24
225 47
226 203
227 263
228 288
229 188
230 108
231 115
232 314
233 158
234 160
235 80
236 102
237 161
238 127
239 204
240 3
241 242
242 267
243 268
244 68
245 274
246 294
247 285
248 164
249 136
250 216
251 303
252 272
253 101
254 284
255 47
256 99
257 307
258 19
259 139
260 135
261 300
262 113
263 169
264 208
265 119
266 97
267 51
268 130
269 164
270 9
271 55
272 161
273 76
274 305
275 56
276 168
277 212
278 18
279 151
280 222
281 152
282 211
283 97
284 164
285 146
286 309
287 97
288 267
289 177
290 25
291 282
292 105
293 244
294 35
295 310
296 249
297 97
298 82
299 191
300 235
301 79
302 171
303 49
304 62
305 100
306 88
307 139
308 255
309 224
310 134
311 37
312 22
313 57
314 243
315 133
316 258
0 270
1 225
2 220
3 304
4 296
5 283
6 197
7 246
8 10
9 226
10 203
11 104
12 43
13 313
14 73
15 133
16 110
17 207
18 235
19 288
20 240
21 230
22 161
23 43
24 107
25 250
26 202
27 39
28 179
29 130
30 151
31 173
32 48
33 154
34 262
35 228
36 204
37 49
38 287
39 263
40 170
41 23
42 233
43 313
44 45
45 283
46 224
47 186
48 210
49 70
50 148
51 156
52 47
53 234
54 249
55 9
56 159
57 254
58 51
59 59
60 23
61 95
62 201
63 132
64 128
65 16
66 25
67 251
68 299
69 285
70 15
71 118
72 205
73 296
74 106
75 262
76 232
77 160
78 263
79 227
80 8
81 32
82 166
83 246
84 315
85 274
86 14
87 30
88 312
89 206
90 82
91 121
92 28
93 36
94 204
95 5
96 243
97 284
98 109
99 285
100 118
101 316
102 45
103 263
104 116
105 27
106 123
107 18
108 59
109 170
110 122
111 172
112 128
113 307
114 55
115 238
116 24
117 68
118 82
119 313
120 25
121 10
122 295
123 159
124 102
125 141
126 292
127 72
128 207
129 244
130 150
131 270
132 225
133 39
134 129
135 301
136 165
137 287
138 167
139 71
140 12
141 141
142 66
143 36
144 267
145 122
146 237
147 167
148 233
149 2
150 89
151 159
152 70
153 78
154 61
155 10
156 133
157 164
158 270
159 123
160 125
161 88
162 28
163 166
164 34
165 137
166 210
167 224
168 275
169 30
170 203
171 11
172 127
173 128
174 93
175 315
176 171
177 207
178 310
179 126
180 276
181 119
182 161
183 193
184 77
185 59
186 0
187 15
188 245
189 82
190 311
191 205
192 163
193 59
194 129
195 230
196 166
197 257
198 300
199 261
200 119
201 284
202 195
203 297
204 149
205 28
206 100
207 247
208 42
209 77
210 290
211 286
212 226
213 2
214 193
215 251
216 101
217 59
218 284
219 264
220 104
221 86
222 194
223 151
224 24
225 47
226 43
227 263
228 288
229 188
230 44
231 115
232 89
233 114
234 78
235 80
236 210
237 161
238 259
239 271
240 3
241 147
242 313
243 36
244 68
245 74
246 237
247 208
248 172
249 136
250 203
251 303
252 11
253 125
254 284
255 260
256 167
257 307
258 19
259 216
260 286
261 300
262 210
263 169
264 59
265 119
266 182
267 168
268 22
269 187
270 273
271 258
272 306
273 238
274 305
275 56
276 47
277 229
278 27
279 152
280 280
281 152
282 90
283 97
284 176
285 62
286 263
287 0
288 267
289 177
290 154
291 89
292 105
293 249
294 141
295 310
296 215
297 97
298 82
299 287
300 235
301 76
302 259
303 283
304 50
305 100
306 110
307 139
308 67
309 224
310 45
311 268
312 22
313 57
314 185
315 24
316 280
