0 10
1 168
2 225
3 123
4 206
5 99
6 292
7 72
8 172
9 266
10 280
11 284
12 62
13 267
14 238
15 116
16 40
17 60
18 0
19 188
20 11
21 201
22 122
23 245
24 69
25 118
26 146
27 195
28 249
29 181
30 56
31 270
32 313
33 193
34 21
35 288
36 152
37 70
38 249
39 225
40 290
41 203
42 93
43 167
44 172
45 288
46 199
47 234
48 220
49 162
50 146
51 285
52 182
53 250
54 6
55 191
56 18
57 119
58 298
59 56
60 277
61 276
62 163
63 212
64 31
65 264
66 314
67 239
68 187
69 36
70 104
71 14
72 298
73 251
74 155
75 182
76 278
77 227
78 244
79 104
80 169
81 271
82 278
83 75
84 172
85 194
86 313
87 304
88 245
89 271
90 64
91 313
92 288
93 212
94 39
95 115
96 125
97 172
98 170
99 93
100 15
101 275
102 63
103 83
104 304
105 190
106 174
107 257
108 104
109 297
110 224
111 309
112 302
113 106
114 9
115 51
116 315
117 315
118 204
119 64
120 51
121 76
122 157
123 192
124 67
125 222
126 285
127 200
128 43
129 12
130 313
131 250
132 42
133 143
134 113
135 140
136 239
137 263
138 252
139 315
140 187
141 58
142 107
143 287
144 153
145 46
146 62
147 236
148 93
149 202
150 120
151 128
152 38
153 25
154 37
155 209
156 59
157 25
158 156
159 29
160 115
161 305
162 158
163 90
164 219
165 166
166 182
167 219
168 81
169 309
170 219
171 135
172 217
173 214
174 165
175 96
176 250
177 148
178 177
179 140
180 117
181 76
182 7
183 12
184 255
185 52
186 73
187 71
188 64
189 132
190 300
191 89
192 246
193 20
194 113
195 39
196 250
197 218
198 179
199 177
200 270
201 161
202 127
203 241
204 108
205 164
206 104
207 315
208 296
209 25
210 104
211 103
212 264
213 113
214 153
215 6
216 88
217 69
218 66
219 38
220 88
221 85
222 99
223 60
224 89
225 83
226 21
227 292
228 117
229 62
230 80
231 168
232 57
233 216
234 131
235 283
236 148
237 293
238 314
239 88
240 308
241 30
242 76
243 263
244 86
245 113
246 196
247 249
248 81
249 177
250 195
251 279
252 24
253 39
254 126
255 225
256 231
257 271
258 266
259 21
260 234
261 181
262 15
263 33
264 234
265 277
266 183
267 111
268 251
269 175
270 134
271 108
272 155
273 193
274 195
275 277
276 125
277 126
278 16
279 38
280 11
281 74
282 89
283 154
284 14
285 50
286 24
287 224
288 253
289 200
290 196
291 158
292 316
293 83
294 107
295 7
296 242
297 305
298 72
299 287
300 140
301 73
302 68
303 129
304 255
305 25
306 297
307 280
308 260
309 245
310 102
311 81
312 93
313 105
314 90
315 146
316 161
0 142
1 168
2 311
3 123
4 206
5 154
6 1
7 72
8 172
9 105
10 189
11 150
12 62
13 237
14 81
15 183
16 40
17 16
18 0
19 188
20 11
21 109
22 122
23 149
24 69
25 85
26 118
27 96
28 109
29 181
30 291
31 81
32 313
33 294
34 164
35 152
36 95
37 70
38 207
39 225
40 180
41 203
42 93
43 167
44 199
45 159
46 199
47 234
48 220
49 162
50 146
51 78
52 182
53 250
54 6
55 191
56 18
57 119
58 298
59 56
60 53
61 276
62 163
63 3
64 18
65 210
66 314
67 239
68 233
69 98
70 39
71 147
72 298
73 164
74 155
75 182
76 194
77 283
78 244
79 158
80 132
81 271
82 278
83 75
84 232
85 194
86 313
87 194
88 91
89 271
90 64
91 313
92 129
93 212
94 135
95 45
96 125
97 123
98 141
99 12
100 26
101 189
102 63
103 133
104 304
105 190
106 174
107 257
108 104
109 200
110 278
111 309
112 3
113 106
114 234
115 51
116 315
117 315
118 300
119 64
120 238
121 197
122 157
123 89
124 221
125 221
126 285
127 200
128 13
129 12
130 147
131 13
132 300
133 27
134 161
135 87
136 83
137 263
138 130
139 315
140 187
141 192
142 144
143 168
144 232
145 46
146 60
147 236
148 298
149 10
150 63
151 128
152 79
153 25
154 21
155 105
156 59
157 25
158 138
159 29
160 144
161 167
162 158
163 285
164 219
165 112
166 182
167 219
168 279
169 309
170 219
171 106
172 97
173 284
174 131
175 96
176 26
177 148
178 192
179 64
180 117
181 76
182 7
183 12
184 255
185 82
186 151
187 115
188 263
189 75
190 189
191 89
192 166
193 224
194 113
195 39
196 250
197 218
198 179
199 177
200 270
201 139
202 79
203 241
204 298
205 0
206 10
207 218
208 296
209 112
210 160
211 103
212 61
213 29
214 153
215 47
216 88
217 69
218 66
219 80
220 103
221 109
222 17
223 205
224 89
225 92
226 21
227 292
228 117
229 62
230 80
231 168
232 57
233 216
234 131
235 283
236 47
237 209
238 60
239 88
240 308
241 0
242 9
243 273
244 218
245 52
246 313
247 120
248 81
249 177
250 195
251 290
252 113
253 26
254 110
255 316
256 165
257 271
258 85
259 21
260 234
261 181
262 15
263 33
264 310
265 277
266 83
267 289
268 251
269 298
270 134
271 311
272 259
273 193
274 145
275 225
276 248
277 126
278 16
279 38
280 294
281 74
282 89
283 154
284 279
285 165
286 273
287 223
288 253
289 222
290 196
291 55
292 228
293 83
294 294
295 7
296 305
297 305
298 72
299 140
300 140
301 240
302 170
303 129
304 16
305 225
306 102
307 280
308 260
309 245
310 102
311 81
312 29
313 108
314 131
315 103
316 293
