0 123
1 110
2 162
3 275
4 218
5 81
6 279
7 283
8 204
9 224
10 26
11 285
12 24
13 93
14 91
15 140
16 8
17 249
18 71
19 187
20 250
21 14
22 137
23 189
24 12
25 307
26 165
27 48
28 224
29 214
30 229
31 137
32 245
33 270
34 220
35 93
36 35
37 275
38 200
39 151
40 191
41 130
42 106
43 100
44 274
45 131
46 183
47 33
48 102
49 274
50 216
51 41
52 222
53 105
54 282
55 156
56 295
57 18
58 219
59 190
60 132
61 222
62 92
63 211
64 110
65 236
66 74
67 111
68 202
69 283
70 6
71 190
72 141
73 283
74 256
75 265
76 32
77 149
78 62
79 253
80 35
81 164
82 170
83 237
84 216
85 199
86 304
87 301
88 316
89 216
90 200
91 86
92 290
93 104
94 109
95 111
96 260
97 201
98 174
99 236
100 265
101 37
102 196
103 298
104 223
105 257
106 313
107 64
108 79
109 35
110 35
111 127
112 275
113 200
114 221
115 52
116 214
117 141
118 217
119 316
120 105
121 120
122 174
123 50
124 308
125 150
126 125
127 280
128 252
129 163
130 85
131 14
132 38
133 295
134 29
135 65
136 76
137 9
138 114
139 62
140 292
141 190
142 124
143 170
144 32
145 181
146 196
147 145
148 65
149 298
150 304
151 183
152 33
153 63
154 31
155 130
156 252
157 224
158 68
159 115
160 236
161 8
162 165
163 263
164 127
165 136
166 182
167 88
168 256
169 216
170 269
171 233
172 130
173 180
174 95
175 203
176 220
177 13
178 145
179 193
180 35
181 245
182 232
183 96
184 49
185 294
186 104
187 125
188 243
189 95
190 78
191 208
192 289
193 244
194 311
195 239
196 16
197 304
198 33
199 163
200 166
201 85
202 287
203 129
204 113
205 193
206 282
207 276
208 275
209 153
210 250
211 42
212 100
213 227
214 43
215 251
216 151
217 221
218 148
219 241
220 240
221 102
222 190
223 12
224 73
225 28
226 262
227 260
228 229
229 146
230 244
231 282
232 305
233 193
234 150
235 6
236 313
237 88
238 6
239 183
240 220
241 38
242 137
243 293
244 102
245 292
246 262
247 221
248 95
249 65
250 117
251 311
252 15
253 61
254 12
255 196
256 158
257 224
258 194
259 163
260 44
261 295
262 52
263 199
264 248
265 127
266 259
267 216
268 33
269 316
270 310
271 306
272 126
273 65
274 220
275 44
276 301
277 91
278 65
279 185
280 123
281 188
282 285
283 237
284 134
285 44
286 112
287 27
288 65
289 63
290 63
291 192
292 44
293 23
294 71
295 160
296 2
297 167
298 223
299 60
300 293
301 45
302 262
303 103
304 194
305 98
306 212
307 53
308 96
309 119
310 62
311 215
312 293
313 154
314 180
315 67
316 316
0 216
1 267
2 179
3 192
4 218
5 54
6 137
7 45
8 204
9 94
10 205
11 241
12 102
13 180
14 95
15 140
16 57
17 249
18 71
19 187
20 155
21 14
22 305
23 95
24 295
25 299
26 109
27 12
28 224
29 214
30 252
31 137
32 67
33 270
34 220
35 93
36 65
37 275
38 183
39 151
40 286
41 130
42 106
43 100
44 193
45 8
46 183
47 33
48 102
49 274
50 216
51 41
52 222
53 105
54 273
55 161
56 86
57 18
58 219
59 296
60 115
61 197
62 166
63 292
64 110
65 236
66 102
67 199
68 175
69 283
70 6
71 190
72 286
73 283
74 81
75 265
76 298
77 149
78 77
79 253
80 35
81 164
82 20
83 237
84 227
85 199
86 246
87 301
88 270
89 216
90 275
91 86
92 290
93 300
94 109
95 111
96 219
97 74
98 10
99 236
100 203
101 37
102 170
103 270
104 284
105 257
106 313
107 175
108 79
109 179
110 35
111 157
112 205
113 200
114 280
115 213
116 270
117 104
118 94
119 252
120 235
121 120
122 174
123 50
124 99
125 308
126 85
127 94
128 40
129 163
130 85
131 304
132 38
133 284
134 291
135 298
136 163
137 190
138 93
139 62
140 260
141 190
142 124
143 170
144 10
145 181
146 196
147 145
148 65
149 298
150 304
151 161
152 33
153 49
154 134
155 159
156 131
157 268
158 68
159 190
160 236
161 8
162 165
163 278
164 213
165 136
166 305
167 265
168 256
169 203
170 122
171 116
172 130
173 180
174 1
175 287
176 270
177 13
178 122
179 189
180 43
181 9
182 275
183 126
184 58
185 22
186 104
187 306
188 243
189 95
190 298
191 208
192 243
193 244
194 243
195 162
196 109
197 293
198 33
199 246
200 166
201 85
202 287
203 149
204 306
205 163
206 282
207 276
208 275
209 197
210 250
211 195
212 207
213 227
214 84
215 251
216 151
217 221
218 241
219 241
220 33
221 102
222 142
223 12
224 73
225 278
226 261
227 260
228 185
229 146
230 3
231 210
232 305
233 193
234 150
235 6
236 284
237 88
238 221
239 183
240 220
241 38
242 172
243 93
244 95
245 310
246 262
247 111
248 95
249 65
250 117
251 11
252 148
253 154
254 12
255 196
256 158
257 224
258 298
259 163
260 44
261 62
262 201
263 199
264 263
265 127
266 296
267 127
268 33
269 316
270 310
271 306
272 126
273 65
274 220
275 44
276 303
277 91
278 162
279 297
280 58
281 188
282 214
283 68
284 239
285 44
286 314
287 27
288 65
289 141
290 63
291 192
292 44
293 23
294 309
295 33
296 164
297 167
298 223
299 311
300 41
301 45
302 262
303 19
304 190
305 5
306 254
307 196
308 96
309 89
310 100
311 168
312 293
313 291
314 307
315 67
316 72
