0 7
1 215
2 233
3 261
4 151
5 127
6 148
7 33
8 46
9 291
10 36
11 111
12 231
13 64
14 126
15 15
16 32
17 278
18 156
19 247
20 285
21 226
22 213
23 141
24 212
25 32
26 207
27 59
28 222
29 16
30 212
31 35
32 85
33 268
34 70
35 210
36 192
37 303
38 181
39 20
40 190
41 233
42 256
43 194
44 200
45 178
46 31
47 122
48 111
49 270
50 95
51 94
52 117
53 266
54 16
55 315
56 262
57 170
58 244
59 5
60 269
61 254
62 94
63 235
64 31
65 1
66 280
67 299
68 123
69 170
70 192
71 93
72 260
73 3
74 33
75 37
76 22
77 272
78 124
79 76
80 29
81 278
82 281
83 231
84 28
85 142
86 233
87 230
88 262
89 138
90 100
91 77
92 266
93 148
94 177
95 44
96 99
97 258
98 237
99 22
100 250
101 11
102 89
103 234
104 108
105 268
106 237
107 24
108 200
109 23
110 212
111 93
112 314
113 133
114 288
115 115
116 275
117 270
118 18
119 312
120 312
121 100
122 177
123 67
124 169
125 184
126 60
127 261
128 122
129 61
130 308
131 24
132 33
133 237
134 152
135 153
136 7
137 91
138 285
139 153
140 314
141 25
142 269
143 169
144 259
145 258
146 275
147 279
148 65
149 21
150 59
151 285
152 293
153 189
154 101
155 294
156 104
157 21
158 217
159 28
160 213
161 57
162 144
163 133
164 137
165 124
166 304
167 246
168 26
169 35
170 271
171 82
172 35
173 105
174 244
175 311
176 201
177 289
178 273
179 21
180 0
181 175
182 148
183 298
184 78
185 288
186 150
187 40
188 235
189 142
190 203
191 142
192 242
193 58
194 34
195 278
196 130
197 267
198 60
199 41
200 12
201 259
202 182
203 214
204 123
205 33
206 141
207 154
208 173
209 142
210 16
211 260
212 110
213 55
214 214
215 165
216 170
217 189
218 2
219 292
220 59
221 146
222 124
223 57
224 1
225 302
226 173
227 193
228 224
229 32
230 167
231 222
232 103
233 157
234 241
235 316
236 84
237 279
238 204
239 180
240 92
241 95
242 90
243 257
244 158
245 151
246 78
247 17
248 164
249 137
250 180
251 48
252 30
253 142
254 254
255 316
256 86
257 204
258 142
259 144
260 116
261 207
262 10
263 120
264 112
265 191
266 200
267 31
268 168
269 134
270 223
271 193
272 314
273 115
274 75
275 116
276 289
277 100
278 129
279 118
280 247
281 235
282 268
283 64
284 290
285 174
286 158
287 96
288 62
289 6
290 216
291 223
292 210
293 313
294 94
295 85
296 233
297 123
298 58
299 266
300 111
301 178
302 283
303 115
304 20
305 63
306 315
307 251
308 90
309 217
310 188
311 311
312 121
313 275
314 115
315 97
316 83
0 316
1 61
2 109
3 261
4 191
5 127
6 148
7 33
8 193
9 84
10 36
11 33
12 289
13 88
14 91
15 15
16 32
17 278
18 172
19 247
20 285
21 134
22 213
23 148
24 212
25 32
26 155
27 59
28 222
29 16
30 212
31 35
32 85
33 268
34 70
35 113
36 182
37 303
38 193
39 20
40 190
41 233
42 146
43 26
44 200
45 178
46 276
47 122
48 176
49 152
50 95
51 174
52 117
53 99
54 201
55 315
56 262
57 170
58 244
59 82
60 269
61 254
62 224
63 298
64 62
65 1
66 29
67 299
68 123
69 170
70 192
71 249
72 155
73 3
74 169
75 37
76 22
77 272
78 124
79 159
80 118
81 278
82 281
83 231
84 28
85 149
86 233
87 230
88 262
89 138
90 181
91 214
92 266
93 140
94 81
95 149
96 99
97 99
98 237
99 213
100 250
101 11
102 76
103 165
104 129
105 268
106 237
107 69
108 264
109 42
110 261
111 277
112 96
113 133
114 229
115 191
116 82
117 2
118 151
119 48
120 312
121 100
122 275
123 67
124 169
125 219
126 163
127 4
128 36
129 61
130 308
131 144
132 33
133 21
134 152
135 153
136 70
137 19
138 285
139 230
140 314
141 177
142 123
143 169
144 259
145 258
146 237
147 267
148 216
149 173
150 222
151 285
152 14
153 189
154 292
155 294
156 209
157 130
158 275
159 312
160 213
161 207
162 144
163 133
164 134
165 124
166 148
167 246
168 151
169 60
170 92
171 60
172 35
173 105
174 20
175 311
176 201
177 289
178 273
179 246
180 0
181 175
182 298
183 196
184 78
185 94
186 262
187 40
188 235
189 142
190 131
191 142
192 213
193 237
194 34
195 278
196 62
197 159
198 130
199 202
200 259
201 144
202 182
203 214
204 71
205 243
206 243
207 154
208 107
209 165
210 16
211 260
212 117
213 55
214 298
215 64
216 170
217 189
218 96
219 292
220 59
221 146
222 70
223 57
224 210
225 302
226 173
227 115
228 224
229 32
230 167
231 222
232 103
233 22
234 241
235 316
236 176
237 36
238 204
239 180
240 154
241 165
242 60
243 98
244 158
245 151
246 136
247 61
248 145
249 281
250 110
251 48
252 202
253 142
254 254
255 168
256 83
257 204
258 142
259 168
260 271
261 207
262 302
263 120
264 112
265 119
266 200
267 31
268 168
269 134
270 223
271 137
272 166
273 273
274 75
275 116
276 45
277 200
278 18
279 316
280 148
281 235
282 204
283 64
284 69
285 174
286 143
287 196
288 62
289 78
290 216
291 163
292 114
293 313
294 94
295 85
296 233
297 123
298 2
299 7
300 286
301 178
302 245
303 2
304 118
305 63
306 218
307 39
308 90
309 217
310 188
311 160
312 121
313 275
314 115
315 261
316 83
