0 298
1 128
2 193
3 44
4 56
5 17
6 17
7 241
8 289
9 143
10 167
11 112
12 194
13 304
14 314
15 178
16 204
17 156
18 183
19 290
20 136
21 49
22 269
23 266
24 93
25 73
26 36
27 202
28 29
29 26
30 157
31 92
32 100
33 272
34 34
35 288
36 251
37 127
38 212
39 47
40 126
41 237
42 127
43 192
44 218
45 211
46 49
47 46
48 303
49 82
50 177
51 82
52 154
53 221
54 189
55 304
56 271
57 170
58 111
59 185
60 25
61 172
62 194
63 273
64 64
65 22
66 150
67 76
68 283
69 297
70 45
71 288
72 27
73 54
74 173
75 30
76 251
77 129
78 203
79 89
80 303
81 295
82 110
83 223
84 167
85 120
86 120
87 38
88 217
89 255
90 118
91 259
92 36
93 82
94 210
95 91
96 8
97 186
98 21
99 286
100 279
101 234
102 163
103 24
104 256
105 274
106 105
107 216
108 93
109 163
110 218
111 35
112 252
113 294
114 34
115 305
116 145
117 183
118 171
119 40
120 95
121 284
122 96
123 271
124 182
125 42
126 166
127 114
128 20
129 59
130 47
131 83
132 161
133 3
134 51
135 74
136 185
137 308
138 4
139 149
140 294
141 19
142 294
143 193
144 42
145 20
146 13
147 151
148 63
149 111
150 104
151 235
152 80
153 52
154 111
155 301
156 59
157 172
158 121
159 256
160 210
161 43
162 96
163 26
164 163
165 289
166 226
167 297
168 124
169 226
170 260
171 124
172 69
173 150
174 127
175 260
176 131
177 271
178 0
179 27
180 45
181 110
182 13
183 274
184 103
185 128
186 275
187 97
188 49
189 278
190 88
191 51
192 138
193 93
194 9
195 54
196 4
197 82
198 280
199 235
200 257
201 6
202 261
203 53
204 43
205 160
206 162
207 135
208 68
209 281
210 104
211 152
212 256
213 19
214 198
215 10
216 270
217 75
218 256
219 315
220 212
221 292
222 116
223 178
224 96
225 124
226 32
227 258
228 230
229 93
230 216
231 288
232 259
233 283
234 25
235 80
236 268
237 13
238 99
239 266
240 245
241 92
242 9
243 74
244 65
245 289
246 212
247 277
248 295
249 29
250 201
251 167
252 302
253 228
254 40
255 85
256 305
257 151
258 120
259 119
260 221
261 155
262 252
263 256
264 242
265 147
266 243
267 69
268 57
269 209
270 141
271 139
272 216
273 79
274 87
275 92
276 194
277 220
278 164
279 99
280 277
281 283
282 177
283 37
284 242
285 21
286 29
287 205
288 282
289 191
290 316
291 56
292 298
293 292
294 236
295 198
296 285
297 76
298 96
299 86
300 219
301 166
302 257
303 11
304 103
305 98
306 146
307 186
308 291
309 289
310 285
311 205
312 5
313 105
314 242
315 227
316 23
0 282
1 223
2 193
3 187
4 56
5 17
6 17
7 241
8 111
9 143
10 117
11 135
12 194
13 85
14 314
15 133
16 66
17 60
18 183
19 278
20 136
21 122
22 135
23 266
24 222
25 263
26 36
27 202
28 192
29 26
30 157
31 92
32 163
33 273
34 175
35 240
36 127
37 58
38 290
39 47
40 126
41 237
42 32
43 192
44 193
45 149
46 277
47 276
48 303
49 82
50 156
51 82
52 207
53 160
54 99
55 304
56 271
57 170
58 264
59 242
60 64
61 172
62 118
63 273
64 64
65 22
66 150
67 45
68 315
69 211
70 45
71 288
72 27
73 225
74 17
75 30
76 251
77 195
78 50
79 130
80 187
81 295
82 110
83 241
84 183
85 88
86 120
87 38
88 314
89 255
90 118
91 259
92 36
93 227
94 120
95 168
96 205
97 233
98 21
99 110
100 3
101 234
102 163
103 111
104 1
105 274
106 206
107 144
108 93
109 163
110 298
111 35
112 42
113 299
114 34
115 254
116 145
117 264
118 171
119 169
120 95
121 69
122 311
123 271
124 261
125 42
126 278
127 262
128 16
129 59
130 47
131 83
132 161
133 112
134 51
135 260
136 84
137 129
138 167
139 291
140 234
141 64
142 294
143 193
144 42
145 20
146 13
147 278
148 63
149 111
150 20
151 246
152 240
153 37
154 283
155 301
156 59
157 74
158 111
159 256
160 215
161 43
162 191
163 26
164 163
165 53
166 226
167 297
168 30
169 226
170 260
171 75
172 307
173 150
174 127
175 260
176 148
177 271
178 0
179 7
180 55
181 92
182 233
183 274
184 139
185 202
186 58
187 18
188 51
189 223
190 88
191 51
192 92
193 93
194 43
195 267
196 232
197 48
198 280
199 286
200 257
201 54
202 261
203 72
204 43
205 160
206 162
207 135
208 71
209 219
210 13
211 152
212 211
213 151
214 198
215 239
216 288
217 75
218 256
219 315
220 249
221 77
222 3
223 283
224 0
225 276
226 74
227 222
228 230
229 93
230 216
231 306
232 259
233 283
234 312
235 270
236 268
237 234
238 99
239 302
240 245
241 92
242 9
243 74
244 65
245 289
246 212
247 277
248 295
249 207
250 296
251 162
252 302
253 110
254 40
255 85
256 305
257 151
258 120
259 119
260 221
261 47
262 252
263 295
264 242
265 147
266 147
267 277
268 74
269 223
270 304
271 167
272 216
273 79
274 87
275 92
276 194
277 223
278 164
279 99
280 277
281 283
282 275
283 37
284 256
285 21
286 283
287 205
288 282
289 191
290 316
291 56
292 298
293 292
294 281
295 31
296 285
297 312
298 289
299 314
300 219
301 166
302 288
303 108
304 103
305 59
306 75
307 101
308 111
309 289
310 87
311 205
312 19
313 116
314 307
315 151
316 33
