0 138
1 236
2 205
3 34
4 244
5 225
6 203
7 48
8 95
9 147
10 230
11 198
12 295
13 154
14 231
15 147
16 99
17 93
18 51
19 173
20 306
21 32
22 258
23 295
24 241
25 274
26 183
27 313
28 100
29 313
30 94
31 246
32 146
33 38
34 83
35 145
36 43
37 275
38 255
39 208
40 168
41 280
42 90
43 259
44 28
45 271
46 267
47 113
48 94
49 209
50 228
51 14
52 229
53 241
54 38
55 280
56 311
57 241
58 8
59 41
60 161
61 169
62 114
63 306
64 35
65 160
66 144
67 183
68 222
69 248
70 128
71 268
72 313
73 111
74 179
75 42
76 271
77 95
78 143
79 64
80 30
81 75
82 82
83 209
84 14
85 179
86 196
87 164
88 256
89 10
90 245
91 135
92 243
93 4
94 290
95 200
96 4
97 64
98 194
99 168
100 49
101 97
102 217
103 218
104 253
105 148
106 269
107 118
108 40
109 70
110 234
111 129
112 77
113 15
114 140
115 309
116 160
117 141
118 286
119 107
120 270
121 187
122 147
123 313
124 45
125 218
126 238
127 263
128 194
129 265
130 284
131 178
132 84
133 280
134 149
135 278
136 107
137 185
138 85
139 31
140 172
141 152
142 33
143 158
144 141
145 115
146 243
147 269
148 183
149 166
150 121
151 121
152 113
153 229
154 244
155 92
156 2
157 73
158 15
159 248
160 201
161 284
162 291
163 59
164 190
165 153
166 162
167 183
168 192
169 151
170 188
171 225
172 273
173 106
174 286
175 312
176 286
177 113
178 305
179 112
180 112
181 73
182 233
183 231
184 313
185 283
186 77
187 24
188 158
189 127
190 69
191 288
192 25
193 139
194 53
195 291
196 162
197 51
198 242
199 241
200 151
201 234
202 178
203 259
204 80
205 100
206 54
207 94
208 100
209 267
210 60
211 301
212 135
213 134
214 219
215 238
216 296
217 71
218 148
219 65
220 26
221 1
222 16
223 75
224 270
225 93
226 42
227 234
228 33
229 248
230 239
231 80
232 149
233 93
234 286
235 139
236 224
237 261
238 274
239 286
240 155
241 288
242 182
243 236
244 140
245 28
246 43
247 149
248 220
249 157
250 80
251 202
252 191
253 244
254 209
255 283
256 151
257 52
258 212
259 75
260 313
261 108
262 90
263 78
264 4
265 154
266 11
267 109
268 79
269 175
270 4
271 221
272 294
273 258
274 252
275 52
276 287
277 217
278 224
279 91
280 151
281 173
282 299
283 94
284 281
285 17
286 182
287 145
288 75
289 42
290 304
291 238
292 192
293 48
294 81
295 148
296 115
297 286
298 83
299 312
300 178
301 258
302 116
303 187
304 185
305 54
306 290
307 266
308 253
309 232
310 17
311 279
312 47
313 216
314 189
315 57
316 132
0 138
1 269
2 297
3 34
4 244
5 235
6 203
7 48
8 95
9 147
10 230
11 136
12 295
13 178
14 231
15 147
16 252
17 307
18 51
19 173
20 225
21 86
22 65
23 248
24 130
25 274
26 183
27 313
28 108
29 14
30 108
31 246
32 146
33 298
34 143
35 145
36 177
37 129
38 255
39 208
40 168
41 280
42 90
43 259
44 28
45 11
46 197
47 113
48 311
49 209
50 228
51 14
52 229
53 241
54 38
55 293
56 302
57 241
58 19
59 75
60 225
61 169
62 251
63 201
64 35
65 160
66 93
67 183
68 84
69 96
70 128
71 268
72 218
73 82
74 179
75 42
76 271
77 95
78 102
79 112
80 205
81 236
82 82
83 209
84 275
85 179
86 196
87 164
88 39
89 10
90 245
91 154
92 243
93 28
94 290
95 180
96 33
97 64
98 194
99 125
100 101
101 97
102 217
103 106
104 253
105 148
106 269
107 165
108 294
109 70
110 234
111 190
112 77
113 15
114 140
115 309
116 313
117 182
118 286
119 107
120 270
121 284
122 147
123 313
124 45
125 276
126 34
127 46
128 159
129 265
130 231
131 139
132 192
133 314
134 234
135 258
136 179
137 223
138 106
139 273
140 97
141 158
142 33
143 256
144 123
145 32
146 304
147 269
148 152
149 82
150 16
151 67
152 113
153 229
154 316
155 92
156 2
157 37
158 239
159 248
160 10
161 284
162 0
163 59
164 72
165 153
166 263
167 216
168 195
169 225
170 188
171 189
172 191
173 238
174 286
175 41
176 243
177 113
178 305
179 60
180 112
181 73
182 233
183 231
184 313
185 283
186 77
187 24
188 158
189 127
190 122
191 288
192 25
193 13
194 53
195 30
196 38
197 51
198 242
199 61
200 124
201 234
202 76
203 311
204 18
205 256
206 22
207 94
208 100
209 267
210 60
211 301
212 23
213 192
214 35
215 45
216 296
217 290
218 245
219 65
220 26
221 1
222 104
223 93
224 270
225 93
226 124
227 234
228 97
229 248
230 239
231 80
232 149
233 93
234 286
235 139
236 168
237 235
238 248
239 34
240 155
241 169
242 182
243 236
244 140
245 309
246 43
247 149
248 220
249 158
250 80
251 22
252 131
253 244
254 150
255 283
256 151
257 148
258 212
259 150
260 313
261 27
262 90
263 202
264 4
265 313
266 11
267 109
268 79
269 175
270 4
271 236
272 51
273 7
274 252
275 102
276 183
277 217
278 246
279 62
280 5
281 151
282 299
283 273
284 106
285 17
286 182
287 67
288 192
289 295
290 304
291 238
292 192
293 48
294 203
295 63
296 115
297 218
298 83
299 253
300 178
301 290
302 27
303 187
304 185
305 54
306 299
307 30
308 253
309 232
310 62
311 279
312 47
313 61
314 246
315 18
316 41
