0 1018
1 274
2 538
3 1320
4 465
5 981
6 835
7 830
8 1036
9 372
10 1206
11 586
12 870
13 692
14 763
15 799
16 566
17 235
18 1241
19 713
20 1254
21 1358
22 442
23 1375
24 1221
25 1323
26 1273
27 627
28 389
29 292
30 934
31 1388
32 864
33 760
34 1097
35 350
36 1210
37 919
38 289
39 1380
40 1316
41 1331
42 689
43 854
44 64
45 544
46 1021
47 31
48 1166
49 908
50 25
51 452
52 1364
53 676
54 293
55 639
56 801
57 690
58 435
59 357
60 260
61 1104
62 1221
63 220
64 1014
65 36
66 675
67 754
68 867
69 663
70 1327
71 807
72 1190
73 325
74 154
75 1399
76 108
77 482
78 953
79 556
80 1280
81 184
82 1270
83 1253
84 353
85 249
86 1269
87 432
88 219
89 129
90 1153
91 1391
92 1207
93 137
94 1133
95 1262
96 132
97 1053
98 197
99 1196
100 872
101 199
102 1138
103 1393
104 551
105 804
106 478
107 1244
108 1031
109 918
110 194
111 97
112 1249
113 1080
114 452
115 637
116 1404
117 870
118 316
119 1034
120 409
121 1304
122 1197
123 1106
124 823
125 253
126 767
127 1322
128 529
129 10
130 1194
131 316
132 329
133 1036
134 69
135 1387
136 244
137 1154
138 1356
139 93
140 1385
141 1197
142 849
143 1227
144 155
145 630
146 1310
147 53
148 494
149 469
150 772
151 358
152 381
153 1073
154 882
155 502
156 938
157 1162
158 347
159 1246
160 184
161 1202
162 711
163 1253
164 201
165 1402
166 773
167 171
168 13
169 1257
170 223
171 1343
172 792
173 597
174 769
175 1283
176 560
177 1312
178 1243
179 526
180 1177
181 875
182 478
183 679
184 108
185 372
186 1399
187 1323
188 204
189 1311
190 193
191 699
192 179
193 1344
194 569
195 289
196 922
197 923
198 960
199 1288
200 337
201 209
202 1200
203 60
204 1010
205 128
206 1322
207 970
208 499
209 306
210 539
211 1175
212 696
213 169
214 1236
215 1218
216 4
217 99
218 1060
219 181
220 73
221 899
222 1327
223 1294
224 695
225 522
226 804
227 533
228 496
229 1136
230 279
231 1231
232 1339
233 256
234 782
235 1054
236 675
237 484
238 771
239 425
240 596
241 904
242 109
243 710
244 1053
245 164
246 217
247 242
248 373
249 673
250 674
251 283
252 145
253 933
254 666
255 601
256 225
257 316
258 1243
259 1414
260 206
261 1059
262 418
263 747
264 1277
265 573
266 199
267 903
268 921
269 817
270 160
271 1184
272 1138
273 974
274 943
275 352
276 1091
277 1148
278 200
279 635
280 766
281 1073
282 607
283 305
284 1254
285 1355
286 712
287 106
288 579
289 838
290 804
291 593
292 1267
293 748
294 383
295 220
296 139
297 1230
298 1364
299 1
300 466
301 1345
302 1163
303 235
304 157
305 278
306 1268
307 975
308 111
309 970
310 1065
311 134
312 1293
313 555
314 1244
315 262
316 525
317 1037
318 826
319 1239
320 866
321 180
322 648
323 575
324 375
325 30
326 1057
327 886
328 1087
329 615
330 988
331 691
332 666
333 931
334 1166
335 1023
336 697
337 1294
338 101
339 671
340 345
341 124
342 198
343 1053
344 1081
345 542
346 682
347 1385
348 458
349 271
350 1083
351 797
352 1345
353 868
354 921
355 1021
356 480
357 108
358 1382
359 343
360 1076
361 309
362 1170
363 1119
364 1223
365 413
366 281
367 717
368 1353
369 225
370 942
371 198
372 561
373 954
374 1132
375 1007
376 640
377 1390
378 248
379 1107
380 265
381 199
382 1125
383 550
384 201
385 506
386 89
387 955
388 433
389 354
390 1090
391 178
392 1190
393 477
394 1359
395 508
396 1332
397 402
398 1248
399 13
400 1055
401 285
402 1150
403 965
404 150
405 875
406 1220
407 1369
408 405
409 2
410 462
411 1059
412 425
413 1200
414 1013
415 280
416 559
417 1401
418 31
419 899
420 1284
421 878
422 440
423 672
424 189
425 312
426 1025
427 424
428 753
429 644
430 1015
431 420
432 1060
433 297
434 362
435 572
436 377
437 498
438 411
439 262
440 1301
441 466
442 1248
443 1221
444 715
445 926
446 442
447 60
448 591
449 879
450 1231
451 1126
452 413
453 1310
454 291
455 349
456 927
457 552
458 535
459 1372
460 453
461 629
462 125
463 89
464 918
465 1019
466 344
467 454
468 1037
469 592
470 546
471 285
472 177
473 546
474 266
475 582
476 885
477 202
478 550
479 358
480 1264
481 1306
482 1171
483 425
484 14
485 520
486 41
487 377
488 210
489 44
490 615
491 152
492 591
493 113
494 385
495 1168
496 627
497 889
498 1107
499 505
500 4
501 182
502 664
503 59
504 873
505 770
506 1274
507 930
508 977
509 982
510 380
511 1160
512 1407
513 1301
514 803
515 695
516 962
517 1046
518 1016
519 1348
520 413
521 622
522 1384
523 1011
524 1167
525 252
526 543
527 1036
528 815
529 192
530 180
531 1232
532 613
533 739
534 652
535 254
536 196
537 423
538 301
539 385
540 511
541 1043
542 1368
543 354
544 279
545 908
546 90
547 750
548 296
549 972
550 711
551 262
552 183
553 1401
554 663
555 534
556 1327
557 911
558 1135
559 317
560 722
561 956
562 160
563 1061
564 1087
565 823
566 698
567 1353
568 603
569 169
570 912
571 284
572 846
573 278
574 1413
575 1173
576 884
577 1235
578 189
579 1364
580 115
581 57
582 1410
583 148
584 494
585 383
586 56
587 1245
588 859
589 1269
590 260
591 1325
592 1367
593 251
594 894
595 397
596 291
597 115
598 845
599 744
600 265
601 570
602 842
603 1173
604 988
605 258
606 1377
607 824
608 24
609 13
610 517
611 1387
612 438
613 763
614 1265
615 511
616 1390
617 1063
618 1136
619 26
620 295
621 1403
622 921
623 856
624 1046
625 1308
626 1328
627 1228
628 927
629 1296
630 895
631 245
632 694
633 100
634 1309
635 526
636 114
637 1064
638 346
639 824
640 793
641 573
642 1165
643 643
644 342
645 1333
646 454
647 691
648 925
649 1291
650 1224
651 297
652 1111
653 1024
654 1093
655 351
656 565
657 1007
658 1042
659 154
660 106
661 827
662 863
663 208
664 549
665 813
666 969
667 470
668 528
669 234
670 1187
671 652
672 808
673 1395
674 824
675 326
676 1147
677 738
678 1033
679 223
680 58
681 1313
682 758
683 408
684 982
685 996
686 808
687 1249
688 395
689 1254
690 978
691 732
692 213
693 941
694 372
695 1238
696 372
697 1372
698 431
699 1203
700 568
701 925
702 693
703 961
704 188
705 1154
706 790
707 1133
708 1360
709 667
710 855
711 19
712 1245
713 528
714 296
715 515
716 929
717 64
718 1124
719 783
720 613
721 427
722 150
723 1187
724 1397
725 1244
726 393
727 1107
728 1277
729 1283
730 1065
731 676
732 753
733 1364
734 1070
735 1088
736 129
737 493
738 326
739 31
740 743
741 1220
742 132
743 463
744 98
745 1089
746 390
747 1143
748 285
749 729
750 582
751 1120
752 897
753 1023
754 805
755 1167
756 724
757 394
758 569
759 768
760 1186
761 802
762 665
763 1029
764 617
765 997
766 535
767 1138
768 974
769 643
770 218
771 278
772 310
773 963
774 369
775 920
776 1026
777 352
778 574
779 1234
780 224
781 206
782 656
783 612
784 403
785 447
786 991
787 811
788 440
789 296
790 1035
791 810
792 1336
793 290
794 1147
795 651
796 761
797 753
798 1281
799 1410
800 1297
801 321
802 138
803 154
804 110
805 116
806 1088
807 1324
808 534
809 780
810 300
811 543
812 144
813 985
814 1181
815 1132
816 681
817 1056
818 480
819 188
820 796
821 7
822 356
823 1159
824 806
825 544
826 649
827 753
828 1328
829 98
830 768
831 76
832 466
833 1065
834 1348
835 357
836 680
837 475
838 456
839 333
840 479
841 1409
842 140
843 622
844 86
845 106
846 906
847 1077
848 875
849 810
850 189
851 1004
852 459
853 51
854 578
855 289
856 608
857 639
858 1371
859 1026
860 349
861 387
862 622
863 372
864 1396
865 588
866 52
867 1177
868 537
869 1391
870 536
871 504
872 1166
873 1343
874 573
875 969
876 645
877 1350
878 1245
879 1134
880 37
881 5
882 1057
883 340
884 1221
885 508
886 363
887 1020
888 575
889 1381
890 1246
891 283
892 24
893 1200
894 212
895 780
896 1334
897 402
898 1413
899 1311
900 522
901 1204
902 358
903 1248
904 303
905 1249
906 1189
907 464
908 637
909 1201
910 479
911 1114
912 1371
913 623
914 736
915 167
916 1288
917 898
918 1398
919 495
920 730
921 1164
922 967
923 752
924 1308
925 80
926 373
927 856
928 17
929 576
930 533
931 150
932 541
933 1336
934 969
935 638
936 764
937 1355
938 1154
939 943
940 724
941 205
942 1016
943 1205
944 567
945 1386
946 880
947 436
948 311
949 925
950 1261
951 427
952 696
953 685
954 1111
955 1130
956 1382
957 32
958 826
959 721
960 1253
961 864
962 155
963 510
964 1220
965 447
966 284
967 1021
968 411
969 30
970 827
971 138
972 100
973 870
974 695
975 575
976 198
977 225
978 330
979 909
980 733
981 535
982 887
983 889
984 861
985 1376
986 1264
987 908
988 737
989 405
990 480
991 524
992 927
993 1322
994 791
995 209
996 981
997 324
998 630
999 167
1000 1192
1001 224
1002 706
1003 81
1004 1199
1005 556
1006 129
1007 599
1008 736
1009 596
1010 469
1011 222
1012 498
1013 358
1014 916
1015 1222
1016 402
1017 584
1018 267
1019 883
1020 937
1021 226
1022 823
1023 1134
1024 1281
1025 1221
1026 930
1027 744
1028 301
1029 722
1030 1063
1031 739
1032 748
1033 483
1034 1166
1035 1212
1036 1265
1037 755
1038 13
1039 12
1040 1407
1041 536
1042 23
1043 523
1044 504
1045 1333
1046 760
1047 736
1048 1150
1049 1351
1050 201
1051 1388
1052 1215
1053 630
1054 1208
1055 1039
1056 571
1057 355
1058 783
1059 365
1060 472
1061 538
1062 862
1063 506
1064 209
1065 1318
1066 595
1067 460
1068 1120
1069 28
1070 670
1071 542
1072 323
1073 1368
1074 848
1075 613
1076 1335
1077 887
1078 1198
1079 212
1080 596
1081 1085
1082 1313
1083 472
1084 262
1085 537
1086 575
1087 733
1088 638
1089 589
1090 347
1091 925
1092 923
1093 321
1094 913
1095 1055
1096 74
1097 1262
1098 209
1099 1295
1100 1369
1101 538
1102 95
1103 1139
1104 892
1105 1037
1106 607
1107 444
1108 260
1109 564
1110 194
1111 1082
1112 384
1113 1189
1114 1401
1115 971
1116 282
1117 452
1118 840
1119 26
1120 1180
1121 562
1122 369
1123 27
1124 455
1125 719
1126 254
1127 1095
1128 997
1129 192
1130 592
1131 972
1132 1358
1133 1037
1134 721
1135 393
1136 1377
1137 151
1138 451
1139 437
1140 995
1141 1132
1142 1222
1143 727
1144 919
1145 1088
1146 583
1147 957
1148 701
1149 1351
1150 342
1151 92
1152 744
1153 388
1154 217
1155 525
1156 245
1157 135
1158 433
1159 837
1160 797
1161 1226
1162 191
1163 109
1164 1302
1165 24
1166 1393
1167 357
1168 132
1169 77
1170 631
1171 621
1172 1132
1173 679
1174 609
1175 1269
1176 820
1177 351
1178 586
1179 1020
1180 1050
1181 834
1182 1330
1183 1145
1184 1281
1185 862
1186 920
1187 1256
1188 609
1189 1212
1190 1020
1191 273
1192 1140
1193 919
1194 250
1195 57
1196 1409
1197 578
1198 1182
1199 95
1200 1164
1201 363
1202 1034
1203 730
1204 509
1205 491
1206 162
1207 334
1208 245
1209 1305
1210 265
1211 1359
1212 1116
1213 759
1214 692
1215 948
1216 77
1217 565
1218 365
1219 529
1220 1389
1221 10
1222 1288
1223 696
1224 1021
1225 424
1226 1061
1227 749
1228 205
1229 851
1230 278
1231 257
1232 619
1233 1358
1234 1210
1235 607
1236 306
1237 1056
1238 299
1239 631
1240 184
1241 1125
1242 1216
1243 1183
1244 879
1245 234
1246 236
1247 199
1248 888
1249 332
1250 25
1251 1052
1252 143
1253 1283
1254 1357
1255 1315
1256 311
1257 708
1258 1200
1259 1036
1260 1099
1261 1276
1262 1144
1263 50
1264 473
1265 1057
1266 4
1267 149
1268 159
1269 709
1270 1407
1271 843
1272 996
1273 183
1274 860
1275 604
1276 925
1277 333
1278 450
1279 161
1280 607
1281 789
1282 798
1283 1403
1284 1124
1285 257
1286 709
1287 559
1288 380
1289 221
1290 821
1291 235
1292 594
1293 1073
1294 753
1295 1280
1296 544
1297 1214
1298 325
1299 367
1300 1144
1301 12
1302 989
1303 316
1304 1375
1305 466
1306 1386
1307 693
1308 890
1309 156
1310 935
1311 135
1312 177
1313 570
1314 970
1315 571
1316 611
1317 752
1318 1235
1319 630
1320 137
1321 451
1322 600
1323 190
1324 676
1325 1297
1326 734
1327 433
1328 415
1329 209
1330 799
1331 931
1332 175
1333 1330
1334 942
1335 484
1336 514
1337 1408
1338 512
1339 295
1340 731
1341 93
1342 608
1343 1132
1344 1213
1345 328
1346 102
1347 990
1348 1201
1349 379
1350 1125
1351 519
1352 107
1353 858
1354 657
1355 135
1356 1188
1357 1155
1358 912
1359 1228
1360 638
1361 870
1362 172
1363 155
1364 286
1365 1351
1366 1001
1367 213
1368 640
1369 434
1370 986
1371 1122
1372 921
1373 793
1374 472
1375 62
1376 917
1377 195
1378 370
1379 1205
1380 734
1381 86
1382 534
1383 624
1384 977
1385 828
1386 1088
1387 1130
1388 195
1389 600
1390 809
1391 587
1392 1142
1393 1240
1394 1089
1395 1370
1396 1223
1397 261
1398 234
1399 888
1400 1366
1401 98
1402 695
1403 281
1404 537
1405 308
1406 1159
1407 565
1408 1087
1409 49
1410 925
1411 617
1412 869
1413 827
1414 287
1415 623
1416 1030
0 1018
1 1254
2 1269
3 1320
4 763
5 981
6 1345
7 830
8 1036
9 794
10 922
11 614
12 1013
13 692
14 763
15 822
16 748
17 1070
18 907
19 713
20 365
21 1123
22 442
23 1375
24 144
25 1094
26 1273
27 627
28 389
29 315
30 682
31 290
32 864
33 760
34 1097
35 417
36 1210
37 919
38 1278
39 1380
40 340
41 1331
42 689
43 854
44 1116
45 186
46 551
47 1394
48 942
49 849
50 25
51 1187
52 442
53 1260
54 293
55 639
56 801
57 181
58 267
59 154
60 260
61 1331
62 1221
63 22
64 1260
65 169
66 912
67 754
68 311
69 686
70 1327
71 482
72 1397
73 677
74 419
75 1399
76 222
77 1115
78 193
79 597
80 1280
81 184
82 1270
83 1220
84 353
85 249
86 923
87 682
88 219
89 129
90 1252
91 354
92 595
93 46
94 1346
95 395
96 791
97 1053
98 449
99 583
100 872
101 91
102 1138
103 900
104 667
105 829
106 91
107 1244
108 749
109 918
110 194
111 855
112 138
113 1287
114 576
115 390
116 610
117 73
118 872
119 1034
120 409
121 1247
122 1197
123 592
124 463
125 334
126 767
127 1328
128 529
129 364
130 811
131 550
132 329
133 835
134 69
135 1387
136 477
137 116
138 172
139 93
140 760
141 1197
142 886
143 409
144 155
145 1326
146 1310
147 301
148 223
149 437
150 1314
151 903
152 142
153 1366
154 1190
155 502
156 938
157 1416
158 347
159 1246
160 184
161 1202
162 711
163 1253
164 201
165 67
166 107
167 236
168 13
169 1054
170 726
171 833
172 792
173 1378
174 769
175 48
176 632
177 1312
178 921
179 526
180 1006
181 1318
182 711
183 1125
184 108
185 702
186 1399
187 205
188 1245
189 1311
190 270
191 573
192 288
193 1344
194 390
195 1089
196 959
197 923
198 267
199 1288
200 195
201 887
202 1257
203 60
204 896
205 246
206 1322
207 331
208 499
209 306
210 539
211 49
212 557
213 133
214 1236
215 185
216 4
217 825
218 1060
219 778
220 63
221 192
222 1327
223 1294
224 695
225 95
226 804
227 533
228 301
229 504
230 279
231 1119
232 1339
233 256
234 1238
235 1054
236 675
237 484
238 134
239 425
240 596
241 569
242 275
243 191
244 895
245 214
246 217
247 1198
248 373
249 673
250 674
251 283
252 799
253 933
254 1261
255 1200
256 500
257 1002
258 1246
259 67
260 206
261 1059
262 1261
263 1246
264 1277
265 350
266 199
267 903
268 921
269 338
270 463
271 1184
272 1138
273 0
274 83
275 362
276 1091
277 1148
278 407
279 629
280 766
281 1073
282 782
283 189
284 1254
285 1273
286 712
287 106
288 968
289 838
290 29
291 993
292 77
293 748
294 383
295 688
296 1064
297 40
298 272
299 902
300 466
301 1345
302 10
303 987
304 157
305 921
306 1092
307 1148
308 181
309 164
310 1065
311 134
312 238
313 252
314 1244
315 262
316 899
317 359
318 826
319 1134
320 1090
321 180
322 586
323 114
324 615
325 458
326 1057
327 886
328 1087
329 615
330 988
331 691
332 666
333 1392
334 1166
335 568
336 19
337 548
338 349
339 671
340 345
341 640
342 198
343 1053
344 1081
345 709
346 1400
347 1085
348 568
349 101
350 1083
351 797
352 1345
353 114
354 1176
355 852
356 480
357 108
358 112
359 640
360 294
361 1196
362 676
363 949
364 93
365 652
366 729
367 356
368 1328
369 786
370 942
371 198
372 1108
373 368
374 253
375 854
376 280
377 1390
378 371
379 1107
380 158
381 276
382 903
383 550
384 201
385 280
386 1150
387 955
388 433
389 958
390 243
391 535
392 1190
393 477
394 410
395 586
396 1332
397 402
398 1248
399 259
400 1371
401 285
402 1091
403 1093
404 150
405 1264
406 1220
407 1369
408 584
409 1325
410 462
411 1059
412 425
413 1200
414 224
415 280
416 730
417 1401
418 1318
419 721
420 1284
421 1114
422 1036
423 672
424 1013
425 834
426 1025
427 1240
428 979
429 647
430 556
431 420
432 1060
433 297
434 362
435 580
436 769
437 1334
438 238
439 481
440 1395
441 466
442 290
443 861
444 715
445 926
446 442
447 60
448 591
449 879
450 1231
451 1126
452 413
453 1310
454 246
455 349
456 927
457 776
458 1141
459 9
460 151
461 320
462 783
463 705
464 308
465 150
466 1322
467 454
468 1037
469 876
470 191
471 236
472 880
473 93
474 1180
475 750
476 918
477 208
478 550
479 358
480 954
481 1306
482 1003
483 315
484 57
485 1348
486 41
487 371
488 1334
489 44
490 1129
491 152
492 276
493 555
494 1156
495 26
496 627
497 749
498 327
499 1175
500 142
501 182
502 1195
503 59
504 873
505 812
506 1063
507 930
508 578
509 189
510 339
511 1160
512 1407
513 288
514 1183
515 555
516 953
517 913
518 1016
519 1348
520 413
521 367
522 309
523 1151
524 350
525 1100
526 1054
527 1036
528 815
529 192
530 893
531 416
532 613
533 545
534 1349
535 1
536 975
537 1226
538 301
539 1189
540 511
541 683
542 248
543 952
544 279
545 1279
546 1108
547 386
548 296
549 972
550 426
551 262
552 183
553 841
554 1283
555 785
556 1401
557 911
558 22
559 94
560 289
561 929
562 365
563 1061
564 1014
565 907
566 158
567 1095
568 603
569 905
570 693
571 317
572 846
573 299
574 1413
575 1314
576 884
577 1235
578 610
579 439
580 115
581 57
582 1106
583 1162
584 855
585 715
586 56
587 129
588 859
589 235
590 260
591 1325
592 1367
593 1310
594 894
595 1378
596 291
597 300
598 811
599 744
600 487
601 385
602 540
603 1173
604 283
605 868
606 1377
607 1372
608 581
609 13
610 966
611 14
612 556
613 1097
614 902
615 511
616 149
617 1063
618 447
619 612
620 295
621 581
622 921
623 856
624 1046
625 1308
626 206
627 1228
628 927
629 1117
630 688
631 245
632 385
633 429
634 661
635 149
636 114
637 1064
638 346
639 1140
640 793
641 1086
642 431
643 643
644 1333
645 818
646 454
647 806
648 925
649 234
650 1224
651 753
652 546
653 1341
654 1056
655 351
656 986
657 1007
658 1160
659 154
660 1374
661 79
662 863
663 32
664 243
665 381
666 969
667 1004
668 528
669 1193
670 1187
671 633
672 317
673 715
674 824
675 326
676 1147
677 738
678 555
679 54
680 58
681 491
682 810
683 408
684 1084
685 996
686 1096
687 1249
688 395
689 1254
690 978
691 370
692 213
693 29
694 372
695 1238
696 372
697 1372
698 981
699 1203
700 935
701 925
702 470
703 961
704 188
705 1107
706 438
707 1357
708 1360
709 667
710 304
711 996
712 1078
713 349
714 296
715 1130
716 929
717 886
718 1124
719 783
720 571
721 150
722 150
723 1187
724 498
725 1350
726 393
727 1107
728 887
729 1283
730 1065
731 616
732 753
733 778
734 921
735 1088
736 129
737 493
738 95
739 1111
740 750
741 118
742 11
743 463
744 98
745 1109
746 618
747 692
748 385
749 1192
750 169
751 1120
752 1097
753 1023
754 805
755 1167
756 772
757 759
758 569
759 768
760 1287
761 167
762 242
763 1029
764 551
765 997
766 1116
767 430
768 237
769 643
770 602
771 278
772 310
773 920
774 369
775 920
776 1026
777 710
778 386
779 520
780 547
781 187
782 61
783 1370
784 975
785 447
786 991
787 811
788 440
789 1003
790 1084
791 810
792 1336
793 701
794 1147
795 651
796 281
797 753
798 1318
799 1070
800 1297
801 321
802 512
803 154
804 110
805 1239
806 1137
807 1324
808 534
809 1097
810 61
811 1130
812 144
813 985
814 855
815 757
816 681
817 70
818 1394
819 346
820 333
821 32
822 356
823 1287
824 806
825 1085
826 227
827 1364
828 1328
829 744
830 768
831 94
832 340
833 437
834 1348
835 468
836 680
837 475
838 456
839 333
840 479
841 538
842 685
843 468
844 30
845 106
846 331
847 1350
848 1388
849 810
850 189
851 1011
852 537
853 51
854 578
855 289
856 1100
857 750
858 764
859 1026
860 818
861 387
862 622
863 372
864 1396
865 588
866 502
867 573
868 537
869 1391
870 1195
871 504
872 539
873 1343
874 573
875 969
876 1065
877 1348
878 81
879 1072
880 1238
881 122
882 1057
883 340
884 1221
885 508
886 363
887 1020
888 575
889 755
890 1246
891 1333
892 24
893 1403
894 1403
895 1301
896 1231
897 839
898 984
899 423
900 522
901 1204
902 358
903 1248
904 167
905 1249
906 564
907 464
908 637
909 1201
910 783
911 1128
912 1371
913 1340
914 736
915 1238
916 854
917 898
918 1398
919 495
920 730
921 1164
922 51
923 1223
924 1308
925 80
926 384
927 260
928 851
929 683
930 156
931 1174
932 953
933 634
934 969
935 776
936 764
937 1355
938 1154
939 1215
940 724
941 205
942 1016
943 390
944 362
945 1386
946 397
947 436
948 311
949 1316
950 683
951 1020
952 205
953 661
954 1111
955 219
956 1382
957 157
958 1241
959 1405
960 1297
961 840
962 718
963 510
964 1220
965 1045
966 1080
967 1021
968 807
969 260
970 827
971 223
972 272
973 870
974 695
975 567
976 198
977 225
978 330
979 909
980 1137
981 867
982 784
983 740
984 861
985 1385
986 1264
987 1082
988 218
989 405
990 543
991 524
992 927
993 1037
994 1037
995 657
996 981
997 429
998 332
999 167
1000 171
1001 224
1002 706
1003 81
1004 1199
1005 556
1006 129
1007 599
1008 353
1009 728
1010 995
1011 417
1012 673
1013 1337
1014 1388
1015 828
1016 402
1017 584
1018 532
1019 883
1020 761
1021 961
1022 823
1023 1121
1024 1281
1025 54
1026 212
1027 1129
1028 562
1029 722
1030 48
1031 739
1032 748
1033 1287
1034 522
1035 1206
1036 1062
1037 755
1038 1068
1039 791
1040 899
1041 536
1042 457
1043 123
1044 460
1045 869
1046 760
1047 1159
1048 1150
1049 1351
1050 1121
1051 1003
1052 1215
1053 630
1054 1037
1055 975
1056 109
1057 1361
1058 219
1059 510
1060 472
1061 95
1062 1087
1063 521
1064 209
1065 85
1066 595
1067 460
1068 1120
1069 28
1070 195
1071 300
1072 1186
1073 104
1074 1005
1075 613
1076 1335
1077 145
1078 1041
1079 813
1080 372
1081 648
1082 841
1083 232
1084 262
1085 760
1086 611
1087 594
1088 178
1089 319
1090 423
1091 241
1092 923
1093 964
1094 1231
1095 965
1096 74
1097 1089
1098 209
1099 1171
1100 1369
1101 1210
1102 95
1103 400
1104 892
1105 1037
1106 1102
1107 1385
1108 154
1109 279
1110 695
1111 1082
1112 1162
1113 1189
1114 291
1115 971
1116 282
1117 775
1118 840
1119 278
1120 52
1121 385
1122 591
1123 27
1124 408
1125 719
1126 197
1127 1095
1128 844
1129 192
1130 712
1131 972
1132 1093
1133 501
1134 958
1135 393
1136 1377
1137 289
1138 989
1139 437
1140 995
1141 1132
1142 1062
1143 727
1144 505
1145 477
1146 1175
1147 957
1148 1104
1149 1351
1150 342
1151 92
1152 70
1153 388
1154 955
1155 803
1156 245
1157 1013
1158 433
1159 372
1160 42
1161 1226
1162 191
1163 192
1164 173
1165 24
1166 587
1167 357
1168 447
1169 844
1170 4
1171 1292
1172 241
1173 679
1174 600
1175 1027
1176 820
1177 224
1178 1303
1179 623
1180 26
1181 1325
1182 676
1183 1013
1184 1051
1185 862
1186 920
1187 1209
1188 364
1189 301
1190 1034
1191 365
1192 406
1193 1278
1194 279
1195 768
1196 175
1197 578
1198 1267
1199 95
1200 1164
1201 363
1202 1227
1203 74
1204 367
1205 491
1206 162
1207 993
1208 245
1209 133
1210 87
1211 1068
1212 365
1213 759
1214 104
1215 948
1216 6
1217 565
1218 365
1219 375
1220 986
1221 534
1222 668
1223 696
1224 257
1225 424
1226 1061
1227 756
1228 953
1229 323
1230 1022
1231 370
1232 463
1233 564
1234 596
1235 70
1236 306
1237 1056
1238 958
1239 1197
1240 184
1241 1125
1242 772
1243 568
1244 1148
1245 248
1246 251
1247 22
1248 888
1249 1273
1250 831
1251 1178
1252 279
1253 1283
1254 1357
1255 1315
1256 311
1257 1273
1258 877
1259 1036
1260 1099
1261 1276
1262 1144
1263 460
1264 1066
1265 27
1266 4
1267 149
1268 831
1269 709
1270 1407
1271 843
1272 505
1273 183
1274 860
1275 604
1276 549
1277 924
1278 450
1279 161
1280 805
1281 1127
1282 907
1283 1403
1284 620
1285 257
1286 709
1287 559
1288 922
1289 221
1290 129
1291 235
1292 594
1293 1073
1294 753
1295 1280
1296 61
1297 1214
1298 325
1299 367
1300 1144
1301 794
1302 989
1303 316
1304 1375
1305 654
1306 1386
1307 715
1308 1389
1309 387
1310 698
1311 1177
1312 575
1313 399
1314 820
1315 571
1316 1169
1317 752
1318 1134
1319 471
1320 137
1321 123
1322 844
1323 1310
1324 676
1325 1297
1326 734
1327 433
1328 104
1329 821
1330 1153
1331 931
1332 175
1333 1330
1334 1175
1335 1284
1336 514
1337 1408
1338 512
1339 1395
1340 731
1341 1037
1342 608
1343 1132
1344 530
1345 567
1346 102
1347 342
1348 1201
1349 905
1350 1125
1351 519
1352 1088
1353 858
1354 912
1355 135
1356 1188
1357 1155
1358 691
1359 1021
1360 845
1361 439
1362 172
1363 871
1364 390
1365 89
1366 913
1367 569
1368 640
1369 771
1370 1002
1371 213
1372 921
1373 124
1374 472
1375 1214
1376 604
1377 433
1378 370
1379 1205
1380 223
1381 86
1382 636
1383 624
1384 1121
1385 828
1386 1152
1387 1130
1388 753
1389 307
1390 809
1391 587
1392 1142
1393 940
1394 1089
1395 1370
1396 178
1397 261
1398 234
1399 888
1400 1308
1401 98
1402 337
1403 281
1404 537
1405 308
1406 1153
1407 565
1408 370
1409 247
1410 1243
1411 449
1412 869
1413 154
1414 166
1415 77
1416 1002
