0 301
1 1068
2 1008
3 240
4 318
5 425
6 1057
7 1379
8 605
9 1092
10 1394
11 840
12 888
13 1390
14 553
15 1017
16 970
17 692
18 262
19 955
20 122
21 226
22 1391
23 302
24 52
25 147
26 1066
27 534
28 908
29 550
30 688
31 789
32 1301
33 1339
34 819
35 876
36 31
37 182
38 1205
39 70
40 174
41 1151
42 558
43 965
44 1309
45 1177
46 37
47 736
48 522
49 562
50 792
51 600
52 1025
53 42
54 723
55 862
56 59
57 288
58 1095
59 403
60 1290
61 727
62 1364
63 398
64 579
65 391
66 1094
67 1397
68 1212
69 882
70 1413
71 1105
72 120
73 943
74 1416
75 548
76 562
77 705
78 84
79 446
80 264
81 141
82 1291
83 755
84 808
85 185
86 854
87 637
88 720
89 141
90 1029
91 477
92 1108
93 337
94 495
95 800
96 1134
97 632
98 460
99 911
100 544
101 658
102 699
103 197
104 803
105 294
106 707
107 170
108 1104
109 1202
110 314
111 1153
112 877
113 1140
114 202
115 1158
116 992
117 377
118 701
119 175
120 1247
121 718
122 17
123 453
124 287
125 935
126 400
127 532
128 828
129 592
130 234
131 28
132 1002
133 371
134 713
135 31
136 539
137 96
138 996
139 96
140 922
141 1318
142 714
143 294
144 563
145 109
146 821
147 70
148 681
149 65
150 106
151 478
152 848
153 669
154 278
155 1357
156 268
157 644
158 731
159 1264
160 810
161 1310
162 655
163 539
164 621
165 186
166 890
167 878
168 851
169 885
170 7
171 362
172 1196
173 1039
174 642
175 1356
176 306
177 647
178 207
179 1237
180 1006
181 1391
182 1108
183 272
184 500
185 230
186 1333
187 722
188 1110
189 153
190 242
191 833
192 331
193 236
194 1024
195 529
196 324
197 946
198 1038
199 50
200 1196
201 247
202 920
203 768
204 392
205 401
206 463
207 349
208 366
209 56
210 423
211 533
212 1320
213 245
214 36
215 223
216 806
217 564
218 684
219 496
220 1134
221 723
222 816
223 98
224 368
225 758
226 524
227 414
228 968
229 642
230 457
231 242
232 362
233 35
234 958
235 936
236 729
237 1255
238 1201
239 612
240 233
241 835
242 27
243 823
244 72
245 481
246 792
247 258
248 968
249 1171
250 252
251 1098
252 60
253 195
254 444
255 1196
256 144
257 72
258 1132
259 863
260 166
261 640
262 1084
263 579
264 734
265 560
266 894
267 362
268 64
269 1174
270 1174
271 1202
272 1386
273 1010
274 256
275 1129
276 1391
277 1154
278 1376
279 621
280 6
281 1092
282 900
283 659
284 1407
285 738
286 891
287 327
288 1097
289 1000
290 1200
291 1063
292 812
293 975
294 769
295 921
296 534
297 1112
298 1162
299 264
300 801
301 1339
302 740
303 60
304 1095
305 1252
306 1155
307 1260
308 187
309 362
310 940
311 1185
312 865
313 1175
314 598
315 477
316 131
317 206
318 191
319 129
320 891
321 157
322 827
323 514
324 1297
325 767
326 675
327 212
328 361
329 1210
330 203
331 1196
332 934
333 1269
334 731
335 1296
336 1272
337 919
338 133
339 1152
340 530
341 1353
342 1364
343 1268
344 404
345 1171
346 1212
347 380
348 961
349 818
350 920
351 935
352 34
353 1066
354 48
355 1103
356 188
357 1329
358 1159
359 901
360 894
361 776
362 605
363 625
364 1408
365 215
366 82
367 776
368 733
369 390
370 159
371 1345
372 1359
373 1262
374 1146
375 1050
376 923
377 173
378 956
379 552
380 1375
381 432
382 811
383 1161
384 122
385 1250
386 622
387 651
388 169
389 1305
390 231
391 919
392 1066
393 822
394 379
395 463
396 9
397 1316
398 1367
399 485
400 382
401 371
402 263
403 1109
404 579
405 388
406 168
407 329
408 745
409 151
410 743
411 921
412 1258
413 566
414 13
415 1009
416 432
417 625
418 561
419 546
420 555
421 364
422 546
423 1115
424 883
425 1290
426 801
427 159
428 1160
429 126
430 1180
431 774
432 993
433 634
434 1350
435 1288
436 1012
437 765
438 1163
439 14
440 353
441 35
442 1215
443 565
444 21
445 584
446 574
447 216
448 724
449 751
450 651
451 0
452 192
453 1193
454 1145
455 411
456 571
457 802
458 166
459 104
460 514
461 1117
462 475
463 522
464 563
465 1193
466 1082
467 210
468 948
469 89
470 1221
471 153
472 368
473 263
474 92
475 131
476 159
477 917
478 885
479 615
480 139
481 553
482 635
483 46
484 393
485 894
486 752
487 477
488 304
489 569
490 1325
491 597
492 928
493 688
494 369
495 1330
496 1017
497 807
498 1096
499 109
500 1318
501 1058
502 199
503 572
504 72
505 697
506 1162
507 40
508 1357
509 41
510 463
511 97
512 398
513 589
514 711
515 393
516 823
517 768
518 995
519 649
520 352
521 1094
522 738
523 897
524 1368
525 726
526 599
527 739
528 12
529 674
530 1179
531 173
532 107
533 1391
534 1388
535 131
536 961
537 419
538 84
539 228
540 1140
541 30
542 577
543 1180
544 103
545 776
546 706
547 1273
548 1285
549 1208
550 136
551 29
552 1225
553 251
554 1092
555 533
556 127
557 364
558 1284
559 282
560 752
561 1294
562 1005
563 5
564 1238
565 1407
566 1027
567 1062
568 146
569 1411
570 802
571 1083
572 308
573 1009
574 1377
575 45
576 1180
577 137
578 1057
579 65
580 851
581 264
582 1177
583 360
584 1129
585 1214
586 388
587 402
588 758
589 342
590 653
591 909
592 1075
593 990
594 702
595 203
596 811
597 791
598 24
599 68
600 93
601 1397
602 511
603 1103
604 877
605 1141
606 856
607 901
608 1347
609 968
610 1189
611 563
612 543
613 785
614 302
615 730
616 840
617 1079
618 1017
619 276
620 1
621 1155
622 980
623 609
624 438
625 494
626 1112
627 634
628 1338
629 305
630 373
631 33
632 24
633 260
634 1064
635 122
636 726
637 989
638 922
639 119
640 1129
641 629
642 1178
643 1288
644 746
645 1094
646 778
647 950
648 183
649 1063
650 966
651 556
652 943
653 1239
654 1206
655 1017
656 587
657 470
658 239
659 1229
660 1264
661 926
662 523
663 776
664 56
665 803
666 1
667 631
668 1302
669 512
670 238
671 1112
672 1113
673 1039
674 1186
675 961
676 1017
677 1047
678 181
679 688
680 500
681 1310
682 969
683 1108
684 298
685 540
686 1061
687 682
688 403
689 217
690 107
691 342
692 1079
693 439
694 1126
695 979
696 575
697 1003
698 1310
699 991
700 270
701 1275
702 443
703 917
704 1125
705 382
706 1302
707 496
708 1183
709 1353
710 540
711 1056
712 1308
713 1
714 141
715 563
716 516
717 916
718 86
719 813
720 860
721 889
722 570
723 855
724 528
725 485
726 309
727 1117
728 1403
729 1384
730 1319
731 341
732 580
733 26
734 957
735 306
736 1095
737 266
738 375
739 932
740 255
741 1
742 1316
743 501
744 549
745 315
746 859
747 164
748 1156
749 226
750 975
751 1317
752 878
753 1329
754 414
755 588
756 1061
757 1414
758 1325
759 1278
760 513
761 574
762 743
763 1278
764 481
765 1389
766 1213
767 1006
768 1030
769 396
770 433
771 567
772 891
773 170
774 1332
775 417
776 699
777 1338
778 525
779 187
780 979
781 624
782 11
783 1193
784 1299
785 1216
786 1185
787 1105
788 682
789 504
790 343
791 1332
792 1035
793 1390
794 242
795 202
796 820
797 220
798 105
799 142
800 1071
801 1155
802 799
803 207
804 490
805 149
806 10
807 377
808 1400
809 93
810 370
811 158
812 900
813 515
814 682
815 1228
816 278
817 936
818 1223
819 306
820 351
821 372
822 491
823 742
824 412
825 776
826 976
827 1119
828 252
829 798
830 1361
831 1142
832 328
833 87
834 66
835 876
836 452
837 323
838 102
839 953
840 1041
841 1205
842 1235
843 1403
844 814
845 153
846 177
847 997
848 159
849 299
850 995
851 705
852 368
853 219
854 558
855 654
856 941
857 1259
858 241
859 724
860 377
861 1166
862 1016
863 953
864 869
865 818
866 1054
867 894
868 698
869 223
870 25
871 304
872 558
873 1076
874 256
875 684
876 1186
877 779
878 1274
879 335
880 226
881 864
882 558
883 1172
884 448
885 124
886 12
887 376
888 220
889 591
890 775
891 702
892 275
893 1309
894 545
895 9
896 1368
897 1227
898 465
899 1041
900 977
901 1005
902 497
903 672
904 1086
905 1221
906 194
907 450
908 659
909 1127
910 615
911 160
912 1057
913 309
914 524
915 178
916 551
917 120
918 179
919 831
920 380
921 808
922 360
923 1025
924 364
925 1384
926 1314
927 500
928 133
929 84
930 904
931 73
932 199
933 1361
934 104
935 907
936 565
937 694
938 9
939 95
940 932
941 1284
942 198
943 240
944 1150
945 1132
946 857
947 336
948 1272
949 586
950 895
951 362
952 278
953 1234
954 1409
955 823
956 23
957 455
958 686
959 1275
960 988
961 898
962 1184
963 408
964 1194
965 1237
966 1299
967 73
968 1060
969 965
970 416
971 471
972 1247
973 878
974 1041
975 456
976 1368
977 1105
978 91
979 900
980 350
981 1138
982 267
983 1407
984 893
985 8
986 912
987 682
988 847
989 1258
990 1152
991 343
992 747
993 24
994 1339
995 326
996 115
997 109
998 124
999 404
1000 974
1001 717
1002 1143
1003 274
1004 1411
1005 1063
1006 202
1007 1381
1008 149
1009 138
1010 810
1011 1399
1012 1335
1013 893
1014 649
1015 258
1016 213
1017 1392
1018 992
1019 1133
1020 357
1021 1073
1022 216
1023 167
1024 1069
1025 637
1026 947
1027 181
1028 239
1029 202
1030 714
1031 1024
1032 373
1033 417
1034 963
1035 1160
1036 152
1037 356
1038 745
1039 1350
1040 1320
1041 1021
1042 507
1043 1119
1044 1088
1045 1414
1046 847
1047 1249
1048 490
1049 1269
1050 1362
1051 813
1052 996
1053 1103
1054 189
1055 844
1056 74
1057 721
1058 639
1059 267
1060 281
1061 389
1062 262
1063 971
1064 631
1065 1340
1066 472
1067 291
1068 0
1069 118
1070 864
1071 857
1072 1411
1073 1346
1074 311
1075 668
1076 241
1077 846
1078 772
1079 678
1080 283
1081 1106
1082 525
1083 1324
1084 1045
1085 44
1086 1238
1087 222
1088 1035
1089 1019
1090 509
1091 43
1092 818
1093 537
1094 923
1095 438
1096 684
1097 1262
1098 458
1099 1100
1100 1252
1101 1092
1102 1022
1103 622
1104 878
1105 153
1106 189
1107 848
1108 1298
1109 1023
1110 630
1111 668
1112 1160
1113 713
1114 181
1115 684
1116 652
1117 1376
1118 558
1119 167
1120 281
1121 854
1122 1022
1123 238
1124 33
1125 28
1126 866
1127 1054
1128 861
1129 465
1130 785
1131 588
1132 377
1133 1026
1134 1195
1135 169
1136 1162
1137 1113
1138 977
1139 1120
1140 1355
1141 278
1142 418
1143 332
1144 1012
1145 520
1146 758
1147 277
1148 145
1149 864
1150 617
1151 1074
1152 838
1153 119
1154 71
1155 40
1156 694
1157 631
1158 840
1159 1165
1160 817
1161 592
1162 548
1163 326
1164 421
1165 1266
1166 687
1167 1135
1168 553
1169 450
1170 1219
1171 450
1172 1122
1173 703
1174 1360
1175 1303
1176 121
1177 451
1178 86
1179 898
1180 247
1181 203
1182 10
1183 745
1184 357
1185 1112
1186 1263
1187 584
1188 1180
1189 186
1190 344
1191 481
1192 144
1193 1398
1194 937
1195 1407
1196 420
1197 1343
1198 470
1199 906
1200 903
1201 1322
1202 1211
1203 463
1204 1321
1205 8
1206 70
1207 246
1208 1351
1209 472
1210 426
1211 49
1212 303
1213 732
1214 461
1215 1072
1216 457
1217 756
1218 155
1219 1077
1220 859
1221 212
1222 108
1223 353
1224 130
1225 667
1226 336
1227 311
1228 918
1229 146
1230 1076
1231 536
1232 822
1233 1039
1234 97
1235 33
1236 402
1237 776
1238 104
1239 429
1240 1408
1241 630
1242 405
1243 1132
1244 474
1245 1390
1246 379
1247 1157
1248 991
1249 1023
1250 1210
1251 975
1252 1021
1253 1055
1254 911
1255 7
1256 828
1257 129
1258 1178
1259 1374
1260 209
1261 1143
1262 21
1263 1254
1264 1267
1265 644
1266 445
1267 1158
1268 300
1269 501
1270 832
1271 84
1272 318
1273 354
1274 1242
1275 917
1276 122
1277 764
1278 532
1279 713
1280 19
1281 384
1282 1146
1283 984
1284 1118
1285 260
1286 1034
1287 964
1288 551
1289 1343
1290 1078
1291 923
1292 651
1293 1127
1294 305
1295 444
1296 1011
1297 433
1298 238
1299 1397
1300 1091
1301 1262
1302 953
1303 154
1304 1189
1305 67
1306 959
1307 1386
1308 1357
1309 438
1310 865
1311 1011
1312 412
1313 292
1314 367
1315 532
1316 41
1317 763
1318 1086
1319 14
1320 362
1321 1227
1322 93
1323 457
1324 829
1325 132
1326 129
1327 458
1328 1343
1329 108
1330 346
1331 58
1332 396
1333 260
1334 1215
1335 161
1336 843
1337 424
1338 326
1339 1393
1340 227
1341 472
1342 804
1343 71
1344 518
1345 421
1346 963
1347 284
1348 951
1349 1080
1350 596
1351 848
1352 1001
1353 789
1354 47
1355 1247
1356 792
1357 1274
1358 35
1359 287
1360 1200
1361 1361
1362 1316
1363 1375
1364 1249
1365 318
1366 865
1367 171
1368 1110
1369 471
1370 78
1371 1083
1372 646
1373 498
1374 320
1375 569
1376 929
1377 529
1378 919
1379 1379
1380 1051
1381 635
1382 429
1383 1077
1384 647
1385 1091
1386 862
1387 363
1388 400
1389 367
1390 216
1391 302
1392 1272
1393 479
1394 362
1395 724
1396 1041
1397 778
1398 587
1399 969
1400 305
1401 379
1402 469
1403 473
1404 692
1405 417
1406 264
1407 224
1408 870
1409 787
1410 1
1411 18
1412 1337
1413 474
1414 402
1415 397
1416 444
0 913
1 117
2 1008
3 16
4 318
5 1113
6 75
7 1379
8 272
9 356
10 1394
11 840
12 1344
13 1390
14 553
15 1017
16 62
17 692
18 262
19 711
20 122
21 448
22 1391
23 177
24 52
25 147
26 1215
27 1392
28 178
29 550
30 688
31 789
32 706
33 572
34 819
35 7
36 31
37 1342
38 1182
39 70
40 1019
41 1356
42 789
43 1023
44 1309
45 1177
46 1360
47 1209
48 522
49 710
50 728
51 995
52 1025
53 269
54 1232
55 1126
56 1190
57 148
58 1095
59 412
60 1290
61 727
62 1364
63 398
64 579
65 391
66 1094
67 1397
68 905
69 58
70 1413
71 870
72 1412
73 1369
74 579
75 548
76 562
77 1300
78 236
79 446
80 264
81 73
82 1389
83 690
84 812
85 1388
86 1089
87 637
88 720
89 71
90 1029
91 477
92 538
93 337
94 389
95 948
96 566
97 347
98 461
99 745
100 544
101 246
102 298
103 197
104 803
105 604
106 839
107 170
108 1415
109 438
110 314
111 1153
112 877
113 571
114 173
115 1158
116 921
117 377
118 1048
119 175
120 1247
121 718
122 17
123 737
124 916
125 1214
126 400
127 532
128 828
129 905
130 1062
131 1283
132 1055
133 392
134 713
135 11
136 539
137 96
138 996
139 96
140 1028
141 1318
142 714
143 294
144 242
145 109
146 821
147 330
148 675
149 718
150 868
151 478
152 652
153 669
154 278
155 511
156 1027
157 546
158 731
159 1310
160 1357
161 1310
162 803
163 1258
164 621
165 1320
166 1220
167 1329
168 851
169 1197
170 808
171 362
172 1196
173 1287
174 642
175 662
176 1044
177 647
178 1079
179 226
180 1006
181 1391
182 1108
183 839
184 332
185 518
186 899
187 722
188 1110
189 655
190 1064
191 1371
192 513
193 930
194 450
195 1120
196 895
197 946
198 1038
199 50
200 1196
201 247
202 645
203 768
204 392
205 269
206 463
207 566
208 685
209 230
210 423
211 348
212 1315
213 245
214 1055
215 1412
216 806
217 331
218 684
219 591
220 1134
221 723
222 816
223 987
224 368
225 758
226 65
227 886
228 789
229 642
230 457
231 1330
232 1375
233 35
234 1025
235 826
236 1402
237 1255
238 1078
239 612
240 191
241 464
242 27
243 505
244 499
245 227
246 792
247 258
248 1356
249 1171
250 252
251 1098
252 60
253 236
254 579
255 832
256 157
257 693
258 1147
259 863
260 883
261 773
262 774
263 579
264 734
265 560
266 721
267 362
268 572
269 1088
270 1174
271 1202
272 1386
273 1010
274 256
275 1113
276 785
277 474
278 891
279 374
280 6
281 1092
282 900
283 431
284 1407
285 17
286 930
287 1307
288 1097
289 1210
290 583
291 4
292 1080
293 975
294 769
295 921
296 75
297 208
298 613
299 110
300 1105
301 941
302 740
303 60
304 73
305 1252
306 640
307 82
308 931
309 1366
310 1175
311 1313
312 865
313 1008
314 1401
315 477
316 390
317 1012
318 861
319 1212
320 891
321 157
322 740
323 55
324 1366
325 767
326 675
327 1372
328 361
329 101
330 1080
331 6
332 700
333 1269
334 490
335 949
336 1272
337 625
338 133
339 597
340 530
341 1083
342 617
343 1268
344 121
345 1341
346 783
347 1243
348 1043
349 456
350 373
351 935
352 34
353 1161
354 1401
355 1103
356 1132
357 1329
358 1159
359 507
360 114
361 27
362 1125
363 418
364 1408
365 499
366 82
367 916
368 911
369 1066
370 529
371 1345
372 1359
373 279
374 216
375 1050
376 183
377 880
378 28
379 552
380 1375
381 432
382 844
383 1030
384 122
385 613
386 734
387 1257
388 169
389 1305
390 231
391 919
392 1066
393 91
394 323
395 463
396 914
397 557
398 1367
399 1015
400 382
401 531
402 263
403 960
404 58
405 1373
406 71
407 1002
408 910
409 1056
410 743
411 921
412 259
413 566
414 540
415 302
416 148
417 625
418 561
419 546
420 959
421 369
422 546
423 1398
424 883
425 526
426 801
427 159
428 1160
429 126
430 1400
431 774
432 179
433 389
434 1350
435 1288
436 353
437 1393
438 1163
439 498
440 1357
441 582
442 1215
443 565
444 1261
445 1199
446 574
447 216
448 835
449 751
450 727
451 0
452 412
453 1193
454 1184
455 411
456 1098
457 975
458 153
459 1043
460 578
461 1117
462 1270
463 522
464 563
465 1193
466 1082
467 299
468 948
469 89
470 572
471 153
472 727
473 1065
474 437
475 695
476 159
477 917
478 885
479 615
480 139
481 167
482 635
483 1240
484 718
485 1374
486 339
487 277
488 304
489 266
490 1325
491 597
492 928
493 1192
494 369
495 498
496 263
497 855
498 1068
499 869
500 206
501 914
502 1141
503 745
504 929
505 641
506 1162
507 40
508 1357
509 97
510 620
511 951
512 419
513 1241
514 400
515 393
516 1368
517 1247
518 995
519 198
520 352
521 1094
522 738
523 897
524 934
525 726
526 236
527 739
528 12
529 388
530 1048
531 573
532 107
533 1391
534 1388
535 371
536 335
537 419
538 84
539 1114
540 1140
541 30
542 577
543 1180
544 147
545 606
546 1260
547 1273
548 1285
549 1208
550 924
551 1112
552 562
553 848
554 339
555 533
556 1366
557 972
558 399
559 282
560 1150
561 569
562 313
563 5
564 97
565 1209
566 1027
567 657
568 146
569 1090
570 166
571 1083
572 308
573 1009
574 1377
575 59
576 848
577 1360
578 1009
579 1150
580 851
581 459
582 1089
583 1331
584 1406
585 1214
586 388
587 402
588 758
589 1223
590 653
591 398
592 1203
593 6
594 381
595 1226
596 49
597 791
598 24
599 0
600 93
601 190
602 960
603 1103
604 877
605 1141
606 1215
607 560
608 1347
609 689
610 1189
611 849
612 511
613 785
614 302
615 678
616 840
617 293
618 947
619 276
620 1
621 1155
622 980
623 705
624 438
625 1081
626 851
627 1043
628 1331
629 1277
630 1307
631 215
632 1309
633 159
634 802
635 1351
636 907
637 133
638 922
639 149
640 1129
641 815
642 1178
643 1168
644 746
645 1094
646 1415
647 950
648 183
649 1063
650 966
651 439
652 943
653 1190
654 376
655 704
656 585
657 89
658 637
659 495
660 1264
661 926
662 1219
663 776
664 94
665 803
666 1
667 623
668 1302
669 1403
670 145
671 652
672 1141
673 1039
674 1186
675 961
676 1017
677 1047
678 181
679 688
680 1177
681 1212
682 411
683 1108
684 679
685 871
686 850
687 756
688 1335
689 217
690 720
691 342
692 1079
693 439
694 1126
695 979
696 1083
697 1003
698 1310
699 728
700 270
701 650
702 443
703 1204
704 1125
705 760
706 1302
707 197
708 886
709 1353
710 172
711 926
712 1308
713 579
714 1154
715 563
716 516
717 916
718 994
719 1363
720 860
721 889
722 570
723 1220
724 77
725 485
726 476
727 1117
728 1297
729 505
730 1366
731 157
732 301
733 26
734 1087
735 306
736 662
737 1245
738 375
739 763
740 255
741 1
742 1001
743 748
744 591
745 1272
746 859
747 301
748 777
749 427
750 48
751 1317
752 35
753 1329
754 259
755 1055
756 1061
757 1228
758 135
759 1259
760 513
761 574
762 781
763 955
764 481
765 76
766 870
767 1334
768 228
769 396
770 277
771 1181
772 793
773 170
774 935
775 1032
776 699
777 1338
778 525
779 187
780 840
781 78
782 11
783 1193
784 1299
785 1182
786 1185
787 1105
788 300
789 1096
790 43
791 1332
792 1091
793 268
794 242
795 202
796 820
797 475
798 508
799 994
800 615
801 1155
802 799
803 207
804 488
805 329
806 10
807 377
808 574
809 1203
810 1109
811 30
812 900
813 196
814 682
815 1228
816 278
817 70
818 1370
819 1171
820 351
821 372
822 1093
823 1346
824 412
825 125
826 976
827 1119
828 410
829 798
830 280
831 1258
832 1312
833 1058
834 455
835 184
836 914
837 323
838 102
839 953
840 751
841 698
842 117
843 1403
844 187
845 975
846 177
847 70
848 291
849 59
850 458
851 443
852 863
853 297
854 558
855 654
856 973
857 1358
858 241
859 724
860 377
861 1166
862 1016
863 953
864 646
865 1371
866 765
867 468
868 1101
869 876
870 1248
871 406
872 672
873 366
874 256
875 121
876 1186
877 1246
878 999
879 335
880 806
881 1028
882 147
883 642
884 194
885 124
886 1215
887 376
888 822
889 591
890 775
891 974
892 590
893 446
894 1249
895 9
896 1368
897 1408
898 1091
899 886
900 977
901 1005
902 497
903 1242
904 420
905 1221
906 657
907 185
908 213
909 77
910 962
911 160
912 1161
913 309
914 524
915 892
916 406
917 778
918 179
919 831
920 518
921 808
922 1148
923 1025
924 327
925 215
926 380
927 955
928 133
929 439
930 904
931 1108
932 208
933 1361
934 547
935 907
936 565
937 694
938 1126
939 95
940 872
941 1147
942 198
943 336
944 1150
945 1132
946 721
947 1403
948 663
949 291
950 288
951 294
952 278
953 400
954 428
955 210
956 23
957 329
958 686
959 1275
960 988
961 898
962 756
963 408
964 762
965 1237
966 1299
967 73
968 558
969 965
970 1252
971 14
972 560
973 1349
974 1324
975 1092
976 1368
977 1004
978 91
979 900
980 350
981 393
982 267
983 743
984 893
985 1010
986 912
987 682
988 1326
989 993
990 1054
991 343
992 747
993 267
994 171
995 452
996 581
997 909
998 1249
999 404
1000 900
1001 717
1002 1230
1003 615
1004 1411
1005 1063
1006 1095
1007 423
1008 149
1009 138
1010 810
1011 1399
1012 1335
1013 1046
1014 649
1015 258
1016 213
1017 305
1018 1024
1019 1133
1020 357
1021 790
1022 1297
1023 178
1024 819
1025 637
1026 947
1027 181
1028 239
1029 69
1030 17
1031 1024
1032 373
1033 417
1034 963
1035 384
1036 152
1037 475
1038 745
1039 1350
1040 144
1041 134
1042 1279
1043 393
1044 402
1045 448
1046 847
1047 1249
1048 1198
1049 1269
1050 215
1051 813
1052 1231
1053 1103
1054 159
1055 630
1056 74
1057 484
1058 639
1059 267
1060 772
1061 235
1062 262
1063 799
1064 67
1065 183
1066 264
1067 1225
1068 1090
1069 738
1070 864
1071 972
1072 718
1073 1346
1074 311
1075 668
1076 488
1077 919
1078 772
1079 826
1080 169
1081 885
1082 901
1083 1100
1084 1045
1085 465
1086 1318
1087 222
1088 533
1089 1019
1090 742
1091 392
1092 818
1093 537
1094 923
1095 271
1096 684
1097 711
1098 468
1099 348
1100 1233
1101 1158
1102 600
1103 1263
1104 884
1105 343
1106 189
1107 848
1108 1298
1109 1075
1110 921
1111 864
1112 1160
1113 713
1114 162
1115 185
1116 749
1117 1252
1118 884
1119 29
1120 281
1121 854
1122 1022
1123 238
1124 33
1125 26
1126 1167
1127 758
1128 248
1129 1179
1130 951
1131 588
1132 377
1133 40
1134 340
1135 427
1136 1162
1137 823
1138 1134
1139 1296
1140 1355
1141 889
1142 418
1143 1414
1144 89
1145 520
1146 243
1147 1362
1148 76
1149 461
1150 59
1151 1074
1152 762
1153 119
1154 793
1155 40
1156 103
1157 631
1158 926
1159 1165
1160 154
1161 592
1162 189
1163 1171
1164 421
1165 1266
1166 767
1167 1135
1168 905
1169 1185
1170 200
1171 170
1172 1122
1173 543
1174 1279
1175 1303
1176 1413
1177 451
1178 189
1179 898
1180 350
1181 967
1182 10
1183 745
1184 609
1185 1112
1186 1254
1187 584
1188 1180
1189 19
1190 315
1191 1238
1192 417
1193 1182
1194 1130
1195 1272
1196 420
1197 1343
1198 1334
1199 906
1200 1273
1201 1322
1202 1211
1203 463
1204 1321
1205 8
1206 70
1207 246
1208 1278
1209 472
1210 426
1211 49
1212 1160
1213 82
1214 1106
1215 1174
1216 1351
1217 1157
1218 155
1219 1077
1220 953
1221 796
1222 1188
1223 353
1224 1135
1225 667
1226 823
1227 1183
1228 563
1229 947
1230 989
1231 1148
1232 822
1233 150
1234 97
1235 33
1236 402
1237 776
1238 104
1239 429
1240 3
1241 1350
1242 524
1243 1132
1244 151
1245 1372
1246 379
1247 1157
1248 991
1249 554
1250 628
1251 697
1252 714
1253 224
1254 911
1255 179
1256 828
1257 760
1258 1061
1259 1374
1260 209
1261 1404
1262 552
1263 92
1264 1267
1265 644
1266 1163
1267 188
1268 769
1269 501
1270 1180
1271 1248
1272 318
1273 354
1274 1242
1275 917
1276 395
1277 1189
1278 532
1279 713
1280 19
1281 384
1282 42
1283 1021
1284 1042
1285 1105
1286 1034
1287 964
1288 745
1289 748
1290 20
1291 298
1292 789
1293 233
1294 305
1295 675
1296 120
1297 728
1298 238
1299 1397
1300 1091
1301 1262
1302 660
1303 510
1304 1150
1305 163
1306 959
1307 934
1308 1357
1309 1010
1310 1395
1311 934
1312 743
1313 777
1314 367
1315 641
1316 1075
1317 180
1318 589
1319 14
1320 1043
1321 611
1322 93
1323 457
1324 829
1325 132
1326 940
1327 458
1328 1343
1329 136
1330 891
1331 316
1332 507
1333 260
1334 412
1335 161
1336 754
1337 1054
1338 13
1339 1033
1340 227
1341 143
1342 944
1343 71
1344 1242
1345 421
1346 963
1347 1379
1348 1247
1349 1080
1350 596
1351 591
1352 541
1353 1230
1354 1260
1355 860
1356 792
1357 821
1358 425
1359 287
1360 1200
1361 1164
1362 847
1363 1375
1364 1249
1365 1307
1366 195
1367 1163
1368 931
1369 327
1370 1033
1371 1382
1372 724
1373 1279
1374 320
1375 569
1376 1385
1377 724
1378 944
1379 1379
1380 1051
1381 635
1382 425
1383 38
1384 40
1385 1091
1386 862
1387 363
1388 400
1389 83
1390 463
1391 1353
1392 216
1393 15
1394 356
1395 1119
1396 419
1397 1017
1398 875
1399 969
1400 305
1401 551
1402 1009
1403 1263
1404 974
1405 948
1406 264
1407 208
1408 870
1409 968
1410 970
1411 18
1412 709
1413 474
1414 402
1415 193
1416 444
