0 22
1 1346
2 288
3 1256
4 478
5 158
6 737
7 341
8 697
9 126
10 111
11 288
12 1191
13 459
14 776
15 332
16 1394
17 643
18 220
19 147
20 1389
21 1140
22 109
23 863
24 685
25 1257
26 885
27 80
28 228
29 802
30 1014
31 14
32 186
33 1410
34 304
35 2
36 310
37 944
38 395
39 482
40 1095
41 69
42 783
43 27
44 1210
45 175
46 1409
47 158
48 372
49 21
50 1064
51 1338
52 287
53 449
54 690
55 521
56 1360
57 1135
58 923
59 1204
60 301
61 494
62 811
63 963
64 481
65 132
66 804
67 361
68 775
69 541
70 296
71 727
72 1306
73 251
74 399
75 892
76 746
77 950
78 1118
79 908
80 467
81 1241
82 176
83 410
84 1295
85 733
86 895
87 690
88 136
89 11
90 904
91 68
92 196
93 138
94 388
95 967
96 36
97 1348
98 1179
99 17
100 270
101 755
102 199
103 507
104 115
105 1292
106 854
107 966
108 1010
109 817
110 50
111 116
112 395
113 514
114 952
115 687
116 693
117 1011
118 219
119 1240
120 589
121 200
122 1104
123 699
124 1286
125 152
126 409
127 1407
128 1202
129 1398
130 216
131 541
132 848
133 838
134 173
135 881
136 620
137 954
138 1019
139 620
140 1072
141 1126
142 1177
143 12
144 970
145 546
146 1174
147 745
148 207
149 1026
150 927
151 910
152 22
153 1285
154 9
155 1260
156 686
157 233
158 850
159 775
160 330
161 43
162 752
163 162
164 585
165 1412
166 332
167 749
168 220
169 1280
170 1299
171 306
172 293
173 1059
174 1023
175 528
176 131
177 185
178 255
179 1103
180 409
181 105
182 898
183 1271
184 525
185 1301
186 646
187 1207
188 965
189 565
190 285
191 534
192 914
193 173
194 36
195 853
196 517
197 1376
198 63
199 532
200 1033
201 738
202 222
203 267
204 103
205 778
206 1123
207 21
208 1066
209 733
210 644
211 728
212 1113
213 347
214 204
215 742
216 1206
217 743
218 938
219 1247
220 746
221 1192
222 1351
223 1105
224 1407
225 1007
226 851
227 1018
228 117
229 963
230 1074
231 1071
232 437
233 34
234 340
235 653
236 967
237 583
238 805
239 809
240 566
241 275
242 45
243 666
244 11
245 893
246 1330
247 514
248 1354
249 60
250 750
251 563
252 1146
253 741
254 145
255 645
256 952
257 816
258 526
259 916
260 154
261 290
262 875
263 345
264 1161
265 580
266 181
267 588
268 121
269 1291
270 260
271 1182
272 1048
273 269
274 808
275 197
276 376
277 561
278 1049
279 340
280 278
281 583
282 532
283 1233
284 260
285 1308
286 1245
287 1156
288 1096
289 178
290 87
291 658
292 422
293 983
294 972
295 445
296 267
297 87
298 713
299 319
300 1402
301 1231
302 34
303 862
304 877
305 1011
306 1000
307 393
308 928
309 574
310 1062
311 94
312 986
313 1342
314 447
315 1324
316 77
317 450
318 409
319 37
320 17
321 841
322 912
323 1034
324 1325
325 169
326 889
327 157
328 1216
329 1067
330 327
331 919
332 220
333 14
334 347
335 927
336 727
337 1369
338 115
339 1356
340 787
341 740
342 1120
343 1277
344 393
345 1133
346 884
347 344
348 429
349 264
350 598
351 79
352 476
353 1039
354 1356
355 850
356 225
357 1407
358 832
359 1206
360 143
361 271
362 579
363 689
364 1021
365 395
366 143
367 1371
368 910
369 1003
370 817
371 982
372 206
373 1031
374 852
375 238
376 485
377 851
378 941
379 45
380 433
381 275
382 961
383 1158
384 1266
385 377
386 1334
387 316
388 72
389 1096
390 554
391 1316
392 1070
393 960
394 203
395 435
396 391
397 973
398 1372
399 776
400 1041
401 1123
402 1088
403 101
404 1015
405 153
406 1246
407 680
408 293
409 370
410 335
411 103
412 386
413 740
414 810
415 1342
416 1048
417 247
418 516
419 950
420 224
421 827
422 410
423 255
424 225
425 1242
426 1302
427 419
428 461
429 1211
430 199
431 1150
432 94
433 303
434 777
435 855
436 14
437 691
438 1058
439 379
440 815
441 321
442 983
443 1164
444 937
445 369
446 956
447 177
448 47
449 950
450 963
451 374
452 18
453 993
454 954
455 404
456 694
457 912
458 1284
459 1360
460 280
461 1028
462 886
463 1282
464 949
465 191
466 257
467 1071
468 711
469 74
470 1374
471 1381
472 739
473 1370
474 564
475 247
476 19
477 330
478 1143
479 743
480 1175
481 269
482 296
483 962
484 66
485 636
486 208
487 683
488 1335
489 1398
490 1097
491 402
492 1091
493 1158
494 1003
495 964
496 890
497 1085
498 787
499 639
500 595
501 1217
502 283
503 676
504 103
505 491
506 822
507 358
508 1029
509 835
510 1257
511 1317
512 328
513 1194
514 498
515 1140
516 654
517 308
518 623
519 551
520 653
521 1154
522 1016
523 822
524 1116
525 421
526 539
527 1087
528 1361
529 399
530 512
531 442
532 470
533 686
534 1084
535 225
536 1128
537 179
538 566
539 238
540 213
541 862
542 226
543 526
544 666
545 395
546 496
547 1314
548 751
549 91
550 59
551 966
552 1173
553 354
554 64
555 614
556 857
557 659
558 434
559 213
560 930
561 310
562 106
563 220
564 300
565 1296
566 356
567 1027
568 28
569 1156
570 322
571 426
572 159
573 272
574 762
575 1282
576 181
577 789
578 1230
579 1193
580 993
581 377
582 337
583 286
584 1119
585 642
586 696
587 1259
588 1108
589 1161
590 1268
591 634
592 791
593 28
594 691
595 391
596 923
597 356
598 115
599 507
600 367
601 1243
602 178
603 179
604 514
605 894
606 1345
607 1104
608 870
609 843
610 546
611 1193
612 82
613 354
614 622
615 766
616 567
617 761
618 101
619 931
620 633
621 868
622 554
623 835
624 35
625 820
626 420
627 691
628 1134
629 102
630 15
631 859
632 97
633 710
634 774
635 1348
636 529
637 552
638 145
639 925
640 741
641 675
642 678
643 206
644 912
645 173
646 665
647 737
648 736
649 62
650 1361
651 474
652 347
653 981
654 1388
655 765
656 1114
657 1119
658 172
659 564
660 191
661 190
662 340
663 1318
664 1050
665 419
666 57
667 1015
668 1088
669 587
670 511
671 878
672 843
673 489
674 400
675 619
676 1301
677 1224
678 1262
679 529
680 135
681 671
682 677
683 1122
684 81
685 578
686 1211
687 7
688 252
689 1197
690 1365
691 119
692 1407
693 1100
694 1204
695 1190
696 494
697 1246
698 33
699 349
700 82
701 729
702 248
703 1408
704 1366
705 337
706 336
707 849
708 1170
709 81
710 384
711 1324
712 503
713 598
714 652
715 667
716 1120
717 1151
718 177
719 1260
720 524
721 597
722 232
723 1093
724 585
725 111
726 599
727 1326
728 665
729 383
730 684
731 256
732 946
733 154
734 183
735 267
736 745
737 545
738 1412
739 669
740 714
741 86
742 723
743 539
744 724
745 1069
746 826
747 376
748 59
749 457
750 446
751 510
752 959
753 822
754 554
755 407
756 547
757 376
758 1401
759 525
760 887
761 287
762 396
763 320
764 989
765 1060
766 137
767 1354
768 437
769 903
770 670
771 1189
772 1276
773 1131
774 1288
775 756
776 1081
777 1312
778 531
779 368
780 576
781 283
782 977
783 908
784 775
785 80
786 366
787 379
788 401
789 295
790 869
791 333
792 1015
793 1105
794 453
795 1380
796 1111
797 1046
798 359
799 1081
800 1238
801 1392
802 1284
803 1056
804 1056
805 1364
806 501
807 80
808 478
809 534
810 425
811 320
812 1324
813 706
814 701
815 1227
816 632
817 312
818 1084
819 1084
820 153
821 255
822 557
823 398
824 1043
825 554
826 647
827 45
828 254
829 244
830 1127
831 1371
832 55
833 1412
834 1283
835 313
836 26
837 1113
838 313
839 962
840 1131
841 1401
842 82
843 750
844 1197
845 1271
846 857
847 754
848 1183
849 1295
850 1082
851 1200
852 670
853 490
854 360
855 878
856 1027
857 548
858 1332
859 494
860 538
861 760
862 802
863 502
864 731
865 1315
866 1197
867 1134
868 283
869 809
870 302
871 294
872 1257
873 1217
874 1012
875 1380
876 1301
877 1029
878 487
879 1334
880 1195
881 647
882 239
883 855
884 647
885 292
886 317
887 52
888 117
889 904
890 1257
891 700
892 1416
893 1318
894 512
895 1364
896 29
897 138
898 56
899 420
900 860
901 812
902 1173
903 1268
904 534
905 1166
906 1172
907 412
908 1020
909 347
910 666
911 1181
912 1166
913 469
914 946
915 253
916 130
917 845
918 607
919 826
920 672
921 327
922 1279
923 300
924 505
925 95
926 126
927 306
928 678
929 958
930 333
931 1106
932 983
933 630
934 860
935 1033
936 213
937 1070
938 1388
939 877
940 529
941 322
942 287
943 961
944 494
945 883
946 935
947 238
948 1022
949 1405
950 924
951 926
952 915
953 764
954 121
955 1056
956 63
957 378
958 787
959 217
960 707
961 278
962 852
963 1200
964 1228
965 1029
966 314
967 599
968 157
969 1027
970 931
971 14
972 772
973 777
974 387
975 1073
976 809
977 217
978 1137
979 110
980 874
981 1100
982 408
983 674
984 1409
985 562
986 1252
987 862
988 866
989 40
990 212
991 603
992 1361
993 882
994 437
995 408
996 1132
997 41
998 1381
999 98
1000 91
1001 1354
1002 888
1003 203
1004 836
1005 509
1006 983
1007 1057
1008 1125
1009 1279
1010 138
1011 1025
1012 551
1013 239
1014 918
1015 1264
1016 1009
1017 297
1018 1038
1019 303
1020 1304
1021 563
1022 31
1023 576
1024 226
1025 687
1026 470
1027 155
1028 844
1029 26
1030 1149
1031 1085
1032 558
1033 594
1034 694
1035 782
1036 1277
1037 571
1038 627
1039 1393
1040 469
1041 1127
1042 1122
1043 1022
1044 357
1045 734
1046 472
1047 219
1048 492
1049 396
1050 579
1051 826
1052 703
1053 1173
1054 1145
1055 1003
1056 305
1057 1223
1058 930
1059 412
1060 231
1061 1250
1062 1098
1063 831
1064 1319
1065 1119
1066 955
1067 999
1068 264
1069 1254
1070 40
1071 560
1072 706
1073 1387
1074 967
1075 349
1076 560
1077 435
1078 332
1079 1145
1080 964
1081 663
1082 820
1083 1028
1084 231
1085 784
1086 1156
1087 995
1088 56
1089 26
1090 776
1091 1315
1092 824
1093 743
1094 1113
1095 1111
1096 135
1097 1010
1098 1331
1099 427
1100 1347
1101 1393
1102 65
1103 457
1104 514
1105 388
1106 1234
1107 980
1108 1370
1109 47
1110 241
1111 898
1112 333
1113 1362
1114 28
1115 951
1116 172
1117 1351
1118 1190
1119 119
1120 347
1121 306
1122 1253
1123 103
1124 1233
1125 661
1126 464
1127 181
1128 182
1129 633
1130 788
1131 680
1132 919
1133 877
1134 1317
1135 1292
1136 67
1137 309
1138 1112
1139 1330
1140 455
1141 220
1142 1127
1143 1115
1144 681
1145 129
1146 372
1147 1112
1148 1027
1149 603
1150 1230
1151 406
1152 155
1153 582
1154 140
1155 152
1156 561
1157 807
1158 1100
1159 499
1160 46
1161 793
1162 272
1163 120
1164 915
1165 1361
1166 914
1167 839
1168 245
1169 1201
1170 143
1171 389
1172 115
1173 957
1174 48
1175 461
1176 1053
1177 1325
1178 157
1179 1318
1180 1201
1181 58
1182 493
1183 1074
1184 1262
1185 1076
1186 1362
1187 998
1188 562
1189 919
1190 1324
1191 1248
1192 995
1193 1049
1194 137
1195 594
1196 391
1197 1002
1198 554
1199 1027
1200 1199
1201 82
1202 821
1203 1292
1204 486
1205 719
1206 1084
1207 1402
1208 202
1209 960
1210 959
1211 592
1212 106
1213 956
1214 819
1215 1399
1216 1053
1217 1059
1218 740
1219 149
1220 766
1221 1279
1222 653
1223 385
1224 806
1225 456
1226 1261
1227 758
1228 1402
1229 346
1230 767
1231 554
1232 1061
1233 1137
1234 490
1235 109
1236 1340
1237 732
1238 166
1239 247
1240 679
1241 223
1242 277
1243 1409
1244 578
1245 910
1246 928
1247 745
1248 758
1249 612
1250 1198
1251 1156
1252 823
1253 1119
1254 1318
1255 347
1256 215
1257 861
1258 859
1259 420
1260 1267
1261 86
1262 869
1263 262
1264 1306
1265 964
1266 1165
1267 309
1268 832
1269 1189
1270 606
1271 512
1272 190
1273 1395
1274 1414
1275 1221
1276 1389
1277 1270
1278 1153
1279 219
1280 932
1281 616
1282 275
1283 1337
1284 177
1285 287
1286 530
1287 820
1288 775
1289 104
1290 983
1291 1071
1292 302
1293 1182
1294 846
1295 51
1296 1324
1297 1029
1298 942
1299 584
1300 1401
1301 283
1302 1094
1303 713
1304 896
1305 268
1306 700
1307 613
1308 512
1309 1194
1310 1414
1311 432
1312 750
1313 399
1314 298
1315 1396
1316 429
1317 790
1318 181
1319 252
1320 54
1321 609
1322 319
1323 568
1324 222
1325 1266
1326 785
1327 840
1328 798
1329 933
1330 789
1331 1155
1332 588
1333 368
1334 1277
1335 1048
1336 707
1337 760
1338 239
1339 111
1340 70
1341 1320
1342 273
1343 392
1344 637
1345 1000
1346 146
1347 738
1348 707
1349 187
1350 193
1351 433
1352 1129
1353 1098
1354 1142
1355 883
1356 1323
1357 81
1358 32
1359 161
1360 10
1361 367
1362 1092
1363 1163
1364 1015
1365 454
1366 692
1367 1400
1368 630
1369 234
1370 935
1371 825
1372 1294
1373 20
1374 156
1375 922
1376 21
1377 1032
1378 469
1379 1410
1380 358
1381 1285
1382 166
1383 595
1384 1281
1385 695
1386 1249
1387 1090
1388 492
1389 605
1390 396
1391 69
1392 128
1393 742
1394 658
1395 200
1396 14
1397 369
1398 938
1399 1003
1400 182
1401 728
1402 1203
1403 1280
1404 999
1405 166
1406 933
1407 1210
1408 84
1409 1259
1410 719
1411 453
1412 909
1413 502
1414 574
1415 594
1416 1072
0 1166
1 1305
2 288
3 1256
4 478
5 456
6 1221
7 428
8 697
9 572
10 207
11 288
12 190
13 459
14 436
15 332
16 1394
17 1253
18 1183
19 147
20 696
21 1389
22 899
23 863
24 685
25 1257
26 885
27 1127
28 728
29 802
30 1014
31 540
32 986
33 215
34 618
35 934
36 310
37 848
38 395
39 433
40 1095
41 113
42 915
43 27
44 290
45 665
46 1409
47 158
48 1261
49 864
50 1064
51 1338
52 0
53 1228
54 690
55 486
56 1360
57 645
58 923
59 1066
60 301
61 1143
62 739
63 963
64 907
65 132
66 1367
67 361
68 739
69 541
70 1373
71 1050
72 1306
73 711
74 399
75 892
76 1068
77 237
78 1118
79 1384
80 1227
81 1241
82 792
83 410
84 105
85 609
86 1337
87 690
88 272
89 11
90 840
91 1415
92 460
93 138
94 902
95 967
96 211
97 1199
98 830
99 17
100 270
101 755
102 831
103 449
104 1056
105 648
106 854
107 1326
108 951
109 242
110 588
111 223
112 463
113 349
114 1413
115 687
116 1408
117 172
118 441
119 534
120 589
121 200
122 981
123 1296
124 1007
125 478
126 409
127 1407
128 812
129 1398
130 1018
131 541
132 796
133 769
134 822
135 881
136 620
137 954
138 1398
139 1131
140 1072
141 1227
142 1177
143 330
144 970
145 546
146 1174
147 808
148 1228
149 1026
150 927
151 1172
152 22
153 1101
154 9
155 695
156 231
157 788
158 581
159 101
160 1056
161 859
162 1246
163 309
164 331
165 357
166 214
167 982
168 1035
169 1280
170 1061
171 306
172 755
173 1059
174 371
175 543
176 124
177 532
178 1347
179 761
180 481
181 105
182 781
183 1271
184 1360
185 186
186 540
187 1207
188 1196
189 525
190 285
191 534
192 914
193 721
194 36
195 853
196 130
197 1376
198 1305
199 1330
200 885
201 738
202 222
203 635
204 944
205 1198
206 578
207 21
208 1402
209 553
210 644
211 426
212 242
213 993
214 204
215 742
216 1257
217 1222
218 938
219 303
220 746
221 608
222 318
223 1105
224 1407
225 990
226 416
227 1018
228 117
229 963
230 1074
231 1071
232 437
233 34
234 1309
235 40
236 558
237 68
238 1233
239 809
240 1268
241 194
242 771
243 666
244 11
245 893
246 299
247 1235
248 349
249 328
250 813
251 293
252 845
253 651
254 662
255 398
256 381
257 1238
258 1090
259 931
260 335
261 654
262 875
263 787
264 563
265 580
266 181
267 680
268 1235
269 537
270 1274
271 899
272 717
273 991
274 869
275 197
276 376
277 92
278 1049
279 1365
280 843
281 1018
282 532
283 1233
284 490
285 816
286 1245
287 705
288 948
289 178
290 87
291 658
292 422
293 1050
294 972
295 946
296 267
297 1380
298 713
299 319
300 1402
301 1231
302 34
303 965
304 877
305 1319
306 1087
307 341
308 959
309 450
310 568
311 89
312 1029
313 1175
314 447
315 867
316 630
317 450
318 784
319 358
320 724
321 841
322 421
323 1034
324 1195
325 169
326 889
327 1145
328 1216
329 1067
330 327
331 919
332 1165
333 14
334 544
335 431
336 727
337 1369
338 115
339 1356
340 787
341 740
342 1312
343 1277
344 875
345 1133
346 973
347 284
348 429
349 264
350 67
351 466
352 49
353 1039
354 1002
355 850
356 225
357 252
358 832
359 1214
360 1225
361 366
362 579
363 689
364 1021
365 395
366 192
367 1371
368 93
369 550
370 577
371 897
372 362
373 29
374 852
375 108
376 884
377 851
378 1310
379 1077
380 433
381 275
382 961
383 239
384 355
385 375
386 1334
387 679
388 668
389 51
390 640
391 1316
392 1070
393 960
394 203
395 779
396 23
397 973
398 807
399 236
400 1187
401 1123
402 1088
403 1402
404 1015
405 153
406 387
407 680
408 293
409 370
410 335
411 103
412 386
413 740
414 810
415 1367
416 708
417 867
418 710
419 333
420 1244
421 827
422 410
423 448
424 225
425 1381
426 1302
427 319
428 573
429 1211
430 144
431 877
432 254
433 1282
434 168
435 730
436 728
437 946
438 1038
439 379
440 630
441 321
442 1048
443 1022
444 937
445 369
446 956
447 177
448 394
449 950
450 963
451 374
452 18
453 867
454 603
455 273
456 694
457 912
458 293
459 1360
460 280
461 1028
462 886
463 466
464 949
465 191
466 664
467 1071
468 711
469 1032
470 611
471 1381
472 739
473 442
474 851
475 837
476 318
477 330
478 1278
479 743
480 1175
481 1209
482 296
483 499
484 66
485 71
486 208
487 210
488 842
489 1398
490 1097
491 1362
492 1147
493 887
494 1003
495 964
496 748
497 858
498 1009
499 639
500 278
501 1352
502 780
503 676
504 415
505 491
506 1131
507 358
508 1395
509 89
510 595
511 1317
512 206
513 245
514 784
515 63
516 654
517 465
518 714
519 1218
520 653
521 1154
522 810
523 822
524 349
525 462
526 539
527 1303
528 927
529 399
530 1293
531 442
532 1299
533 1127
534 1242
535 499
536 1128
537 92
538 566
539 251
540 213
541 862
542 226
543 710
544 422
545 395
546 496
547 1314
548 1008
549 130
550 59
551 966
552 246
553 354
554 469
555 211
556 857
557 890
558 691
559 523
560 662
561 310
562 106
563 337
564 300
565 1150
566 442
567 1027
568 28
569 1156
570 1268
571 426
572 569
573 272
574 648
575 388
576 181
577 354
578 224
579 991
580 993
581 377
582 337
583 286
584 888
585 1221
586 483
587 963
588 1108
589 1033
590 367
591 634
592 1165
593 28
594 691
595 1049
596 923
597 356
598 1304
599 507
600 698
601 19
602 723
603 635
604 1276
605 954
606 1345
607 655
608 117
609 843
610 1010
611 1024
612 82
613 532
614 622
615 779
616 731
617 414
618 101
619 931
620 633
621 670
622 65
623 599
624 35
625 581
626 420
627 1330
628 51
629 102
630 1090
631 1029
632 49
633 398
634 481
635 353
636 949
637 815
638 842
639 21
640 741
641 675
642 678
643 774
644 1134
645 173
646 671
647 1317
648 1362
649 1103
650 1361
651 25
652 477
653 1289
654 1388
655 765
656 1114
657 517
658 230
659 564
660 1253
661 462
662 1207
663 902
664 130
665 419
666 108
667 31
668 973
669 587
670 135
671 878
672 843
673 489
674 549
675 619
676 779
677 1224
678 528
679 529
680 135
681 671
682 677
683 1122
684 81
685 578
686 1211
687 673
688 258
689 1197
690 840
691 1303
692 968
693 1090
694 532
695 1190
696 219
697 1246
698 33
699 349
700 82
701 729
702 373
703 1408
704 677
705 474
706 1301
707 796
708 1170
709 81
710 368
711 1141
712 661
713 1337
714 379
715 667
716 1120
717 1151
718 177
719 1260
720 62
721 523
722 232
723 1093
724 998
725 423
726 1202
727 1326
728 917
729 682
730 605
731 107
732 912
733 154
734 1162
735 267
736 516
737 383
738 1412
739 669
740 714
741 188
742 723
743 497
744 724
745 1069
746 57
747 376
748 127
749 457
750 446
751 510
752 541
753 538
754 1275
755 1057
756 1050
757 376
758 1401
759 470
760 826
761 287
762 311
763 320
764 374
765 840
766 1086
767 1354
768 692
769 903
770 475
771 608
772 299
773 1131
774 1288
775 726
776 1278
777 1312
778 531
779 1405
780 947
781 450
782 722
783 908
784 1415
785 80
786 635
787 379
788 401
789 1263
790 869
791 227
792 1015
793 1243
794 748
795 838
796 1111
797 1377
798 359
799 1081
800 1238
801 413
802 1284
803 1187
804 1056
805 1094
806 194
807 80
808 478
809 534
810 425
811 441
812 1324
813 989
814 701
815 4
816 1165
817 312
818 1084
819 767
820 783
821 123
822 557
823 1286
824 1043
825 490
826 780
827 1040
828 254
829 244
830 314
831 1371
832 845
833 1412
834 711
835 732
836 26
837 1113
838 1026
839 239
840 1131
841 66
842 82
843 750
844 1197
845 203
846 857
847 500
848 257
849 715
850 1082
851 1185
852 670
853 1213
854 284
855 878
856 844
857 548
858 1332
859 996
860 693
861 760
862 802
863 502
864 731
865 1315
866 1155
867 717
868 611
869 923
870 848
871 940
872 1257
873 1217
874 1012
875 242
876 270
877 1029
878 355
879 498
880 958
881 236
882 239
883 440
884 213
885 292
886 317
887 327
888 132
889 1348
890 1271
891 700
892 1416
893 775
894 512
895 1364
896 1385
897 138
898 56
899 437
900 860
901 812
902 1203
903 1349
904 1042
905 1166
906 1266
907 412
908 1404
909 347
910 666
911 1254
912 935
913 155
914 946
915 253
916 501
917 845
918 459
919 418
920 729
921 1009
922 1279
923 300
924 505
925 95
926 126
927 823
928 678
929 601
930 333
931 874
932 1041
933 630
934 860
935 406
936 213
937 319
938 895
939 53
940 863
941 1262
942 287
943 961
944 494
945 983
946 935
947 238
948 149
949 201
950 1221
951 655
952 1007
953 619
954 1306
955 785
956 743
957 447
958 206
959 217
960 278
961 1322
962 852
963 1283
964 1244
965 343
966 314
967 599
968 157
969 670
970 931
971 460
972 637
973 1137
974 387
975 72
976 809
977 217
978 138
979 674
980 1055
981 1100
982 1059
983 831
984 814
985 562
986 777
987 1083
988 1023
989 1414
990 1012
991 603
992 1361
993 882
994 437
995 1323
996 1188
997 794
998 1381
999 98
1000 91
1001 1354
1002 888
1003 1113
1004 836
1005 509
1006 575
1007 739
1008 1409
1009 1279
1010 608
1011 195
1012 910
1013 239
1014 964
1015 760
1016 1009
1017 1078
1018 1038
1019 235
1020 1160
1021 563
1022 933
1023 30
1024 1131
1025 331
1026 1318
1027 836
1028 278
1029 1163
1030 1149
1031 1085
1032 48
1033 739
1034 621
1035 901
1036 189
1037 929
1038 959
1039 743
1040 469
1041 241
1042 1246
1043 251
1044 357
1045 773
1046 162
1047 1316
1048 492
1049 576
1050 48
1051 826
1052 708
1053 1173
1054 1145
1055 416
1056 551
1057 1223
1058 650
1059 767
1060 791
1061 174
1062 48
1063 1164
1064 1319
1065 1164
1066 1334
1067 903
1068 891
1069 1282
1070 97
1071 176
1072 706
1073 1387
1074 836
1075 659
1076 560
1077 1231
1078 332
1079 1140
1080 1121
1081 1055
1082 820
1083 156
1084 725
1085 784
1086 1159
1087 995
1088 342
1089 811
1090 621
1091 742
1092 562
1093 354
1094 1146
1095 26
1096 188
1097 652
1098 1004
1099 550
1100 452
1101 8
1102 65
1103 1076
1104 1027
1105 388
1106 1285
1107 1002
1108 186
1109 47
1110 241
1111 898
1112 527
1113 1362
1114 28
1115 121
1116 172
1117 343
1118 1075
1119 558
1120 347
1121 896
1122 913
1123 1194
1124 1233
1125 661
1126 1304
1127 534
1128 289
1129 633
1130 961
1131 680
1132 811
1133 94
1134 1317
1135 88
1136 691
1137 309
1138 242
1139 1330
1140 455
1141 714
1142 1127
1143 1115
1144 681
1145 54
1146 399
1147 820
1148 1027
1149 787
1150 261
1151 406
1152 1115
1153 726
1154 1228
1155 152
1156 251
1157 90
1158 1100
1159 1324
1160 46
1161 793
1162 272
1163 120
1164 38
1165 278
1166 914
1167 239
1168 592
1169 986
1170 965
1171 1364
1172 441
1173 393
1174 48
1175 461
1176 368
1177 1325
1178 1408
1179 224
1180 1201
1181 58
1182 1082
1183 1167
1184 1364
1185 250
1186 1389
1187 998
1188 562
1189 919
1190 397
1191 1248
1192 916
1193 1049
1194 137
1195 297
1196 180
1197 1002
1198 554
1199 1027
1200 705
1201 122
1202 821
1203 337
1204 695
1205 397
1206 1084
1207 825
1208 202
1209 960
1210 959
1211 1301
1212 60
1213 374
1214 719
1215 256
1216 68
1217 736
1218 28
1219 184
1220 766
1221 1380
1222 1115
1223 1185
1224 806
1225 456
1226 1317
1227 1261
1228 1402
1229 1297
1230 1198
1231 279
1232 602
1233 1114
1234 645
1235 489
1236 1340
1237 1361
1238 1240
1239 343
1240 1212
1241 223
1242 1151
1243 1409
1244 92
1245 132
1246 928
1247 745
1248 758
1249 569
1250 1198
1251 1156
1252 823
1253 1119
1254 1318
1255 1155
1256 1311
1257 861
1258 859
1259 420
1260 1267
1261 86
1262 325
1263 459
1264 1362
1265 679
1266 776
1267 309
1268 832
1269 1189
1270 606
1271 512
1272 1239
1273 1395
1274 453
1275 1221
1276 585
1277 533
1278 143
1279 618
1280 454
1281 616
1282 275
1283 1337
1284 177
1285 500
1286 943
1287 820
1288 775
1289 104
1290 123
1291 1071
1292 980
1293 60
1294 846
1295 1405
1296 993
1297 318
1298 1162
1299 1324
1300 1139
1301 1141
1302 1385
1303 713
1304 392
1305 268
1306 700
1307 315
1308 512
1309 1194
1310 1414
1311 45
1312 1132
1313 1109
1314 298
1315 1396
1316 1297
1317 761
1318 249
1319 1207
1320 912
1321 807
1322 319
1323 1160
1324 222
1325 1266
1326 840
1327 860
1328 798
1329 933
1330 626
1331 1155
1332 457
1333 368
1334 1277
1335 991
1336 707
1337 760
1338 239
1339 111
1340 70
1341 856
1342 1178
1343 996
1344 600
1345 1193
1346 146
1347 738
1348 707
1349 187
1350 814
1351 433
1352 360
1353 480
1354 1142
1355 883
1356 1323
1357 967
1358 32
1359 8
1360 10
1361 367
1362 1219
1363 982
1364 1015
1365 454
1366 692
1367 1400
1368 767
1369 234
1370 1304
1371 825
1372 1294
1373 20
1374 1100
1375 802
1376 21
1377 1032
1378 469
1379 464
1380 73
1381 1285
1382 641
1383 595
1384 304
1385 227
1386 1152
1387 1090
1388 817
1389 605
1390 332
1391 1238
1392 100
1393 742
1394 658
1395 932
1396 14
1397 528
1398 938
1399 1003
1400 182
1401 64
1402 1062
1403 1262
1404 1272
1405 941
1406 716
1407 1210
1408 1247
1409 925
1410 719
1411 713
1412 909
1413 1309
1414 1132
1415 594
1416 531
