0 1271
1 653
2 344
3 1408
4 621
5 483
6 855
7 632
8 253
9 78
10 269
11 959
12 1098
13 1369
14 572
15 192
16 657
17 167
18 699
19 1156
20 1145
21 1170
22 171
23 368
24 522
25 579
26 728
27 1154
28 461
29 819
30 1289
31 1093
32 828
33 527
34 402
35 1150
36 1028
37 998
38 1282
39 633
40 119
41 1341
42 298
43 298
44 1148
45 1025
46 642
47 508
48 1185
49 1299
50 779
51 890
52 784
53 613
54 362
55 566
56 812
57 536
58 905
59 1156
60 634
61 724
62 1101
63 939
64 432
65 612
66 1221
67 226
68 1401
69 580
70 1079
71 218
72 1392
73 105
74 731
75 133
76 643
77 1140
78 30
79 834
80 929
81 1206
82 1184
83 100
84 400
85 591
86 979
87 423
88 423
89 866
90 1351
91 659
92 489
93 501
94 210
95 1067
96 602
97 724
98 145
99 536
100 1063
101 1269
102 1410
103 1392
104 4
105 1094
106 1190
107 1339
108 388
109 289
110 767
111 801
112 680
113 1342
114 762
115 1291
116 1011
117 289
118 23
119 1195
120 27
121 461
122 798
123 1228
124 255
125 519
126 326
127 1165
128 303
129 716
130 1307
131 251
132 407
133 208
134 141
135 1296
136 1361
137 602
138 161
139 89
140 286
141 630
142 997
143 428
144 373
145 829
146 67
147 1272
148 745
149 730
150 164
151 728
152 1344
153 1220
154 22
155 124
156 669
157 110
158 325
159 424
160 655
161 1348
162 339
163 23
164 15
165 392
166 1269
167 8
168 1357
169 771
170 1103
171 496
172 527
173 1384
174 1027
175 674
176 638
177 1109
178 416
179 1048
180 839
181 751
182 1366
183 1178
184 306
185 847
186 806
187 920
188 130
189 188
190 905
191 973
192 150
193 845
194 728
195 995
196 203
197 885
198 196
199 771
200 396
201 850
202 1207
203 1167
204 168
205 153
206 501
207 602
208 1321
209 1129
210 309
211 358
212 1285
213 1141
214 421
215 552
216 1370
217 1267
218 981
219 554
220 543
221 1191
222 61
223 720
224 452
225 456
226 681
227 1041
228 456
229 1095
230 886
231 1018
232 1040
233 811
234 1184
235 1067
236 1016
237 1150
238 688
239 1394
240 1252
241 1177
242 1031
243 1271
244 14
245 1256
246 541
247 681
248 941
249 750
250 1038
251 190
252 1195
253 979
254 509
255 645
256 1239
257 652
258 871
259 280
260 996
261 116
262 909
263 881
264 576
265 180
266 1111
267 261
268 886
269 668
270 775
271 790
272 1218
273 544
274 965
275 932
276 97
277 459
278 906
279 156
280 100
281 231
282 637
283 499
284 300
285 662
286 1317
287 152
288 393
289 444
290 1263
291 1107
292 1279
293 360
294 489
295 704
296 1238
297 189
298 83
299 525
300 824
301 1055
302 194
303 995
304 75
305 35
306 1136
307 1100
308 1089
309 124
310 923
311 163
312 225
313 966
314 584
315 61
316 633
317 242
318 194
319 1395
320 622
321 292
322 1030
323 1216
324 66
325 47
326 1000
327 444
328 19
329 1310
330 66
331 848
332 222
333 967
334 666
335 627
336 60
337 53
338 350
339 883
340 891
341 838
342 1132
343 89
344 1078
345 832
346 1416
347 670
348 1348
349 42
350 117
351 1309
352 846
353 169
354 1322
355 1110
356 554
357 313
358 14
359 1371
360 256
361 864
362 68
363 10
364 967
365 1254
366 1051
367 624
368 1130
369 1039
370 1098
371 1012
372 1032
373 1138
374 216
375 1346
376 394
377 1365
378 628
379 1221
380 376
381 235
382 890
383 550
384 74
385 790
386 1318
387 244
388 872
389 1189
390 38
391 1113
392 1146
393 933
394 1068
395 531
396 964
397 1040
398 331
399 175
400 1090
401 439
402 979
403 245
404 588
405 583
406 385
407 673
408 253
409 840
410 49
411 42
412 342
413 286
414 446
415 1196
416 650
417 1144
418 92
419 384
420 1142
421 599
422 507
423 969
424 836
425 1096
426 918
427 198
428 578
429 543
430 1112
431 1190
432 877
433 412
434 1080
435 101
436 1121
437 908
438 1201
439 566
440 893
441 567
442 220
443 304
444 1143
445 1002
446 1292
447 320
448 246
449 449
450 570
451 877
452 880
453 615
454 1106
455 1202
456 108
457 32
458 832
459 625
460 129
461 1174
462 1192
463 378
464 854
465 584
466 1298
467 136
468 269
469 825
470 1069
471 964
472 401
473 1319
474 33
475 690
476 7
477 1063
478 613
479 83
480 706
481 620
482 173
483 1147
484 1134
485 1351
486 1393
487 443
488 119
489 1004
490 1090
491 1045
492 99
493 1195
494 396
495 1130
496 7
497 295
498 686
499 440
500 324
501 79
502 840
503 1304
504 1089
505 1259
506 1403
507 766
508 777
509 586
510 990
511 1145
512 694
513 559
514 377
515 239
516 835
517 269
518 49
519 261
520 219
521 590
522 910
523 1318
524 470
525 998
526 1216
527 686
528 380
529 267
530 1409
531 1015
532 275
533 1019
534 375
535 1325
536 1406
537 1341
538 563
539 300
540 672
541 560
542 1046
543 720
544 767
545 1326
546 1210
547 1249
548 512
549 855
550 236
551 1153
552 97
553 836
554 515
555 457
556 824
557 427
558 223
559 873
560 784
561 80
562 444
563 490
564 1040
565 1267
566 416
567 415
568 1127
569 178
570 1036
571 1276
572 516
573 928
574 397
575 77
576 393
577 99
578 217
579 637
580 1044
581 546
582 696
583 382
584 765
585 942
586 772
587 951
588 408
589 1376
590 1396
591 894
592 898
593 778
594 635
595 293
596 1098
597 137
598 139
599 1352
600 1286
601 38
602 617
603 1287
604 759
605 837
606 208
607 853
608 1327
609 1065
610 1226
611 1198
612 825
613 1287
614 283
615 1276
616 213
617 456
618 599
619 1301
620 1180
621 390
622 604
623 148
624 504
625 104
626 723
627 402
628 228
629 1172
630 98
631 737
632 130
633 1380
634 989
635 321
636 407
637 1146
638 266
639 1275
640 442
641 222
642 150
643 754
644 424
645 160
646 1167
647 453
648 1175
649 163
650 402
651 182
652 1277
653 28
654 628
655 171
656 1279
657 113
658 412
659 58
660 787
661 798
662 1245
663 238
664 495
665 202
666 741
667 959
668 1251
669 854
670 472
671 770
672 1321
673 6
674 372
675 1391
676 447
677 1123
678 578
679 137
680 114
681 1043
682 875
683 1106
684 377
685 48
686 872
687 949
688 520
689 232
690 332
691 1273
692 1043
693 1050
694 1243
695 1052
696 1272
697 788
698 931
699 207
700 12
701 486
702 1130
703 323
704 866
705 579
706 849
707 1287
708 29
709 540
710 79
711 948
712 618
713 1416
714 334
715 104
716 965
717 868
718 789
719 948
720 1405
721 251
722 533
723 474
724 261
725 164
726 50
727 150
728 226
729 250
730 538
731 1244
732 1269
733 943
734 1169
735 481
736 1184
737 1142
738 762
739 1268
740 1179
741 225
742 1261
743 1002
744 1187
745 333
746 6
747 540
748 195
749 589
750 175
751 786
752 66
753 915
754 553
755 398
756 1202
757 1393
758 472
759 916
760 283
761 583
762 474
763 440
764 1181
765 1097
766 1076
767 712
768 1138
769 688
770 197
771 938
772 6
773 995
774 715
775 904
776 115
777 228
778 1089
779 1304
780 308
781 1259
782 157
783 559
784 226
785 1116
786 1330
787 1259
788 158
789 721
790 222
791 793
792 1289
793 546
794 634
795 1058
796 197
797 1220
798 303
799 800
800 588
801 1059
802 461
803 836
804 320
805 791
806 1291
807 829
808 265
809 590
810 577
811 1389
812 799
813 295
814 1227
815 127
816 519
817 1344
818 1230
819 1135
820 222
821 406
822 1144
823 522
824 343
825 994
826 1194
827 333
828 1101
829 1212
830 1098
831 1390
832 583
833 1267
834 714
835 9
836 650
837 600
838 259
839 430
840 998
841 534
842 1179
843 1406
844 869
845 1228
846 1059
847 1332
848 182
849 1284
850 748
851 1140
852 770
853 328
854 1212
855 595
856 1270
857 849
858 468
859 1161
860 525
861 901
862 1022
863 457
864 414
865 487
866 941
867 425
868 39
869 375
870 59
871 1006
872 951
873 719
874 1301
875 101
876 165
877 800
878 1350
879 1276
880 392
881 1003
882 317
883 255
884 1021
885 1226
886 1174
887 849
888 1060
889 263
890 1340
891 1087
892 526
893 606
894 1103
895 1411
896 408
897 1114
898 221
899 513
900 237
901 1348
902 214
903 135
904 268
905 168
906 803
907 422
908 157
909 719
910 1391
911 524
912 1190
913 914
914 252
915 1238
916 1394
917 579
918 235
919 140
920 1020
921 911
922 354
923 951
924 320
925 22
926 915
927 1135
928 1246
929 875
930 990
931 556
932 1085
933 370
934 870
935 600
936 319
937 438
938 799
939 579
940 40
941 615
942 608
943 1248
944 1275
945 731
946 543
947 1207
948 911
949 672
950 1022
951 839
952 526
953 811
954 1257
955 1226
956 1097
957 699
958 1319
959 695
960 756
961 529
962 1030
963 1048
964 906
965 131
966 757
967 417
968 1388
969 41
970 275
971 750
972 950
973 328
974 0
975 495
976 2
977 912
978 336
979 393
980 365
981 639
982 1151
983 17
984 730
985 1273
986 778
987 335
988 1263
989 1254
990 995
991 1027
992 1264
993 911
994 1057
995 879
996 1367
997 69
998 499
999 456
1000 982
1001 1322
1002 463
1003 1331
1004 826
1005 641
1006 799
1007 1339
1008 756
1009 1306
1010 105
1011 1290
1012 1287
1013 85
1014 559
1015 1268
1016 1416
1017 639
1018 1409
1019 1370
1020 1027
1021 864
1022 1316
1023 784
1024 636
1025 1242
1026 989
1027 936
1028 623
1029 947
1030 750
1031 140
1032 706
1033 473
1034 151
1035 116
1036 1219
1037 150
1038 410
1039 1042
1040 824
1041 440
1042 560
1043 659
1044 365
1045 482
1046 1323
1047 224
1048 976
1049 396
1050 431
1051 1286
1052 1048
1053 1225
1054 433
1055 953
1056 287
1057 311
1058 1087
1059 1088
1060 863
1061 129
1062 917
1063 163
1064 84
1065 335
1066 681
1067 1233
1068 49
1069 459
1070 529
1071 502
1072 1149
1073 404
1074 596
1075 400
1076 1200
1077 840
1078 1150
1079 716
1080 832
1081 1046
1082 760
1083 1187
1084 972
1085 1034
1086 374
1087 1047
1088 431
1089 421
1090 214
1091 125
1092 255
1093 84
1094 647
1095 1053
1096 84
1097 646
1098 343
1099 524
1100 138
1101 131
1102 1076
1103 1211
1104 1181
1105 865
1106 1359
1107 1261
1108 1043
1109 894
1110 35
1111 1362
1112 294
1113 942
1114 527
1115 858
1116 711
1117 706
1118 1025
1119 359
1120 667
1121 1040
1122 743
1123 812
1124 867
1125 1125
1126 1314
1127 916
1128 1413
1129 422
1130 376
1131 954
1132 585
1133 1005
1134 162
1135 889
1136 242
1137 922
1138 42
1139 965
1140 1326
1141 534
1142 1198
1143 812
1144 749
1145 807
1146 875
1147 341
1148 1336
1149 868
1150 1232
1151 147
1152 714
1153 760
1154 679
1155 1346
1156 1290
1157 145
1158 1123
1159 1056
1160 147
1161 192
1162 1316
1163 83
1164 624
1165 295
1166 1153
1167 138
1168 310
1169 1404
1170 793
1171 165
1172 1322
1173 1370
1174 957
1175 248
1176 1230
1177 221
1178 1081
1179 307
1180 573
1181 953
1182 879
1183 980
1184 1334
1185 1358
1186 994
1187 1008
1188 508
1189 631
1190 1320
1191 369
1192 774
1193 528
1194 876
1195 330
1196 402
1197 292
1198 824
1199 1165
1200 1127
1201 555
1202 121
1203 1240
1204 269
1205 1306
1206 1030
1207 704
1208 245
1209 1022
1210 1085
1211 1129
1212 779
1213 601
1214 1221
1215 414
1216 1329
1217 1190
1218 1071
1219 1310
1220 998
1221 387
1222 1302
1223 1235
1224 595
1225 1293
1226 394
1227 966
1228 731
1229 338
1230 426
1231 971
1232 731
1233 798
1234 532
1235 718
1236 752
1237 117
1238 125
1239 238
1240 1001
1241 1140
1242 679
1243 721
1244 1208
1245 106
1246 31
1247 315
1248 743
1249 333
1250 20
1251 829
1252 1037
1253 604
1254 1286
1255 1226
1256 1062
1257 1153
1258 318
1259 738
1260 902
1261 1277
1262 1052
1263 1343
1264 877
1265 785
1266 940
1267 945
1268 847
1269 655
1270 1080
1271 1395
1272 144
1273 628
1274 455
1275 1393
1276 495
1277 1300
1278 467
1279 1071
1280 1006
1281 503
1282 1302
1283 551
1284 452
1285 1390
1286 174
1287 750
1288 247
1289 1018
1290 1024
1291 383
1292 1136
1293 1121
1294 70
1295 1401
1296 147
1297 714
1298 868
1299 737
1300 438
1301 1403
1302 386
1303 958
1304 677
1305 483
1306 1275
1307 262
1308 299
1309 541
1310 223
1311 13
1312 1079
1313 1141
1314 250
1315 1401
1316 804
1317 1011
1318 813
1319 543
1320 102
1321 1308
1322 750
1323 121
1324 835
1325 429
1326 1141
1327 50
1328 865
1329 627
1330 699
1331 1262
1332 20
1333 1292
1334 1347
1335 1169
1336 1003
1337 664
1338 888
1339 37
1340 684
1341 356
1342 448
1343 797
1344 578
1345 1346
1346 1044
1347 826
1348 759
1349 941
1350 799
1351 1358
1352 692
1353 944
1354 175
1355 357
1356 567
1357 166
1358 641
1359 363
1360 149
1361 826
1362 1152
1363 95
1364 196
1365 948
1366 239
1367 263
1368 138
1369 1331
1370 649
1371 161
1372 1115
1373 1180
1374 365
1375 623
1376 1392
1377 590
1378 285
1379 948
1380 968
1381 463
1382 605
1383 455
1384 1181
1385 738
1386 1172
1387 609
1388 866
1389 886
1390 643
1391 1003
1392 1368
1393 1134
1394 496
1395 1303
1396 1210
1397 248
1398 883
1399 233
1400 654
1401 105
1402 613
1403 379
1404 74
1405 1140
1406 33
1407 251
1408 505
1409 653
1410 601
1411 62
1412 739
1413 496
1414 1071
1415 1180
1416 1215
0 1271
1 653
2 344
3 1408
4 961
5 218
6 855
7 329
8 1161
9 1072
10 269
11 959
12 1098
13 1369
14 280
15 192
16 196
17 697
18 699
19 1156
20 1145
21 1170
22 1228
23 704
24 549
25 522
26 728
27 1154
28 1089
29 819
30 1289
31 1093
32 828
33 527
34 807
35 988
36 1028
37 630
38 1282
39 633
40 999
41 1341
42 298
43 240
44 887
45 1025
46 642
47 478
48 1185
49 1299
50 1176
51 1268
52 784
53 613
54 1315
55 566
56 25
57 127
58 279
59 1156
60 634
61 1244
62 346
63 939
64 432
65 744
66 1002
67 226
68 847
69 580
70 599
71 1192
72 1392
73 812
74 731
75 133
76 1215
77 1140
78 30
79 834
80 678
81 1206
82 1388
83 255
84 757
85 591
86 1192
87 774
88 420
89 1142
90 665
91 659
92 489
93 71
94 210
95 1337
96 602
97 1156
98 357
99 536
100 370
101 613
102 1410
103 1338
104 4
105 333
106 1190
107 98
108 532
109 289
110 767
111 801
112 301
113 976
114 762
115 1320
116 1011
117 880
118 988
119 1051
120 588
121 568
122 20
123 1228
124 255
125 708
126 574
127 1216
128 303
129 1066
130 1307
131 159
132 407
133 208
134 141
135 698
136 751
137 602
138 161
139 497
140 286
141 630
142 732
143 428
144 373
145 829
146 67
147 1272
148 745
149 730
150 518
151 912
152 958
153 579
154 348
155 671
156 85
157 903
158 913
159 822
160 1239
161 1348
162 155
163 119
164 1200
165 392
166 438
167 576
168 588
169 806
170 850
171 1110
172 663
173 864
174 13
175 674
176 993
177 796
178 1020
179 586
180 1294
181 1011
182 1329
183 839
184 472
185 637
186 1312
187 920
188 94
189 188
190 1257
191 1393
192 150
193 272
194 728
195 995
196 259
197 473
198 557
199 771
200 476
201 566
202 1378
203 983
204 168
205 153
206 973
207 602
208 1008
209 1129
210 495
211 358
212 1285
213 1141
214 234
215 1395
216 1370
217 1267
218 697
219 554
220 543
221 1191
222 61
223 720
224 1020
225 456
226 1005
227 353
228 456
229 359
230 822
231 994
232 193
233 1187
234 1184
235 1067
236 713
237 1415
238 204
239 1306
240 1367
241 780
242 451
243 167
244 287
245 528
246 1203
247 1045
248 876
249 750
250 1038
251 190
252 538
253 1157
254 515
255 943
256 1076
257 652
258 1262
259 702
260 996
261 278
262 909
263 692
264 526
265 116
266 1317
267 1174
268 886
269 1211
270 775
271 1332
272 780
273 544
274 795
275 162
276 902
277 312
278 414
279 1006
280 1148
281 1076
282 637
283 499
284 300
285 366
286 1317
287 931
288 393
289 823
290 1263
291 1107
292 1110
293 1035
294 305
295 704
296 1238
297 189
298 83
299 704
300 824
301 1055
302 194
303 317
304 566
305 35
306 1136
307 485
308 1102
309 1266
310 1049
311 34
312 225
313 966
314 584
315 638
316 633
317 1307
318 232
319 1395
320 622
321 292
322 1030
323 30
324 568
325 47
326 1000
327 444
328 19
329 1310
330 816
331 964
332 222
333 1077
334 316
335 553
336 29
337 1301
338 274
339 883
340 891
341 838
342 1132
343 89
344 494
345 721
346 1416
347 670
348 973
349 42
350 117
351 37
352 249
353 628
354 909
355 907
356 554
357 986
358 707
359 1371
360 256
361 1030
362 68
363 10
364 844
365 1254
366 521
367 1032
368 533
369 1316
370 1173
371 1012
372 468
373 1138
374 454
375 252
376 333
377 1109
378 165
379 728
380 1413
381 1231
382 852
383 767
384 1025
385 969
386 541
387 244
388 688
389 1189
390 38
391 1113
392 1146
393 74
394 1086
395 531
396 748
397 1040
398 331
399 1265
400 1090
401 664
402 979
403 245
404 349
405 583
406 385
407 1370
408 719
409 840
410 49
411 1119
412 342
413 1201
414 446
415 86
416 820
417 69
418 1233
419 384
420 1142
421 599
422 507
423 969
424 859
425 862
426 918
427 198
428 237
429 543
430 1112
431 310
432 877
433 412
434 1278
435 711
436 1121
437 208
438 618
439 251
440 442
441 60
442 220
443 717
444 1390
445 615
446 1086
447 320
448 246
449 738
450 1331
451 877
452 910
453 99
454 1106
455 808
456 108
457 32
458 832
459 625
460 262
461 1174
462 1192
463 407
464 1212
465 9
466 1179
467 946
468 1399
469 152
470 697
471 964
472 550
473 826
474 636
475 1255
476 653
477 1063
478 613
479 83
480 447
481 620
482 88
483 1147
484 1134
485 107
486 1393
487 1060
488 119
489 124
490 1090
491 1186
492 1295
493 819
494 547
495 42
496 7
497 295
498 686
499 440
500 509
501 79
502 840
503 519
504 1089
505 246
506 407
507 80
508 777
509 586
510 990
511 1145
512 567
513 559
514 639
515 472
516 1055
517 269
518 49
519 970
520 1060
521 590
522 8
523 1318
524 1354
525 959
526 1326
527 1307
528 599
529 267
530 1083
531 1015
532 435
533 201
534 472
535 1325
536 914
537 1341
538 563
539 1377
540 1241
541 560
542 1046
543 956
544 767
545 855
546 1210
547 1249
548 512
549 855
550 662
551 55
552 97
553 836
554 515
555 1203
556 482
557 246
558 303
559 984
560 269
561 52
562 1067
563 659
564 1040
565 1267
566 553
567 124
568 520
569 178
570 934
571 544
572 421
573 928
574 1316
575 767
576 393
577 99
578 486
579 338
580 1044
581 48
582 696
583 639
584 765
585 402
586 1045
587 809
588 408
589 123
590 73
591 894
592 898
593 507
594 645
595 293
596 12
597 137
598 392
599 545
600 222
601 38
602 500
603 1287
604 427
605 837
606 208
607 853
608 479
609 1065
610 1226
611 1395
612 875
613 935
614 283
615 800
616 213
617 456
618 599
619 1301
620 458
621 390
622 604
623 452
624 158
625 751
626 1370
627 292
628 1400
629 984
630 1343
631 1218
632 130
633 258
634 849
635 290
636 557
637 1146
638 266
639 1275
640 677
641 1034
642 150
643 754
644 816
645 352
646 1167
647 1162
648 405
649 163
650 52
651 506
652 1242
653 374
654 76
655 171
656 1025
657 432
658 562
659 58
660 1163
661 1167
662 1244
663 963
664 495
665 524
666 883
667 959
668 768
669 463
670 472
671 640
672 218
673 6
674 1159
675 1391
676 691
677 1075
678 492
679 137
680 114
681 1043
682 875
683 1106
684 621
685 48
686 420
687 949
688 565
689 1343
690 654
691 1273
692 949
693 1050
694 1401
695 627
696 688
697 788
698 1211
699 702
700 1105
701 486
702 1130
703 323
704 326
705 579
706 849
707 1287
708 29
709 463
710 763
711 948
712 618
713 1297
714 701
715 104
716 965
717 302
718 1046
719 948
720 1405
721 251
722 1067
723 474
724 331
725 164
726 336
727 403
728 226
729 250
730 213
731 1051
732 1269
733 181
734 456
735 481
736 874
737 1142
738 762
739 1268
740 821
741 907
742 618
743 1002
744 649
745 844
746 6
747 540
748 195
749 619
750 175
751 786
752 306
753 1288
754 553
755 398
756 477
757 206
758 472
759 916
760 283
761 850
762 474
763 292
764 1181
765 1320
766 1076
767 905
768 134
769 688
770 197
771 938
772 135
773 995
774 1156
775 926
776 115
777 228
778 593
779 118
780 107
781 1182
782 157
783 559
784 226
785 770
786 1330
787 1112
788 158
789 1196
790 222
791 793
792 1289
793 180
794 167
795 1058
796 1095
797 9
798 220
799 1069
800 67
801 503
802 461
803 836
804 1209
805 385
806 1386
807 589
808 1078
809 212
810 577
811 1389
812 379
813 282
814 1227
815 127
816 519
817 1344
818 781
819 1270
820 222
821 406
822 1144
823 522
824 343
825 994
826 1194
827 333
828 23
829 1212
830 324
831 1055
832 583
833 682
834 485
835 9
836 222
837 600
838 823
839 430
840 998
841 534
842 1179
843 1390
844 1397
845 1349
846 252
847 1332
848 727
849 1391
850 734
851 1140
852 1214
853 565
854 43
855 1384
856 1270
857 849
858 681
859 731
860 907
861 1302
862 199
863 457
864 414
865 317
866 941
867 766
868 1286
869 316
870 59
871 1006
872 951
873 719
874 1301
875 101
876 1043
877 1055
878 74
879 560
880 392
881 363
882 1388
883 255
884 1021
885 1226
886 1174
887 108
888 1060
889 872
890 1120
891 1087
892 924
893 644
894 492
895 1308
896 408
897 434
898 221
899 513
900 237
901 392
902 1182
903 135
904 1009
905 141
906 803
907 422
908 157
909 719
910 1391
911 631
912 1190
913 914
914 825
915 1238
916 1245
917 593
918 1328
919 140
920 875
921 1286
922 667
923 518
924 320
925 308
926 915
927 1135
928 699
929 201
930 108
931 452
932 824
933 603
934 870
935 471
936 319
937 302
938 799
939 352
940 242
941 676
942 608
943 1248
944 1275
945 731
946 543
947 156
948 1182
949 767
950 1022
951 748
952 526
953 811
954 858
955 1226
956 1341
957 646
958 1319
959 695
960 756
961 1202
962 328
963 515
964 875
965 1208
966 757
967 417
968 1388
969 36
970 275
971 750
972 470
973 784
974 163
975 401
976 915
977 912
978 336
979 947
980 1415
981 639
982 1151
983 185
984 1064
985 1273
986 325
987 1354
988 1184
989 1254
990 995
991 566
992 1264
993 911
994 1057
995 879
996 1136
997 69
998 1310
999 1133
1000 243
1001 1322
1002 992
1003 1331
1004 826
1005 880
1006 799
1007 1366
1008 1163
1009 1306
1010 105
1011 971
1012 939
1013 85
1014 559
1015 216
1016 1153
1017 639
1018 524
1019 1370
1020 97
1021 872
1022 399
1023 675
1024 213
1025 864
1026 989
1027 936
1028 1150
1029 1218
1030 964
1031 1410
1032 1313
1033 801
1034 869
1035 1242
1036 28
1037 382
1038 209
1039 1042
1040 1101
1041 412
1042 560
1043 659
1044 1320
1045 482
1046 1323
1047 848
1048 323
1049 885
1050 431
1051 1402
1052 1048
1053 1225
1054 137
1055 953
1056 287
1057 311
1058 1315
1059 1088
1060 863
1061 790
1062 588
1063 163
1064 847
1065 858
1066 681
1067 1104
1068 164
1069 459
1070 529
1071 1148
1072 1149
1073 404
1074 596
1075 227
1076 1200
1077 533
1078 1150
1079 716
1080 832
1081 518
1082 969
1083 1187
1084 390
1085 261
1086 374
1087 950
1088 695
1089 858
1090 1013
1091 1168
1092 255
1093 84
1094 647
1095 1053
1096 84
1097 646
1098 723
1099 524
1100 138
1101 826
1102 1076
1103 1001
1104 726
1105 865
1106 389
1107 1261
1108 1043
1109 1127
1110 35
1111 501
1112 294
1113 942
1114 146
1115 717
1116 711
1117 211
1118 1368
1119 1025
1120 667
1121 1040
1122 743
1123 812
1124 573
1125 1125
1126 1138
1127 916
1128 1413
1129 661
1130 376
1131 245
1132 307
1133 1005
1134 162
1135 1272
1136 242
1137 892
1138 932
1139 965
1140 751
1141 534
1142 1198
1143 812
1144 749
1145 474
1146 981
1147 341
1148 1336
1149 234
1150 1106
1151 943
1152 714
1153 269
1154 960
1155 1346
1156 1290
1157 145
1158 1366
1159 1056
1160 55
1161 192
1162 1287
1163 707
1164 1318
1165 990
1166 36
1167 555
1168 19
1169 1404
1170 1171
1171 378
1172 120
1173 1370
1174 997
1175 169
1176 1262
1177 958
1178 937
1179 307
1180 1316
1181 1005
1182 248
1183 848
1184 1334
1185 1358
1186 1326
1187 1008
1188 508
1189 631
1190 858
1191 524
1192 774
1193 920
1194 876
1195 330
1196 808
1197 1188
1198 638
1199 1165
1200 1127
1201 555
1202 305
1203 339
1204 436
1205 1306
1206 858
1207 883
1208 1004
1209 1022
1210 1338
1211 928
1212 779
1213 116
1214 97
1215 108
1216 552
1217 1190
1218 185
1219 871
1220 528
1221 387
1222 442
1223 1235
1224 1249
1225 1293
1226 394
1227 1270
1228 524
1229 338
1230 1106
1231 414
1232 336
1233 798
1234 532
1235 907
1236 864
1237 1299
1238 317
1239 238
1240 1001
1241 1140
1242 160
1243 226
1244 1208
1245 106
1246 356
1247 1242
1248 1183
1249 983
1250 1058
1251 894
1252 1037
1253 604
1254 837
1255 1333
1256 337
1257 279
1258 350
1259 1360
1260 877
1261 381
1262 1052
1263 1343
1264 884
1265 785
1266 940
1267 1416
1268 847
1269 24
1270 756
1271 838
1272 54
1273 538
1274 455
1275 235
1276 451
1277 1300
1278 119
1279 1283
1280 17
1281 503
1282 468
1283 551
1284 452
1285 1390
1286 174
1287 1138
1288 247
1289 28
1290 173
1291 383
1292 55
1293 229
1294 193
1295 703
1296 147
1297 598
1298 736
1299 727
1300 53
1301 73
1302 1300
1303 95
1304 1351
1305 880
1306 988
1307 1381
1308 346
1309 1266
1310 223
1311 647
1312 61
1313 1141
1314 250
1315 138
1316 804
1317 1011
1318 750
1319 998
1320 1189
1321 394
1322 750
1323 121
1324 835
1325 757
1326 1141
1327 11
1328 865
1329 627
1330 699
1331 1262
1332 20
1333 1292
1334 1265
1335 929
1336 1003
1337 664
1338 888
1339 384
1340 684
1341 342
1342 448
1343 300
1344 831
1345 193
1346 232
1347 826
1348 1309
1349 941
1350 799
1351 1353
1352 960
1353 1328
1354 999
1355 1310
1356 1259
1357 166
1358 641
1359 568
1360 379
1361 826
1362 294
1363 95
1364 196
1365 948
1366 268
1367 1063
1368 138
1369 1331
1370 614
1371 1109
1372 1030
1373 1180
1374 908
1375 530
1376 544
1377 590
1378 203
1379 939
1380 968
1381 463
1382 605
1383 455
1384 1181
1385 78
1386 1172
1387 609
1388 866
1389 886
1390 17
1391 1003
1392 1368
1393 1266
1394 282
1395 1411
1396 1210
1397 248
1398 1390
1399 1011
1400 748
1401 767
1402 613
1403 379
1404 438
1405 1323
1406 33
1407 251
1408 945
1409 137
1410 601
1411 62
1412 322
1413 496
1414 1071
1415 564
1416 1215
