0 1066
1 1248
2 605
3 826
4 1116
5 622
6 737
7 190
8 1073
9 154
10 1028
11 888
12 591
13 595
14 1234
15 493
16 1340
17 71
18 818
19 255
20 882
21 919
22 482
23 752
24 384
25 993
26 322
27 269
28 1364
29 450
30 630
31 984
32 669
33 141
34 1335
35 1093
36 689
37 1314
38 1247
39 835
40 910
41 442
42 621
43 22
44 110
45 166
46 1357
47 205
48 1264
49 1392
50 168
51 876
52 1120
53 509
54 577
55 1080
56 1289
57 570
58 1025
59 21
60 1227
61 937
62 41
63 859
64 718
65 1133
66 946
67 1177
68 1031
69 82
70 557
71 366
72 147
73 891
74 799
75 220
76 1147
77 499
78 752
79 1081
80 572
81 338
82 602
83 848
84 1273
85 498
86 1302
87 1355
88 287
89 858
90 1291
91 755
92 659
93 799
94 407
95 494
96 1242
97 1317
98 389
99 751
100 1398
101 611
102 729
103 494
104 948
105 425
106 434
107 926
108 15
109 233
110 239
111 1053
112 1338
113 782
114 588
115 294
116 1062
117 821
118 689
119 1253
120 359
121 386
122 431
123 1054
124 619
125 843
126 667
127 617
128 850
129 1142
130 817
131 742
132 1159
133 713
134 611
135 1198
136 1172
137 966
138 939
139 607
140 200
141 754
142 91
143 1279
144 552
145 955
146 930
147 527
148 471
149 632
150 762
151 307
152 357
153 71
154 1274
155 481
156 1171
157 1215
158 585
159 723
160 111
161 1373
162 789
163 1235
164 989
165 749
166 571
167 201
168 1403
169 460
170 879
171 403
172 1341
173 1253
174 418
175 723
176 819
177 308
178 1022
179 217
180 403
181 1234
182 629
183 677
184 1002
185 1026
186 454
187 509
188 17
189 885
190 826
191 620
192 1252
193 276
194 136
195 217
196 1108
197 236
198 759
199 160
200 510
201 366
202 22
203 1218
204 636
205 488
206 1409
207 1027
208 1166
209 1314
210 465
211 213
212 178
213 1401
214 697
215 587
216 1310
217 694
218 401
219 116
220 974
221 173
222 865
223 1410
224 31
225 184
226 1184
227 949
228 715
229 331
230 390
231 105
232 792
233 344
234 494
235 1393
236 110
237 1124
238 145
239 264
240 839
241 464
242 280
243 365
244 1370
245 27
246 1280
247 1117
248 1016
249 709
250 126
251 237
252 596
253 954
254 882
255 274
256 75
257 339
258 819
259 1208
260 754
261 989
262 617
263 595
264 1391
265 1416
266 1029
267 601
268 296
269 530
270 58
271 418
272 1244
273 983
274 764
275 106
276 56
277 628
278 171
279 39
280 1087
281 367
282 1014
283 1240
284 170
285 1107
286 162
287 183
288 76
289 994
290 404
291 610
292 695
293 5
294 514
295 350
296 871
297 148
298 1173
299 784
300 1313
301 697
302 23
303 650
304 813
305 1309
306 640
307 455
308 929
309 666
310 797
311 728
312 478
313 255
314 1018
315 831
316 1101
317 857
318 887
319 1338
320 865
321 444
322 700
323 209
324 1160
325 1310
326 1008
327 995
328 1284
329 804
330 260
331 1119
332 1216
333 769
334 1193
335 801
336 833
337 166
338 484
339 1023
340 1143
341 1223
342 837
343 1045
344 1115
345 442
346 1090
347 594
348 693
349 375
350 104
351 439
352 38
353 1133
354 672
355 1
356 734
357 623
358 978
359 1357
360 168
361 165
362 776
363 494
364 932
365 265
366 1023
367 569
368 945
369 1411
370 88
371 786
372 895
373 971
374 50
375 889
376 397
377 1242
378 1394
379 170
380 190
381 1182
382 200
383 476
384 197
385 609
386 259
387 773
388 1307
389 1196
390 897
391 918
392 83
393 627
394 1369
395 633
396 406
397 468
398 982
399 1045
400 1058
401 678
402 214
403 579
404 33
405 1241
406 759
407 939
408 686
409 27
410 1272
411 1351
412 417
413 86
414 923
415 963
416 1094
417 502
418 789
419 1193
420 874
421 706
422 180
423 1114
424 762
425 57
426 1218
427 192
428 224
429 323
430 860
431 549
432 1278
433 450
434 597
435 1406
436 653
437 670
438 976
439 1083
440 343
441 1289
442 924
443 216
444 65
445 146
446 293
447 12
448 983
449 864
450 245
451 1019
452 1145
453 128
454 1052
455 853
456 776
457 1212
458 1000
459 674
460 975
461 1194
462 252
463 1388
464 815
465 88
466 829
467 756
468 1337
469 1326
470 798
471 636
472 1207
473 756
474 1270
475 635
476 1373
477 729
478 260
479 353
480 945
481 81
482 313
483 1280
484 503
485 1181
486 921
487 437
488 141
489 295
490 54
491 105
492 747
493 1256
494 714
495 746
496 134
497 1062
498 988
499 686
500 1194
501 1
502 207
503 378
504 950
505 453
506 378
507 308
508 1412
509 844
510 982
511 273
512 1294
513 696
514 913
515 678
516 1275
517 1139
518 957
519 271
520 488
521 1300
522 1405
523 264
524 811
525 471
526 515
527 744
528 270
529 735
530 805
531 685
532 1197
533 1056
534 1170
535 1193
536 684
537 809
538 435
539 229
540 732
541 694
542 1028
543 559
544 634
545 478
546 92
547 489
548 1222
549 27
550 478
551 1103
552 528
553 1041
554 221
555 516
556 1054
557 141
558 819
559 717
560 757
561 760
562 1291
563 53
564 102
565 283
566 1012
567 687
568 239
569 1158
570 25
571 631
572 8
573 342
574 71
575 1203
576 746
577 1119
578 229
579 345
580 1081
581 1368
582 887
583 1323
584 763
585 367
586 365
587 476
588 229
589 619
590 45
591 1359
592 1187
593 516
594 456
595 427
596 716
597 882
598 1282
599 690
600 409
601 1058
602 14
603 1031
604 191
605 745
606 1066
607 967
608 148
609 125
610 752
611 464
612 1001
613 606
614 425
615 1308
616 592
617 165
618 137
619 177
620 245
621 987
622 721
623 1107
624 906
625 1151
626 604
627 1113
628 317
629 189
630 515
631 227
632 591
633 1254
634 7
635 138
636 991
637 677
638 733
639 1232
640 54
641 477
642 1205
643 253
644 400
645 426
646 140
647 815
648 1244
649 1123
650 1300
651 10
652 178
653 513
654 181
655 379
656 294
657 619
658 457
659 565
660 319
661 263
662 1306
663 11
664 845
665 746
666 288
667 531
668 1083
669 506
670 1154
671 999
672 919
673 888
674 1231
675 545
676 1139
677 585
678 140
679 779
680 639
681 1159
682 748
683 1405
684 585
685 388
686 1139
687 51
688 1080
689 12
690 296
691 145
692 1305
693 9
694 145
695 1215
696 417
697 654
698 855
699 123
700 272
701 288
702 231
703 1335
704 444
705 1032
706 1012
707 868
708 1292
709 48
710 848
711 199
712 930
713 15
714 853
715 1230
716 491
717 1004
718 1193
719 692
720 41
721 62
722 889
723 518
724 121
725 1011
726 944
727 33
728 922
729 206
730 1414
731 748
732 1246
733 432
734 1335
735 1120
736 1405
737 557
738 589
739 374
740 878
741 282
742 1130
743 393
744 748
745 1136
746 1354
747 704
748 465
749 1034
750 644
751 565
752 474
753 572
754 209
755 542
756 23
757 1067
758 1118
759 290
760 549
761 1359
762 38
763 1277
764 1028
765 1185
766 649
767 750
768 179
769 548
770 208
771 535
772 272
773 771
774 629
775 114
776 499
777 1058
778 417
779 607
780 739
781 217
782 97
783 269
784 112
785 606
786 341
787 1243
788 1145
789 662
790 1330
791 1115
792 814
793 971
794 308
795 730
796 1375
797 474
798 706
799 59
800 1385
801 1174
802 172
803 198
804 810
805 960
806 311
807 792
808 923
809 460
810 46
811 1029
812 974
813 582
814 1292
815 1079
816 875
817 291
818 1290
819 1165
820 444
821 62
822 1045
823 1004
824 166
825 354
826 1191
827 337
828 936
829 471
830 229
831 1299
832 1185
833 1353
834 1257
835 53
836 1358
837 1229
838 588
839 352
840 1227
841 600
842 802
843 1207
844 973
845 105
846 542
847 486
848 152
849 281
850 1358
851 845
852 1060
853 942
854 945
855 726
856 1160
857 1260
858 1191
859 732
860 291
861 460
862 637
863 371
864 1348
865 245
866 526
867 1402
868 200
869 789
870 185
871 164
872 294
873 36
874 952
875 482
876 938
877 1087
878 332
879 190
880 187
881 676
882 1380
883 562
884 1305
885 254
886 645
887 138
888 532
889 98
890 841
891 1017
892 544
893 263
894 1343
895 1140
896 490
897 823
898 880
899 322
900 903
901 639
902 1236
903 1327
904 107
905 972
906 1190
907 1234
908 80
909 847
910 447
911 760
912 479
913 1345
914 1164
915 368
916 874
917 246
918 316
919 734
920 77
921 237
922 1131
923 326
924 101
925 561
926 1104
927 716
928 854
929 588
930 307
931 91
932 97
933 673
934 944
935 154
936 49
937 1370
938 1262
939 1326
940 1062
941 528
942 1102
943 1325
944 333
945 680
946 466
947 1362
948 96
949 861
950 1381
951 285
952 452
953 1124
954 459
955 211
956 401
957 398
958 445
959 663
960 600
961 443
962 146
963 285
964 956
965 70
966 1295
967 12
968 909
969 315
970 690
971 457
972 405
973 627
974 1258
975 1166
976 50
977 503
978 515
979 851
980 1392
981 75
982 139
983 367
984 141
985 96
986 1317
987 616
988 951
989 1073
990 276
991 163
992 494
993 441
994 889
995 714
996 1292
997 491
998 202
999 1040
1000 1380
1001 562
1002 1028
1003 331
1004 1400
1005 735
1006 518
1007 441
1008 442
1009 1317
1010 143
1011 1051
1012 996
1013 1392
1014 1154
1015 1234
1016 1238
1017 187
1018 1031
1019 367
1020 424
1021 436
1022 989
1023 1326
1024 1191
1025 611
1026 1006
1027 635
1028 702
1029 384
1030 322
1031 876
1032 1383
1033 1046
1034 1014
1035 964
1036 54
1037 355
1038 68
1039 539
1040 731
1041 269
1042 69
1043 964
1044 144
1045 155
1046 912
1047 1257
1048 601
1049 1281
1050 437
1051 284
1052 301
1053 216
1054 392
1055 1221
1056 743
1057 90
1058 753
1059 1173
1060 579
1061 792
1062 1101
1063 829
1064 474
1065 633
1066 675
1067 969
1068 377
1069 37
1070 289
1071 766
1072 1140
1073 1044
1074 1414
1075 634
1076 95
1077 1310
1078 480
1079 1287
1080 572
1081 1152
1082 921
1083 592
1084 1336
1085 1163
1086 199
1087 1327
1088 832
1089 714
1090 59
1091 528
1092 207
1093 182
1094 987
1095 1022
1096 134
1097 980
1098 726
1099 1093
1100 261
1101 1009
1102 186
1103 681
1104 616
1105 520
1106 1297
1107 1082
1108 85
1109 204
1110 1253
1111 1156
1112 1119
1113 192
1114 1050
1115 350
1116 1364
1117 1242
1118 1232
1119 252
1120 664
1121 1105
1122 1049
1123 252
1124 601
1125 229
1126 256
1127 1059
1128 1058
1129 1396
1130 698
1131 1275
1132 379
1133 639
1134 1233
1135 1190
1136 1071
1137 1018
1138 847
1139 1285
1140 1321
1141 838
1142 435
1143 711
1144 1328
1145 633
1146 670
1147 418
1148 218
1149 757
1150 655
1151 629
1152 717
1153 1101
1154 734
1155 814
1156 663
1157 348
1158 1392
1159 1335
1160 817
1161 160
1162 972
1163 261
1164 82
1165 891
1166 1008
1167 202
1168 958
1169 257
1170 936
1171 478
1172 1324
1173 953
1174 934
1175 802
1176 773
1177 174
1178 1177
1179 1282
1180 1044
1181 917
1182 1351
1183 1213
1184 1159
1185 406
1186 1336
1187 1170
1188 77
1189 1144
1190 392
1191 660
1192 196
1193 1274
1194 211
1195 1069
1196 489
1197 1053
1198 842
1199 857
1200 423
1201 1025
1202 893
1203 1092
1204 177
1205 1125
1206 1040
1207 19
1208 162
1209 1130
1210 816
1211 1015
1212 350
1213 1262
1214 536
1215 1130
1216 13
1217 1244
1218 158
1219 394
1220 14
1221 1300
1222 1366
1223 467
1224 674
1225 84
1226 519
1227 350
1228 70
1229 705
1230 699
1231 1223
1232 321
1233 1401
1234 591
1235 491
1236 1038
1237 484
1238 1321
1239 1161
1240 1201
1241 705
1242 1300
1243 810
1244 285
1245 518
1246 915
1247 474
1248 1029
1249 731
1250 917
1251 1377
1252 1183
1253 1189
1254 609
1255 1097
1256 133
1257 1133
1258 1067
1259 586
1260 1039
1261 506
1262 797
1263 1
1264 595
1265 1248
1266 694
1267 506
1268 324
1269 14
1270 1208
1271 1091
1272 959
1273 78
1274 639
1275 1058
1276 527
1277 676
1278 694
1279 874
1280 479
1281 198
1282 290
1283 905
1284 513
1285 757
1286 96
1287 694
1288 389
1289 1159
1290 1150
1291 145
1292 403
1293 873
1294 1092
1295 1337
1296 180
1297 474
1298 998
1299 383
1300 1096
1301 1244
1302 520
1303 1124
1304 1127
1305 406
1306 1083
1307 527
1308 674
1309 465
1310 643
1311 13
1312 117
1313 189
1314 1309
1315 802
1316 1415
1317 214
1318 957
1319 1039
1320 498
1321 95
1322 1367
1323 52
1324 728
1325 1231
1326 1360
1327 265
1328 328
1329 1128
1330 715
1331 1394
1332 675
1333 787
1334 723
1335 583
1336 1060
1337 919
1338 186
1339 498
1340 1225
1341 1369
1342 1119
1343 187
1344 983
1345 38
1346 772
1347 965
1348 418
1349 864
1350 1100
1351 1281
1352 468
1353 937
1354 1330
1355 678
1356 254
1357 901
1358 62
1359 923
1360 843
1361 1309
1362 874
1363 701
1364 63
1365 847
1366 750
1367 279
1368 1279
1369 1077
1370 1124
1371 686
1372 1380
1373 334
1374 400
1375 791
1376 584
1377 258
1378 502
1379 684
1380 440
1381 268
1382 352
1383 1215
1384 1223
1385 915
1386 609
1387 827
1388 575
1389 660
1390 1251
1391 801
1392 1149
1393 1218
1394 1298
1395 970
1396 1181
1397 824
1398 717
1399 411
1400 913
1401 1234
1402 835
1403 1019
1404 148
1405 699
1406 1357
1407 1058
1408 829
1409 25
1410 521
1411 255
1412 529
1413 604
1414 509
1415 1158
1416 254
0 1363
1 1248
2 605
3 826
4 696
5 1261
6 1022
7 607
8 1272
9 1344
10 1028
11 751
12 591
13 595
14 1234
15 493
16 611
17 399
18 519
19 441
20 882
21 189
22 383
23 127
24 400
25 636
26 898
27 269
28 1364
29 450
30 630
31 984
32 669
33 227
34 1123
35 1093
36 192
37 1314
38 1008
39 612
40 1311
41 415
42 1411
43 22
44 999
45 976
46 1146
47 205
48 1264
49 1392
50 168
51 794
52 1120
53 285
54 577
55 573
56 1103
57 570
58 613
59 533
60 407
61 123
62 41
63 859
64 56
65 596
66 1194
67 416
68 796
69 82
70 1104
71 878
72 1249
73 1270
74 799
75 228
76 1334
77 877
78 783
79 880
80 419
81 338
82 607
83 1231
84 1273
85 584
86 1302
87 750
88 809
89 1144
90 584
91 755
92 1218
93 799
94 330
95 10
96 890
97 1317
98 1048
99 1345
100 586
101 940
102 729
103 1116
104 948
105 1362
106 434
107 926
108 15
109 233
110 239
111 947
112 408
113 782
114 424
115 294
116 1062
117 509
118 650
119 700
120 1089
121 984
122 431
123 498
124 619
125 253
126 767
127 617
128 780
129 1142
130 765
131 1005
132 1159
133 695
134 611
135 1198
136 1172
137 1104
138 157
139 282
140 223
141 754
142 91
143 579
144 394
145 132
146 1157
147 544
148 53
149 153
150 220
151 1271
152 357
153 622
154 1274
155 847
156 1171
157 1331
158 763
159 804
160 1001
161 1373
162 789
163 491
164 963
165 749
166 638
167 201
168 667
169 438
170 115
171 403
172 1341
173 1253
174 418
175 723
176 819
177 202
178 922
179 784
180 61
181 1225
182 783
183 629
184 1350
185 918
186 454
187 509
188 860
189 885
190 226
191 620
192 634
193 323
194 1166
195 217
196 1108
197 1139
198 1281
199 1264
200 991
201 540
202 22
203 1050
204 1031
205 488
206 500
207 93
208 402
209 1314
210 1022
211 213
212 178
213 137
214 405
215 509
216 651
217 694
218 867
219 1158
220 953
221 173
222 1344
223 1410
224 97
225 119
226 1184
227 949
228 715
229 331
230 390
231 105
232 792
233 344
234 68
235 813
236 110
237 1124
238 1382
239 264
240 839
241 783
242 68
243 365
244 752
245 457
246 723
247 702
248 801
249 1090
250 924
251 762
252 596
253 954
254 882
255 136
256 75
257 845
258 1009
259 614
260 754
261 989
262 561
263 529
264 942
265 1416
266 1029
267 601
268 296
269 530
270 1140
271 418
272 828
273 983
274 685
275 106
276 56
277 628
278 171
279 39
280 1351
281 367
282 1014
283 1240
284 170
285 1107
286 162
287 1021
288 381
289 917
290 404
291 906
292 1285
293 405
294 1194
295 350
296 607
297 148
298 592
299 1055
300 881
301 1342
302 410
303 252
304 569
305 990
306 1118
307 1006
308 1274
309 666
310 797
311 728
312 478
313 255
314 1018
315 831
316 605
317 857
318 460
319 1338
320 467
321 1338
322 1405
323 209
324 1160
325 846
326 1022
327 874
328 1284
329 239
330 700
331 1114
332 1216
333 1075
334 1193
335 454
336 1039
337 188
338 484
339 1297
340 7
341 1223
342 485
343 1045
344 1115
345 346
346 1090
347 594
348 218
349 375
350 104
351 57
352 326
353 774
354 672
355 1
356 734
357 623
358 184
359 679
360 954
361 247
362 1273
363 494
364 932
365 181
366 1023
367 569
368 945
369 1018
370 817
371 1391
372 895
373 409
374 202
375 889
376 397
377 1011
378 1394
379 496
380 190
381 1182
382 200
383 476
384 612
385 63
386 700
387 773
388 1307
389 129
390 815
391 1209
392 83
393 42
394 253
395 213
396 347
397 430
398 1170
399 647
400 1058
401 987
402 337
403 816
404 33
405 1241
406 147
407 455
408 686
409 27
410 1272
411 1351
412 404
413 1377
414 765
415 208
416 1094
417 38
418 482
419 1193
420 1231
421 738
422 180
423 417
424 1338
425 57
426 1218
427 192
428 307
429 280
430 582
431 1256
432 698
433 450
434 977
435 1406
436 1189
437 462
438 1293
439 1182
440 406
441 1289
442 924
443 132
444 465
445 146
446 131
447 201
448 499
449 864
450 245
451 288
452 274
453 128
454 1052
455 853
456 1388
457 742
458 1000
459 75
460 314
461 1194
462 252
463 536
464 815
465 88
466 829
467 756
468 1337
469 507
470 798
471 941
472 881
473 29
474 1270
475 53
476 479
477 1113
478 581
479 353
480 559
481 1320
482 313
483 743
484 297
485 139
486 933
487 1209
488 141
489 198
490 54
491 105
492 1107
493 663
494 1342
495 746
496 441
497 1358
498 1291
499 686
500 1194
501 654
502 851
503 378
504 814
505 453
506 378
507 414
508 623
509 844
510 732
511 273
512 362
513 1274
514 913
515 704
516 1275
517 1139
518 1395
519 76
520 1353
521 1300
522 1405
523 963
524 811
525 483
526 1205
527 107
528 270
529 257
530 805
531 112
532 1094
533 176
534 706
535 623
536 1304
537 809
538 964
539 1384
540 817
541 694
542 1028
543 559
544 515
545 207
546 452
547 1051
548 1167
549 744
550 674
551 1190
552 528
553 1226
554 971
555 660
556 1054
557 141
558 819
559 717
560 757
561 646
562 1291
563 53
564 137
565 124
566 1012
567 714
568 239
569 889
570 1013
571 191
572 8
573 342
574 71
575 937
576 718
577 1262
578 1412
579 1173
580 1081
581 598
582 200
583 1323
584 258
585 367
586 365
587 930
588 694
589 677
590 762
591 83
592 1187
593 516
594 456
595 1311
596 716
597 882
598 1282
599 1227
600 170
601 669
602 14
603 32
604 191
605 354
606 1066
607 729
608 739
609 125
610 535
611 1184
612 1014
613 606
614 425
615 544
616 301
617 110
618 1279
619 153
620 1072
621 549
622 721
623 988
624 563
625 1151
626 604
627 1113
628 317
629 366
630 1195
631 1128
632 1075
633 1049
634 674
635 862
636 172
637 778
638 381
639 170
640 1292
641 1067
642 1205
643 253
644 545
645 312
646 140
647 975
648 1244
649 1123
650 132
651 1190
652 974
653 714
654 181
655 91
656 896
657 383
658 457
659 584
660 319
661 263
662 1306
663 739
664 845
665 729
666 288
667 970
668 325
669 506
670 1341
671 798
672 1364
673 225
674 810
675 1243
676 1225
677 585
678 1049
679 377
680 639
681 1191
682 943
683 1405
684 1283
685 1201
686 1139
687 831
688 137
689 12
690 296
691 316
692 1305
693 9
694 280
695 497
696 417
697 1390
698 103
699 123
700 579
701 288
702 231
703 1388
704 695
705 1032
706 1012
707 379
708 1292
709 589
710 1327
711 199
712 783
713 1218
714 853
715 1280
716 844
717 728
718 548
719 692
720 41
721 1172
722 756
723 518
724 15
725 672
726 532
727 1343
728 1403
729 206
730 625
731 748
732 1246
733 1100
734 1335
735 1120
736 1405
737 864
738 589
739 5
740 725
741 665
742 921
743 1109
744 394
745 1136
746 812
747 629
748 507
749 1034
750 1037
751 566
752 282
753 303
754 209
755 1091
756 1169
757 74
758 619
759 290
760 549
761 1359
762 919
763 1277
764 1026
765 1185
766 649
767 750
768 1033
769 548
770 208
771 210
772 778
773 1280
774 637
775 999
776 1169
777 1058
778 417
779 1112
780 558
781 1030
782 97
783 926
784 112
785 606
786 851
787 1272
788 1412
789 662
790 1102
791 1069
792 127
793 362
794 462
795 1139
796 1375
797 1198
798 353
799 59
800 1385
801 1174
802 172
803 1220
804 810
805 960
806 1107
807 151
808 923
809 1373
810 46
811 370
812 1041
813 260
814 1292
815 256
816 401
817 291
818 318
819 803
820 444
821 62
822 1045
823 570
824 166
825 354
826 1191
827 759
828 1261
829 471
830 229
831 1299
832 153
833 1053
834 1257
835 53
836 1358
837 395
838 588
839 1078
840 564
841 600
842 761
843 273
844 57
845 105
846 542
847 486
848 152
849 281
850 350
851 845
852 350
853 942
854 785
855 1325
856 1340
857 461
858 1191
859 522
860 379
861 453
862 637
863 371
864 733
865 378
866 1201
867 1402
868 1411
869 789
870 584
871 254
872 220
873 36
874 1312
875 510
876 938
877 1087
878 332
879 194
880 1239
881 232
882 1380
883 562
884 210
885 323
886 645
887 1278
888 532
889 876
890 1061
891 1017
892 510
893 832
894 290
895 797
896 240
897 1035
898 880
899 322
900 805
901 639
902 978
903 1327
904 107
905 972
906 1190
907 1059
908 80
909 847
910 447
911 424
912 1152
913 672
914 1367
915 375
916 1291
917 789
918 316
919 223
920 496
921 237
922 1131
923 326
924 575
925 561
926 1104
927 984
928 269
929 588
930 1385
931 190
932 97
933 673
934 944
935 1156
936 1257
937 1370
938 1262
939 134
940 195
941 528
942 927
943 1325
944 333
945 1154
946 859
947 1362
948 96
949 861
950 544
951 285
952 1376
953 1124
954 974
955 484
956 450
957 399
958 445
959 663
960 354
961 1032
962 469
963 285
964 401
965 831
966 1172
967 1242
968 909
969 469
970 728
971 725
972 405
973 724
974 810
975 896
976 50
977 730
978 839
979 1138
980 1378
981 75
982 177
983 403
984 141
985 457
986 1317
987 616
988 1280
989 1344
990 276
991 545
992 792
993 441
994 889
995 852
996 1292
997 1265
998 701
999 1040
1000 12
1001 562
1002 617
1003 233
1004 916
1005 1263
1006 1288
1007 441
1008 979
1009 882
1010 588
1011 1051
1012 438
1013 1392
1014 770
1015 739
1016 1057
1017 187
1018 1031
1019 952
1020 1345
1021 1238
1022 262
1023 650
1024 1191
1025 611
1026 1006
1027 635
1028 1290
1029 645
1030 434
1031 876
1032 1383
1033 696
1034 1251
1035 964
1036 527
1037 329
1038 68
1039 1295
1040 731
1041 1187
1042 45
1043 1391
1044 533
1045 155
1046 192
1047 467
1048 767
1049 283
1050 437
1051 666
1052 301
1053 82
1054 392
1055 219
1056 743
1057 928
1058 987
1059 913
1060 579
1061 537
1062 1101
1063 280
1064 474
1065 205
1066 1164
1067 425
1068 377
1069 1406
1070 289
1071 766
1072 505
1073 988
1074 1414
1075 634
1076 758
1077 1310
1078 1225
1079 506
1080 35
1081 401
1082 43
1083 592
1084 1336
1085 1163
1086 1405
1087 130
1088 1088
1089 592
1090 64
1091 703
1092 207
1093 68
1094 343
1095 1022
1096 477
1097 250
1098 846
1099 340
1100 261
1101 963
1102 72
1103 15
1104 1397
1105 732
1106 246
1107 1082
1108 929
1109 1067
1110 1253
1111 1156
1112 1119
1113 1265
1114 1050
1115 1301
1116 671
1117 1242
1118 1232
1119 464
1120 664
1121 1053
1122 1049
1123 252
1124 52
1125 449
1126 256
1127 1059
1128 1058
1129 889
1130 698
1131 1275
1132 67
1133 1098
1134 1233
1135 45
1136 513
1137 1018
1138 469
1139 1285
1140 1321
1141 838
1142 435
1143 690
1144 147
1145 1371
1146 260
1147 1075
1148 218
1149 757
1150 1402
1151 629
1152 624
1153 291
1154 1247
1155 952
1156 1194
1157 348
1158 404
1159 1253
1160 80
1161 476
1162 958
1163 37
1164 1228
1165 117
1166 720
1167 898
1168 958
1169 1089
1170 1307
1171 1080
1172 400
1173 953
1174 183
1175 789
1176 291
1177 174
1178 1177
1179 158
1180 587
1181 967
1182 317
1183 1213
1184 167
1185 406
1186 1336
1187 1170
1188 343
1189 616
1190 379
1191 76
1192 196
1193 1274
1194 920
1195 427
1196 107
1197 778
1198 462
1199 857
1200 1030
1201 853
1202 1185
1203 1092
1204 613
1205 1125
1206 298
1207 936
1208 188
1209 745
1210 816
1211 189
1212 24
1213 1262
1214 1383
1215 1130
1216 302
1217 176
1218 158
1219 394
1220 116
1221 651
1222 438
1223 100
1224 674
1225 56
1226 571
1227 350
1228 70
1229 597
1230 699
1231 249
1232 1056
1233 1401
1234 1004
1235 978
1236 914
1237 703
1238 695
1239 1161
1240 24
1241 705
1242 650
1243 810
1244 1255
1245 834
1246 915
1247 990
1248 1029
1249 750
1250 917
1251 378
1252 476
1253 1189
1254 845
1255 266
1256 133
1257 1133
1258 35
1259 586
1260 433
1261 506
1262 797
1263 1230
1264 59
1265 786
1266 694
1267 1343
1268 1021
1269 259
1270 1208
1271 1019
1272 1022
1273 642
1274 1300
1275 842
1276 715
1277 513
1278 585
1279 160
1280 479
1281 198
1282 290
1283 246
1284 220
1285 956
1286 1157
1287 7
1288 1228
1289 381
1290 1150
1291 403
1292 12
1293 782
1294 586
1295 1161
1296 181
1297 474
1298 998
1299 663
1300 1096
1301 1244
1302 356
1303 1124
1304 335
1305 765
1306 1083
1307 527
1308 1146
1309 465
1310 267
1311 13
1312 464
1313 1000
1314 1309
1315 1415
1316 753
1317 1177
1318 1275
1319 559
1320 498
1321 95
1322 1367
1323 22
1324 1124
1325 1317
1326 1360
1327 265
1328 328
1329 900
1330 715
1331 330
1332 675
1333 787
1334 203
1335 346
1336 552
1337 919
1338 186
1339 986
1340 503
1341 1369
1342 1352
1343 187
1344 1365
1345 602
1346 772
1347 965
1348 502
1349 864
1350 39
1351 1281
1352 468
1353 937
1354 245
1355 678
1356 254
1357 1095
1358 1255
1359 667
1360 843
1361 1309
1362 755
1363 1048
1364 184
1365 847
1366 301
1367 279
1368 288
1369 1077
1370 1124
1371 208
1372 380
1373 243
1374 1413
1375 791
1376 660
1377 258
1378 1388
1379 1402
1380 440
1381 1042
1382 1183
1383 1215
1384 1223
1385 774
1386 609
1387 446
1388 1282
1389 870
1390 1251
1391 512
1392 1149
1393 1218
1394 1375
1395 1256
1396 1029
1397 824
1398 717
1399 411
1400 1108
1401 1234
1402 835
1403 1019
1404 148
1405 699
1406 1357
1407 1058
1408 829
1409 25
1410 521
1411 255
1412 529
1413 604
1414 753
1415 1158
1416 894
