0 1373
1 1109
2 775
3 920
4 964
5 914
6 1341
7 53
8 865
9 1174
10 502
11 953
12 451
13 460
14 303
15 1212
16 1319
17 262
18 913
19 27
20 36
21 1128
22 254
23 1066
24 1096
25 727
26 1140
27 1135
28 1119
29 1250
30 321
31 19
32 810
33 129
34 466
35 1107
36 255
37 380
38 1053
39 1007
40 971
41 122
42 672
43 893
44 34
45 765
46 720
47 997
48 1255
49 285
50 1008
51 661
52 1283
53 788
54 164
55 489
56 1167
57 528
58 764
59 167
60 1365
61 1102
62 1348
63 587
64 455
65 619
66 1227
67 341
68 771
69 1189
70 76
71 1091
72 1299
73 481
74 65
75 566
76 1085
77 1217
78 977
79 1415
80 692
81 681
82 1145
83 229
84 818
85 423
86 1040
87 158
88 29
89 399
90 41
91 728
92 1337
93 541
94 1287
95 547
96 177
97 1015
98 780
99 348
100 622
101 50
102 235
103 963
104 504
105 540
106 1351
107 1302
108 269
109 373
110 1047
111 1136
112 1001
113 1002
114 940
115 651
116 1205
117 14
118 408
119 344
120 212
121 788
122 103
123 1068
124 371
125 1271
126 860
127 854
128 339
129 1416
130 1094
131 1126
132 233
133 642
134 237
135 1376
136 582
137 324
138 30
139 340
140 429
141 89
142 1040
143 1063
144 1300
145 643
146 1209
147 43
148 1184
149 1046
150 378
151 630
152 1269
153 1308
154 1096
155 495
156 725
157 676
158 1296
159 814
160 1323
161 643
162 380
163 115
164 1008
165 273
166 1199
167 795
168 246
169 643
170 1291
171 530
172 1103
173 298
174 237
175 1227
176 117
177 270
178 945
179 511
180 1022
181 1155
182 191
183 635
184 789
185 960
186 1194
187 86
188 981
189 1400
190 561
191 1059
192 951
193 610
194 307
195 85
196 1204
197 182
198 761
199 1151
200 651
201 676
202 551
203 589
204 338
205 895
206 167
207 965
208 1002
209 925
210 365
211 1238
212 336
213 909
214 409
215 801
216 385
217 1400
218 9
219 732
220 691
221 1312
222 810
223 1196
224 932
225 683
226 1088
227 75
228 1372
229 814
230 760
231 1114
232 796
233 1307
234 566
235 710
236 270
237 598
238 351
239 700
240 748
241 699
242 953
243 1391
244 669
245 891
246 1143
247 1081
248 482
249 1162
250 1253
251 1124
252 1270
253 281
254 1015
255 931
256 1414
257 658
258 60
259 198
260 689
261 946
262 390
263 174
264 1066
265 287
266 957
267 460
268 606
269 1247
270 943
271 1039
272 338
273 1204
274 1356
275 690
276 976
277 1176
278 486
279 896
280 439
281 50
282 1251
283 1009
284 354
285 418
286 731
287 446
288 171
289 536
290 768
291 512
292 461
293 788
294 157
295 127
296 655
297 510
298 123
299 1214
300 367
301 411
302 468
303 1015
304 772
305 623
306 472
307 112
308 1180
309 312
310 254
311 728
312 1093
313 488
314 1011
315 534
316 1072
317 778
318 529
319 489
320 711
321 821
322 868
323 277
324 1073
325 1132
326 1113
327 849
328 660
329 282
330 85
331 1297
332 825
333 814
334 1055
335 121
336 640
337 1265
338 953
339 764
340 542
341 164
342 551
343 1016
344 1324
345 875
346 890
347 510
348 387
349 661
350 1069
351 64
352 104
353 113
354 603
355 201
356 326
357 743
358 684
359 1368
360 359
361 1131
362 279
363 752
364 768
365 53
366 67
367 896
368 934
369 1052
370 416
371 828
372 535
373 1121
374 871
375 557
376 272
377 928
378 804
379 541
380 71
381 616
382 597
383 337
384 30
385 274
386 175
387 1257
388 299
389 328
390 934
391 224
392 560
393 727
394 439
395 237
396 303
397 1206
398 946
399 1257
400 412
401 1400
402 58
403 1044
404 1057
405 313
406 332
407 1065
408 712
409 1057
410 1162
411 1308
412 1336
413 675
414 755
415 951
416 1303
417 884
418 536
419 1288
420 853
421 300
422 271
423 571
424 371
425 476
426 1354
427 433
428 401
429 766
430 181
431 1061
432 348
433 885
434 1301
435 1184
436 539
437 522
438 587
439 569
440 499
441 563
442 95
443 1121
444 506
445 1110
446 352
447 829
448 95
449 1184
450 187
451 449
452 1300
453 52
454 387
455 960
456 528
457 887
458 1284
459 1242
460 1003
461 1043
462 981
463 826
464 1048
465 1404
466 1026
467 1388
468 811
469 209
470 350
471 264
472 775
473 228
474 1168
475 323
476 802
477 683
478 1118
479 62
480 767
481 92
482 353
483 1372
484 788
485 1296
486 1272
487 1350
488 912
489 613
490 1226
491 387
492 887
493 1228
494 740
495 546
496 983
497 691
498 1367
499 1338
500 1119
501 356
502 186
503 949
504 758
505 1166
506 715
507 879
508 1194
509 982
510 318
511 689
512 1326
513 885
514 1255
515 1184
516 1271
517 1355
518 377
519 420
520 929
521 1271
522 941
523 232
524 142
525 553
526 105
527 369
528 708
529 696
530 448
531 837
532 1355
533 96
534 1235
535 792
536 964
537 1316
538 861
539 217
540 1345
541 1247
542 1033
543 600
544 1066
545 718
546 1093
547 989
548 252
549 1157
550 743
551 108
552 1010
553 928
554 850
555 967
556 198
557 699
558 157
559 73
560 339
561 1388
562 765
563 1203
564 893
565 993
566 255
567 497
568 1287
569 881
570 296
571 873
572 657
573 57
574 936
575 697
576 1094
577 827
578 87
579 821
580 325
581 883
582 305
583 1038
584 1189
585 1232
586 670
587 1329
588 1252
589 27
590 696
591 987
592 246
593 622
594 177
595 789
596 1297
597 282
598 734
599 939
600 24
601 1073
602 212
603 1075
604 1187
605 563
606 169
607 1226
608 193
609 591
610 388
611 50
612 115
613 649
614 269
615 960
616 525
617 1075
618 1228
619 879
620 136
621 20
622 664
623 144
624 750
625 887
626 735
627 298
628 1360
629 1164
630 1381
631 625
632 762
633 966
634 682
635 535
636 633
637 1074
638 749
639 482
640 623
641 776
642 1185
643 453
644 224
645 1064
646 187
647 494
648 745
649 1041
650 1372
651 884
652 1133
653 87
654 1371
655 922
656 395
657 381
658 661
659 713
660 264
661 244
662 816
663 337
664 1142
665 591
666 472
667 416
668 586
669 629
670 774
671 1264
672 449
673 986
674 1017
675 1291
676 365
677 777
678 34
679 1141
680 1113
681 87
682 1209
683 638
684 451
685 902
686 767
687 338
688 834
689 877
690 240
691 525
692 125
693 123
694 1167
695 1154
696 1203
697 1037
698 62
699 875
700 1103
701 1030
702 1371
703 748
704 1179
705 733
706 922
707 213
708 238
709 1353
710 1115
711 107
712 191
713 1320
714 792
715 126
716 950
717 103
718 531
719 554
720 625
721 764
722 1357
723 213
724 281
725 506
726 0
727 688
728 725
729 452
730 226
731 458
732 927
733 153
734 66
735 304
736 287
737 588
738 734
739 275
740 569
741 1393
742 910
743 518
744 762
745 1171
746 798
747 677
748 272
749 91
750 470
751 575
752 638
753 1108
754 548
755 223
756 568
757 422
758 46
759 72
760 256
761 1197
762 510
763 843
764 507
765 427
766 1302
767 315
768 639
769 66
770 1058
771 1012
772 990
773 875
774 1019
775 490
776 1049
777 598
778 778
779 245
780 918
781 1009
782 1124
783 873
784 128
785 352
786 992
787 222
788 1020
789 1245
790 1175
791 431
792 950
793 426
794 852
795 1390
796 235
797 425
798 66
799 1193
800 752
801 624
802 1313
803 777
804 1229
805 1130
806 1106
807 393
808 234
809 781
810 776
811 12
812 750
813 532
814 443
815 873
816 1208
817 411
818 853
819 13
820 554
821 1221
822 864
823 1059
824 594
825 1221
826 550
827 1000
828 481
829 1095
830 577
831 646
832 593
833 1112
834 337
835 257
836 654
837 584
838 954
839 1025
840 545
841 1335
842 46
843 1248
844 670
845 161
846 28
847 144
848 972
849 1300
850 1254
851 642
852 150
853 114
854 1289
855 764
856 387
857 300
858 1013
859 601
860 276
861 479
862 936
863 590
864 1127
865 1202
866 756
867 458
868 970
869 840
870 70
871 1037
872 510
873 596
874 1344
875 510
876 382
877 1137
878 1172
879 379
880 777
881 76
882 587
883 1086
884 1333
885 252
886 579
887 4
888 8
889 252
890 853
891 415
892 125
893 1278
894 983
895 1362
896 28
897 574
898 449
899 665
900 384
901 1032
902 1219
903 1222
904 84
905 714
906 668
907 518
908 1279
909 1116
910 335
911 178
912 122
913 1250
914 530
915 1294
916 148
917 356
918 366
919 233
920 239
921 274
922 37
923 738
924 744
925 189
926 930
927 1379
928 747
929 24
930 1303
931 1164
932 1175
933 782
934 824
935 511
936 173
937 433
938 228
939 1335
940 689
941 98
942 532
943 424
944 891
945 321
946 86
947 407
948 464
949 1328
950 815
951 1181
952 743
953 1113
954 1192
955 384
956 1394
957 1086
958 982
959 118
960 618
961 314
962 14
963 1009
964 519
965 1215
966 357
967 498
968 773
969 844
970 1197
971 866
972 570
973 577
974 736
975 38
976 1263
977 608
978 1174
979 1413
980 1345
981 831
982 122
983 463
984 475
985 661
986 1259
987 617
988 754
989 934
990 733
991 1323
992 565
993 375
994 856
995 667
996 810
997 361
998 785
999 1146
1000 1107
1001 761
1002 884
1003 18
1004 542
1005 1338
1006 1347
1007 1025
1008 239
1009 1259
1010 831
1011 251
1012 62
1013 114
1014 1299
1015 684
1016 874
1017 940
1018 617
1019 567
1020 331
1021 154
1022 882
1023 76
1024 856
1025 274
1026 571
1027 1245
1028 824
1029 1083
1030 115
1031 15
1032 687
1033 508
1034 85
1035 1171
1036 1209
1037 1255
1038 1045
1039 712
1040 576
1041 723
1042 91
1043 1368
1044 872
1045 580
1046 441
1047 915
1048 648
1049 23
1050 1392
1051 1213
1052 605
1053 859
1054 403
1055 1274
1056 676
1057 1285
1058 724
1059 318
1060 802
1061 437
1062 925
1063 713
1064 820
1065 1088
1066 866
1067 254
1068 284
1069 424
1070 1010
1071 426
1072 100
1073 82
1074 753
1075 1265
1076 774
1077 92
1078 208
1079 258
1080 850
1081 1229
1082 887
1083 1146
1084 74
1085 470
1086 1181
1087 1100
1088 267
1089 843
1090 45
1091 1195
1092 1073
1093 1043
1094 1250
1095 283
1096 507
1097 1013
1098 1374
1099 697
1100 1047
1101 1358
1102 837
1103 255
1104 663
1105 922
1106 1012
1107 701
1108 827
1109 1043
1110 1048
1111 1251
1112 951
1113 591
1114 330
1115 1011
1116 1029
1117 752
1118 227
1119 669
1120 463
1121 836
1122 915
1123 1127
1124 1299
1125 1092
1126 464
1127 742
1128 888
1129 360
1130 118
1131 83
1132 536
1133 902
1134 5
1135 359
1136 324
1137 882
1138 104
1139 981
1140 257
1141 1244
1142 487
1143 658
1144 1409
1145 645
1146 843
1147 1278
1148 422
1149 1177
1150 1188
1151 1378
1152 562
1153 27
1154 427
1155 82
1156 65
1157 1098
1158 261
1159 715
1160 863
1161 453
1162 905
1163 884
1164 1367
1165 1415
1166 368
1167 518
1168 1343
1169 369
1170 1389
1171 812
1172 1305
1173 473
1174 222
1175 1411
1176 631
1177 274
1178 898
1179 437
1180 727
1181 207
1182 124
1183 1146
1184 1058
1185 923
1186 911
1187 888
1188 360
1189 87
1190 1286
1191 204
1192 317
1193 95
1194 818
1195 968
1196 603
1197 836
1198 1106
1199 597
1200 890
1201 402
1202 507
1203 984
1204 1390
1205 656
1206 263
1207 651
1208 327
1209 282
1210 1404
1211 1029
1212 609
1213 980
1214 1415
1215 1059
1216 607
1217 955
1218 1263
1219 76
1220 587
1221 314
1222 1221
1223 628
1224 788
1225 1324
1226 69
1227 507
1228 398
1229 418
1230 120
1231 799
1232 313
1233 644
1234 746
1235 525
1236 348
1237 613
1238 773
1239 1236
1240 905
1241 1028
1242 554
1243 203
1244 976
1245 1379
1246 48
1247 797
1248 734
1249 238
1250 1044
1251 1387
1252 1023
1253 925
1254 754
1255 720
1256 1270
1257 156
1258 1210
1259 1170
1260 785
1261 354
1262 1025
1263 967
1264 74
1265 78
1266 39
1267 130
1268 1229
1269 836
1270 925
1271 614
1272 1202
1273 800
1274 1079
1275 1410
1276 675
1277 198
1278 33
1279 523
1280 37
1281 874
1282 193
1283 320
1284 965
1285 705
1286 688
1287 1234
1288 1269
1289 1126
1290 164
1291 888
1292 1054
1293 428
1294 203
1295 371
1296 1233
1297 27
1298 580
1299 1026
1300 1003
1301 1413
1302 889
1303 34
1304 785
1305 1159
1306 596
1307 1315
1308 867
1309 1371
1310 997
1311 1021
1312 548
1313 1101
1314 1076
1315 264
1316 1089
1317 104
1318 551
1319 642
1320 245
1321 1000
1322 436
1323 208
1324 428
1325 905
1326 15
1327 1241
1328 843
1329 853
1330 1383
1331 24
1332 120
1333 1223
1334 105
1335 477
1336 485
1337 271
1338 951
1339 102
1340 239
1341 899
1342 337
1343 193
1344 516
1345 1132
1346 673
1347 89
1348 889
1349 15
1350 630
1351 265
1352 629
1353 1414
1354 1374
1355 605
1356 60
1357 602
1358 210
1359 1155
1360 1134
1361 1063
1362 681
1363 328
1364 215
1365 603
1366 836
1367 1244
1368 781
1369 994
1370 1011
1371 1259
1372 900
1373 376
1374 832
1375 456
1376 978
1377 1328
1378 588
1379 100
1380 266
1381 590
1382 1293
1383 914
1384 501
1385 242
1386 1320
1387 547
1388 203
1389 697
1390 524
1391 1137
1392 131
1393 936
1394 1266
1395 568
1396 538
1397 931
1398 90
1399 1060
1400 1214
1401 133
1402 146
1403 168
1404 97
1405 468
1406 1232
1407 974
1408 725
1409 571
1410 1258
1411 1248
1412 1375
1413 909
1414 189
1415 1055
1416 575
0 1373
1 577
2 775
3 414
4 260
5 922
6 1341
7 53
8 942
9 132
10 1225
11 1286
12 451
13 367
14 39
15 903
16 381
17 564
18 178
19 27
20 1056
21 1128
22 792
23 1066
24 1085
25 727
26 1140
27 1135
28 682
29 1369
30 1154
31 707
32 1355
33 129
34 119
35 1107
36 433
37 105
38 1053
39 994
40 971
41 1312
42 672
43 672
44 1377
45 1175
46 720
47 997
48 166
49 732
50 1032
51 661
52 701
53 597
54 164
55 313
56 1167
57 474
58 632
59 167
60 306
61 1102
62 24
63 1105
64 455
65 265
66 268
67 1371
68 771
69 478
70 76
71 1091
72 1299
73 481
74 65
75 566
76 1085
77 1217
78 368
79 1415
80 1395
81 630
82 360
83 229
84 818
85 423
86 1127
87 334
88 29
89 1116
90 1198
91 728
92 52
93 120
94 36
95 547
96 983
97 1015
98 654
99 1386
100 597
101 910
102 789
103 963
104 130
105 540
106 226
107 212
108 1269
109 704
110 1047
111 525
112 431
113 1002
114 256
115 1118
116 699
117 14
118 408
119 713
120 212
121 1135
122 103
123 457
124 371
125 1408
126 860
127 854
128 317
129 195
130 454
131 428
132 233
133 1097
134 1092
135 1376
136 244
137 324
138 95
139 674
140 429
141 89
142 1040
143 1063
144 1357
145 643
146 1209
147 662
148 1393
149 93
150 378
151 630
152 988
153 519
154 918
155 1100
156 725
157 1333
158 1296
159 810
160 1323
161 1131
162 592
163 1165
164 1008
165 126
166 195
167 425
168 246
169 643
170 1291
171 236
172 1206
173 671
174 237
175 1228
176 90
177 843
178 1074
179 511
180 1022
181 726
182 131
183 575
184 719
185 36
186 514
187 86
188 981
189 622
190 561
191 1059
192 951
193 610
194 1222
195 150
196 1084
197 1128
198 1071
199 38
200 511
201 877
202 326
203 436
204 338
205 895
206 1054
207 965
208 1002
209 925
210 365
211 469
212 336
213 909
214 310
215 1188
216 1390
217 1400
218 9
219 1360
220 388
221 1314
222 1033
223 525
224 932
225 170
226 1297
227 559
228 1372
229 814
230 578
231 1353
232 796
233 1307
234 566
235 710
236 270
237 1043
238 351
239 968
240 481
241 699
242 795
243 1391
244 877
245 891
246 1101
247 1081
248 482
249 1162
250 407
251 976
252 1339
253 984
254 1015
255 931
256 1159
257 658
258 861
259 563
260 689
261 1366
262 390
263 213
264 1066
265 810
266 957
267 1317
268 606
269 1247
270 816
271 578
272 1116
273 149
274 207
275 690
276 384
277 1176
278 486
279 48
280 651
281 759
282 1311
283 828
284 1386
285 418
286 79
287 1165
288 171
289 988
290 1276
291 512
292 1099
293 1044
294 1296
295 127
296 655
297 510
298 1021
299 1214
300 853
301 411
302 468
303 1015
304 772
305 623
306 472
307 112
308 1180
309 312
310 1409
311 728
312 107
313 1015
314 1011
315 534
316 1388
317 778
318 529
319 309
320 711
321 866
322 868
323 277
324 1073
325 347
326 589
327 110
328 660
329 647
330 85
331 1297
332 1409
333 814
334 1382
335 501
336 930
337 723
338 953
339 301
340 542
341 1244
342 914
343 1214
344 969
345 875
346 890
347 510
348 819
349 1213
350 384
351 1136
352 462
353 113
354 900
355 201
356 1184
357 743
358 158
359 1368
360 749
361 1131
362 993
363 170
364 768
365 1267
366 67
367 879
368 934
369 1139
370 1319
371 1082
372 651
373 688
374 442
375 1213
376 272
377 20
378 1408
379 1089
380 112
381 1326
382 597
383 316
384 30
385 274
386 175
387 670
388 299
389 328
390 934
391 224
392 131
393 774
394 525
395 237
396 1192
397 1185
398 39
399 774
400 412
401 67
402 24
403 1311
404 1326
405 464
406 332
407 418
408 794
409 631
410 1162
411 1275
412 1336
413 675
414 1112
415 114
416 1303
417 884
418 536
419 1288
420 853
421 874
422 271
423 571
424 371
425 287
426 502
427 433
428 401
429 766
430 181
431 681
432 348
433 885
434 205
435 1184
436 539
437 858
438 587
439 569
440 499
441 563
442 423
443 1147
444 752
445 1110
446 352
447 829
448 392
449 316
450 1253
451 620
452 1300
453 52
454 273
455 1404
456 855
457 887
458 357
459 1305
460 883
461 174
462 404
463 826
464 1048
465 1374
466 1026
467 1388
468 270
469 209
470 350
471 739
472 654
473 624
474 234
475 280
476 385
477 1128
478 5
479 62
480 1062
481 785
482 353
483 9
484 788
485 1296
486 1272
487 1350
488 408
489 613
490 750
491 532
492 887
493 1228
494 740
495 546
496 983
497 621
498 1367
499 502
500 499
501 356
502 729
503 1328
504 758
505 1166
506 715
507 879
508 1194
509 982
510 146
511 689
512 20
513 885
514 1255
515 851
516 22
517 1355
518 377
519 666
520 367
521 7
522 12
523 232
524 142
525 553
526 105
527 1126
528 1285
529 696
530 235
531 837
532 1355
533 96
534 145
535 792
536 621
537 870
538 907
539 1090
540 1345
541 1294
542 1124
543 600
544 1359
545 718
546 352
547 733
548 474
549 1157
550 109
551 1409
552 1249
553 174
554 404
555 587
556 1234
557 699
558 506
559 412
560 225
561 1388
562 604
563 1203
564 962
565 993
566 772
567 497
568 1294
569 881
570 182
571 1371
572 657
573 57
574 936
575 697
576 480
577 927
578 87
579 728
580 1103
581 1324
582 1366
583 1038
584 537
585 1232
586 670
587 41
588 1252
589 670
590 328
591 987
592 281
593 828
594 1308
595 663
596 568
597 1401
598 983
599 939
600 209
601 985
602 826
603 1295
604 1187
605 1094
606 169
607 1226
608 193
609 1342
610 388
611 50
612 286
613 649
614 1205
615 960
616 1250
617 1311
618 1178
619 479
620 1047
621 1181
622 664
623 122
624 750
625 950
626 508
627 866
628 679
629 1164
630 1381
631 237
632 1143
633 966
634 542
635 535
636 490
637 684
638 463
639 897
640 504
641 776
642 1411
643 453
644 173
645 514
646 1266
647 1359
648 745
649 505
650 1372
651 848
652 1317
653 1023
654 85
655 922
656 395
657 381
658 266
659 1386
660 706
661 1203
662 816
663 109
664 1142
665 446
666 1377
667 416
668 1121
669 629
670 470
671 1264
672 1179
673 272
674 1017
675 108
676 365
677 1377
678 743
679 714
680 309
681 639
682 365
683 473
684 451
685 902
686 767
687 338
688 54
689 877
690 1349
691 254
692 125
693 123
694 1167
695 599
696 1203
697 1353
698 62
699 207
700 524
701 1213
702 1371
703 1340
704 1179
705 733
706 1411
707 319
708 561
709 1353
710 1115
711 440
712 1324
713 404
714 792
715 126
716 950
717 647
718 1077
719 554
720 880
721 764
722 1357
723 146
724 281
725 910
726 0
727 688
728 725
729 452
730 414
731 458
732 246
733 486
734 66
735 304
736 287
737 1152
738 734
739 275
740 870
741 24
742 522
743 1401
744 875
745 1171
746 798
747 717
748 1310
749 91
750 1327
751 821
752 638
753 486
754 242
755 157
756 591
757 1311
758 46
759 72
760 683
761 1039
762 510
763 843
764 507
765 427
766 1302
767 1243
768 639
769 1315
770 1058
771 939
772 549
773 786
774 1040
775 436
776 382
777 598
778 1392
779 245
780 1166
781 1009
782 1240
783 323
784 758
785 1223
786 992
787 1357
788 791
789 25
790 890
791 979
792 950
793 730
794 852
795 428
796 235
797 953
798 892
799 29
800 583
801 1088
802 1313
803 777
804 1229
805 1339
806 1016
807 393
808 132
809 1329
810 774
811 1111
812 599
813 951
814 626
815 873
816 1208
817 411
818 401
819 492
820 554
821 1221
822 864
823 102
824 41
825 1393
826 550
827 380
828 1369
829 1095
830 30
831 646
832 694
833 1112
834 337
835 1375
836 37
837 584
838 1001
839 302
840 1361
841 1262
842 1056
843 1309
844 670
845 161
846 1305
847 915
848 481
849 1300
850 1254
851 642
852 150
853 114
854 1289
855 764
856 762
857 681
858 1013
859 413
860 276
861 479
862 936
863 387
864 1147
865 1411
866 58
867 256
868 970
869 221
870 1402
871 150
872 510
873 12
874 560
875 510
876 382
877 668
878 586
879 784
880 777
881 477
882 590
883 300
884 1333
885 721
886 579
887 763
888 167
889 1156
890 853
891 415
892 125
893 1278
894 983
895 250
896 880
897 189
898 727
899 665
900 824
901 296
902 1219
903 562
904 1159
905 275
906 899
907 518
908 455
909 1240
910 335
911 178
912 1108
913 1250
914 530
915 687
916 1332
917 356
918 366
919 233
920 826
921 274
922 532
923 1410
924 834
925 189
926 930
927 1379
928 747
929 144
930 1303
931 1164
932 55
933 976
934 1042
935 930
936 173
937 1266
938 1170
939 600
940 689
941 1164
942 532
943 609
944 891
945 891
946 86
947 407
948 1324
949 266
950 118
951 70
952 460
953 1156
954 223
955 384
956 1299
957 1086
958 982
959 73
960 983
961 314
962 848
963 741
964 519
965 1215
966 357
967 498
968 121
969 844
970 816
971 866
972 740
973 1278
974 736
975 32
976 64
977 1351
978 1383
979 1413
980 1246
981 831
982 984
983 353
984 475
985 661
986 1259
987 617
988 754
989 934
990 733
991 1323
992 747
993 1211
994 1059
995 211
996 810
997 326
998 339
999 1146
1000 836
1001 761
1002 1345
1003 91
1004 1397
1005 1338
1006 576
1007 773
1008 239
1009 1137
1010 1023
1011 251
1012 702
1013 773
1014 1059
1015 271
1016 1108
1017 498
1018 1328
1019 600
1020 260
1021 1410
1022 882
1023 76
1024 1207
1025 1064
1026 436
1027 930
1028 824
1029 1083
1030 115
1031 15
1032 730
1033 1119
1034 584
1035 1171
1036 655
1037 826
1038 143
1039 421
1040 705
1041 723
1042 786
1043 550
1044 872
1045 787
1046 541
1047 915
1048 1047
1049 23
1050 1392
1051 1213
1052 605
1053 859
1054 403
1055 1274
1056 173
1057 1285
1058 724
1059 318
1060 1227
1061 817
1062 1335
1063 946
1064 820
1065 1088
1066 866
1067 405
1068 284
1069 424
1070 1010
1071 426
1072 867
1073 837
1074 753
1075 153
1076 466
1077 1146
1078 1065
1079 1298
1080 850
1081 1229
1082 274
1083 1146
1084 1416
1085 703
1086 1181
1087 1100
1088 129
1089 843
1090 875
1091 1195
1092 495
1093 857
1094 1250
1095 283
1096 1097
1097 1164
1098 366
1099 114
1100 1047
1101 1358
1102 837
1103 371
1104 663
1105 922
1106 1012
1107 1391
1108 1033
1109 1043
1110 577
1111 877
1112 951
1113 199
1114 330
1115 711
1116 1014
1117 989
1118 412
1119 8
1120 463
1121 1119
1122 915
1123 559
1124 426
1125 1092
1126 962
1127 400
1128 951
1129 1279
1130 87
1131 1412
1132 536
1133 902
1134 802
1135 930
1136 66
1137 882
1138 104
1139 1384
1140 539
1141 1244
1142 487
1143 1213
1144 1409
1145 668
1146 843
1147 1278
1148 422
1149 1177
1150 1188
1151 817
1152 374
1153 875
1154 651
1155 424
1156 44
1157 1098
1158 493
1159 864
1160 863
1161 1230
1162 905
1163 1217
1164 887
1165 1415
1166 1159
1167 518
1168 1343
1169 369
1170 1260
1171 812
1172 628
1173 473
1174 117
1175 1411
1176 354
1177 274
1178 737
1179 79
1180 727
1181 1249
1182 124
1183 450
1184 1058
1185 923
1186 911
1187 195
1188 1157
1189 772
1190 1360
1191 204
1192 917
1193 95
1194 818
1195 983
1196 511
1197 836
1198 1106
1199 1131
1200 890
1201 402
1202 364
1203 1228
1204 1177
1205 656
1206 1131
1207 960
1208 669
1209 1055
1210 455
1211 1029
1212 1042
1213 980
1214 1415
1215 915
1216 1263
1217 1324
1218 1263
1219 937
1220 587
1221 324
1222 571
1223 749
1224 788
1225 532
1226 69
1227 926
1228 398
1229 418
1230 120
1231 799
1232 482
1233 644
1234 1192
1235 859
1236 45
1237 613
1238 773
1239 1220
1240 905
1241 1028
1242 247
1243 203
1244 976
1245 189
1246 760
1247 1151
1248 734
1249 606
1250 1044
1251 441
1252 1023
1253 925
1254 754
1255 967
1256 1324
1257 649
1258 144
1259 1170
1260 322
1261 1329
1262 1025
1263 967
1264 74
1265 924
1266 1079
1267 319
1268 1172
1269 1076
1270 779
1271 1407
1272 490
1273 467
1274 1079
1275 1410
1276 942
1277 394
1278 695
1279 924
1280 422
1281 874
1282 193
1283 320
1284 965
1285 275
1286 910
1287 1234
1288 1368
1289 1100
1290 164
1291 888
1292 673
1293 428
1294 203
1295 632
1296 279
1297 1316
1298 563
1299 848
1300 1003
1301 1413
1302 889
1303 34
1304 863
1305 392
1306 255
1307 77
1308 330
1309 1371
1310 997
1311 1136
1312 1034
1313 1101
1314 819
1315 264
1316 1089
1317 1293
1318 1212
1319 642
1320 1049
1321 1277
1322 1324
1323 1037
1324 435
1325 1328
1326 15
1327 1291
1328 329
1329 853
1330 1383
1331 161
1332 120
1333 909
1334 421
1335 477
1336 604
1337 271
1338 951
1339 609
1340 239
1341 258
1342 578
1343 93
1344 516
1345 1109
1346 823
1347 89
1348 328
1349 15
1350 630
1351 1287
1352 692
1353 1414
1354 493
1355 605
1356 736
1357 602
1358 1354
1359 211
1360 1134
1361 1063
1362 681
1363 582
1364 298
1365 931
1366 1013
1367 538
1368 1068
1369 994
1370 939
1371 334
1372 1300
1373 566
1374 1380
1375 456
1376 193
1377 1328
1378 885
1379 725
1380 992
1381 590
1382 1293
1383 538
1384 311
1385 1040
1386 1217
1387 1272
1388 203
1389 565
1390 1407
1391 1137
1392 1015
1393 229
1394 1266
1395 568
1396 538
1397 931
1398 90
1399 260
1400 800
1401 820
1402 889
1403 1290
1404 97
1405 488
1406 1282
1407 1197
1408 764
1409 684
1410 168
1411 876
1412 960
1413 1186
1414 1344
1415 998
1416 575
