0 1226
1 697
2 708
3 269
4 1361
5 142
6 532
7 622
8 181
9 573
10 356
11 898
12 159
13 225
14 1231
15 923
16 139
17 63
18 205
19 694
20 1133
21 799
22 540
23 1415
24 505
25 116
26 1310
27 988
28 855
29 312
30 538
31 1027
32 691
33 605
34 547
35 574
36 1383
37 1273
38 324
39 847
40 312
41 21
42 1241
43 946
44 500
45 733
46 1009
47 74
48 439
49 85
50 643
51 512
52 1370
53 260
54 87
55 227
56 1379
57 53
58 484
59 871
60 814
61 373
62 616
63 166
64 273
65 103
66 354
67 940
68 677
69 159
70 1107
71 143
72 605
73 755
74 1390
75 292
76 1392
77 1322
78 165
79 1224
80 1201
81 91
82 1336
83 1109
84 110
85 602
86 958
87 1073
88 1096
89 606
90 820
91 732
92 1237
93 1327
94 1148
95 1411
96 490
97 1034
98 349
99 505
100 364
101 719
102 3
103 317
104 49
105 268
106 740
107 1025
108 393
109 316
110 1353
111 1097
112 1139
113 801
114 381
115 1257
116 725
117 9
118 371
119 1029
120 390
121 184
122 1297
123 486
124 1209
125 527
126 952
127 1371
128 979
129 918
130 207
131 1394
132 208
133 382
134 196
135 2
136 145
137 1398
138 1314
139 77
140 1085
141 56
142 409
143 835
144 286
145 548
146 8
147 204
148 241
149 769
150 954
151 766
152 1244
153 33
154 794
155 824
156 358
157 826
158 539
159 386
160 1186
161 384
162 546
163 1164
164 22
165 979
166 507
167 1364
168 14
169 16
170 202
171 1363
172 94
173 489
174 1357
175 873
176 1298
177 609
178 43
179 265
180 837
181 1134
182 941
183 455
184 1000
185 194
186 929
187 154
188 126
189 812
190 528
191 715
192 757
193 90
194 167
195 786
196 1223
197 1331
198 1284
199 1251
200 275
201 23
202 674
203 111
204 1219
205 227
206 364
207 850
208 764
209 682
210 729
211 1290
212 742
213 790
214 1005
215 1103
216 405
217 78
218 332
219 170
220 724
221 978
222 178
223 1402
224 472
225 1302
226 1268
227 1240
228 663
229 970
230 413
231 225
232 931
233 309
234 724
235 543
236 502
237 711
238 1243
239 696
240 949
241 466
242 1344
243 1103
244 596
245 901
246 1065
247 220
248 1228
249 1158
250 507
251 393
252 171
253 815
254 1416
255 294
256 1172
257 1081
258 1340
259 636
260 180
261 474
262 165
263 325
264 1312
265 1319
266 854
267 837
268 283
269 1102
270 644
271 1261
272 957
273 1346
274 1172
275 13
276 6
277 1078
278 605
279 544
280 422
281 777
282 801
283 861
284 839
285 1095
286 1301
287 221
288 605
289 256
290 318
291 1081
292 1
293 1063
294 444
295 1005
296 480
297 150
298 1323
299 54
300 405
301 442
302 664
303 511
304 320
305 731
306 185
307 959
308 1028
309 179
310 581
311 83
312 1046
313 211
314 536
315 42
316 878
317 954
318 458
319 1125
320 213
321 1033
322 498
323 843
324 296
325 319
326 655
327 1101
328 1041
329 2
330 136
331 385
332 569
333 368
334 216
335 1189
336 250
337 371
338 912
339 175
340 865
341 484
342 1368
343 1327
344 614
345 387
346 1387
347 507
348 1199
349 477
350 443
351 599
352 1316
353 378
354 539
355 740
356 759
357 2
358 192
359 703
360 312
361 336
362 683
363 268
364 1329
365 803
366 128
367 1198
368 1140
369 538
370 27
371 248
372 455
373 33
374 265
375 190
376 558
377 887
378 482
379 786
380 1170
381 1088
382 382
383 197
384 1058
385 903
386 1393
387 418
388 1115
389 1110
390 510
391 813
392 89
393 821
394 320
395 1061
396 1252
397 43
398 1209
399 75
400 609
401 722
402 983
403 784
404 834
405 155
406 270
407 564
408 1209
409 427
410 534
411 1071
412 372
413 1007
414 702
415 949
416 363
417 129
418 1410
419 414
420 860
421 607
422 769
423 859
424 32
425 1315
426 442
427 391
428 1359
429 350
430 249
431 864
432 422
433 881
434 1149
435 187
436 1156
437 611
438 751
439 70
440 40
441 546
442 1264
443 347
444 1055
445 1072
446 1212
447 47
448 1073
449 813
450 430
451 525
452 735
453 742
454 874
455 277
456 807
457 907
458 558
459 946
460 79
461 1228
462 710
463 3
464 195
465 83
466 999
467 1027
468 72
469 306
470 681
471 1192
472 513
473 994
474 388
475 229
476 730
477 891
478 25
479 739
480 1170
481 342
482 637
483 103
484 109
485 292
486 579
487 210
488 823
489 88
490 369
491 653
492 522
493 510
494 514
495 528
496 1073
497 625
498 960
499 1254
500 441
501 952
502 1220
503 0
504 401
505 886
506 99
507 799
508 1191
509 318
510 849
511 1044
512 32
513 1039
514 836
515 594
516 1292
517 898
518 491
519 1407
520 588
521 1388
522 408
523 349
524 797
525 1209
526 1358
527 1075
528 1289
529 1064
530 870
531 306
532 177
533 540
534 1242
535 386
536 264
537 314
538 711
539 1204
540 52
541 572
542 153
543 1384
544 598
545 171
546 306
547 1214
548 416
549 1231
550 384
551 676
552 1209
553 1297
554 1021
555 139
556 1169
557 1238
558 1334
559 452
560 1316
561 1003
562 1044
563 151
564 874
565 841
566 31
567 246
568 1163
569 55
570 942
571 786
572 694
573 663
574 96
575 959
576 781
577 329
578 1305
579 108
580 654
581 609
582 1286
583 684
584 1333
585 437
586 831
587 514
588 1113
589 1385
590 812
591 821
592 578
593 113
594 1175
595 1177
596 62
597 815
598 1217
599 668
600 526
601 578
602 927
603 200
604 709
605 240
606 244
607 310
608 43
609 775
610 1162
611 1092
612 795
613 699
614 892
615 77
616 55
617 1093
618 1165
619 1096
620 994
621 610
622 57
623 198
624 817
625 447
626 60
627 1405
628 993
629 1332
630 142
631 1353
632 1032
633 914
634 237
635 1166
636 345
637 893
638 103
639 89
640 90
641 684
642 750
643 688
644 824
645 332
646 687
647 119
648 817
649 538
650 886
651 17
652 361
653 926
654 336
655 378
656 344
657 871
658 613
659 1357
660 113
661 1062
662 375
663 69
664 311
665 1075
666 86
667 1157
668 1153
669 364
670 588
671 397
672 721
673 207
674 998
675 1045
676 667
677 88
678 1015
679 280
680 374
681 129
682 888
683 396
684 589
685 835
686 559
687 249
688 594
689 1022
690 885
691 440
692 802
693 369
694 1287
695 383
696 978
697 493
698 679
699 87
700 1361
701 630
702 1130
703 845
704 1095
705 1176
706 1094
707 296
708 1315
709 625
710 1256
711 1258
712 206
713 102
714 1350
715 1246
716 211
717 168
718 1112
719 567
720 12
721 397
722 259
723 428
724 150
725 138
726 925
727 511
728 691
729 706
730 723
731 222
732 202
733 871
734 395
735 1383
736 1166
737 40
738 24
739 126
740 1332
741 257
742 98
743 826
744 436
745 1296
746 26
747 1410
748 866
749 141
750 843
751 931
752 1104
753 1319
754 1149
755 75
756 1170
757 581
758 648
759 781
760 349
761 1180
762 1304
763 1005
764 370
765 1190
766 1168
767 149
768 1218
769 1164
770 710
771 950
772 998
773 868
774 59
775 130
776 489
777 1198
778 1049
779 19
780 167
781 992
782 277
783 1064
784 537
785 310
786 515
787 485
788 341
789 502
790 557
791 736
792 584
793 1271
794 1240
795 1043
796 403
797 829
798 1142
799 1262
800 720
801 1353
802 718
803 550
804 1054
805 1233
806 1413
807 103
808 1194
809 536
810 1041
811 708
812 455
813 970
814 1373
815 187
816 449
817 1258
818 1095
819 159
820 892
821 918
822 1234
823 203
824 512
825 404
826 1012
827 930
828 454
829 364
830 660
831 1378
832 1394
833 61
834 904
835 1046
836 1206
837 881
838 1319
839 606
840 874
841 90
842 1065
843 608
844 1151
845 671
846 376
847 713
848 920
849 1127
850 336
851 1204
852 490
853 952
854 667
855 725
856 103
857 264
858 265
859 988
860 726
861 1238
862 151
863 689
864 649
865 383
866 1233
867 338
868 86
869 576
870 960
871 48
872 1105
873 780
874 655
875 849
876 1407
877 86
878 1105
879 1032
880 218
881 740
882 11
883 1281
884 577
885 1013
886 1336
887 18
888 1385
889 1142
890 1184
891 546
892 458
893 310
894 1385
895 586
896 262
897 1296
898 409
899 272
900 1286
901 1020
902 165
903 711
904 330
905 1403
906 432
907 675
908 1114
909 138
910 735
911 535
912 82
913 1270
914 1246
915 960
916 179
917 1012
918 486
919 799
920 232
921 158
922 598
923 44
924 211
925 973
926 1375
927 315
928 1045
929 237
930 719
931 446
932 34
933 532
934 917
935 488
936 1140
937 985
938 1095
939 1184
940 1261
941 903
942 842
943 293
944 123
945 622
946 1046
947 522
948 1338
949 904
950 1240
951 1088
952 686
953 947
954 363
955 1113
956 638
957 828
958 149
959 1345
960 1105
961 328
962 286
963 1036
964 431
965 281
966 244
967 95
968 996
969 679
970 1036
971 71
972 922
973 874
974 203
975 839
976 717
977 43
978 389
979 1060
980 848
981 887
982 477
983 198
984 324
985 224
986 622
987 1241
988 822
989 340
990 1238
991 476
992 592
993 994
994 564
995 638
996 114
997 922
998 1026
999 555
1000 1014
1001 1230
1002 849
1003 176
1004 209
1005 642
1006 182
1007 1019
1008 277
1009 753
1010 450
1011 881
1012 495
1013 360
1014 1157
1015 166
1016 217
1017 333
1018 605
1019 90
1020 238
1021 1223
1022 1337
1023 286
1024 110
1025 1361
1026 1101
1027 760
1028 941
1029 1188
1030 163
1031 962
1032 1357
1033 350
1034 2
1035 574
1036 698
1037 1142
1038 507
1039 1321
1040 1265
1041 532
1042 782
1043 996
1044 900
1045 1319
1046 532
1047 672
1048 600
1049 130
1050 302
1051 1333
1052 989
1053 309
1054 826
1055 1196
1056 738
1057 620
1058 1358
1059 1049
1060 968
1061 1130
1062 885
1063 1251
1064 1201
1065 1374
1066 87
1067 1031
1068 614
1069 137
1070 365
1071 181
1072 343
1073 1143
1074 171
1075 1183
1076 77
1077 1113
1078 577
1079 582
1080 1007
1081 497
1082 969
1083 1071
1084 1320
1085 1209
1086 868
1087 453
1088 100
1089 1241
1090 16
1091 563
1092 18
1093 1197
1094 677
1095 1182
1096 276
1097 957
1098 95
1099 431
1100 542
1101 504
1102 587
1103 1256
1104 874
1105 786
1106 728
1107 1107
1108 905
1109 1081
1110 554
1111 795
1112 1090
1113 1198
1114 1347
1115 507
1116 39
1117 13
1118 442
1119 234
1120 1286
1121 1101
1122 1005
1123 965
1124 524
1125 392
1126 1073
1127 825
1128 1219
1129 634
1130 8
1131 48
1132 270
1133 384
1134 1408
1135 1093
1136 1127
1137 305
1138 901
1139 907
1140 962
1141 1017
1142 254
1143 225
1144 706
1145 182
1146 1381
1147 644
1148 667
1149 1182
1150 1271
1151 912
1152 367
1153 1344
1154 224
1155 440
1156 226
1157 568
1158 282
1159 143
1160 843
1161 128
1162 1197
1163 1116
1164 1016
1165 612
1166 1317
1167 406
1168 1017
1169 1152
1170 1095
1171 1277
1172 531
1173 1169
1174 171
1175 306
1176 747
1177 1108
1178 628
1179 577
1180 0
1181 1210
1182 379
1183 208
1184 364
1185 28
1186 598
1187 667
1188 623
1189 66
1190 463
1191 1241
1192 809
1193 176
1194 235
1195 34
1196 1196
1197 882
1198 218
1199 891
1200 180
1201 616
1202 879
1203 1173
1204 635
1205 354
1206 887
1207 840
1208 635
1209 1059
1210 397
1211 651
1212 594
1213 1034
1214 405
1215 521
1216 798
1217 1193
1218 1411
1219 33
1220 431
1221 1182
1222 417
1223 1295
1224 360
1225 875
1226 900
1227 481
1228 788
1229 161
1230 1038
1231 332
1232 763
1233 259
1234 406
1235 251
1236 877
1237 959
1238 388
1239 580
1240 1178
1241 671
1242 468
1243 565
1244 1134
1245 1324
1246 78
1247 1020
1248 995
1249 305
1250 220
1251 500
1252 597
1253 1029
1254 216
1255 134
1256 233
1257 294
1258 827
1259 1113
1260 789
1261 1329
1262 1258
1263 1404
1264 419
1265 678
1266 211
1267 1060
1268 1344
1269 1403
1270 458
1271 1012
1272 1101
1273 707
1274 930
1275 450
1276 596
1277 424
1278 139
1279 1201
1280 1022
1281 774
1282 389
1283 1217
1284 1210
1285 1236
1286 696
1287 1102
1288 623
1289 965
1290 545
1291 828
1292 786
1293 145
1294 1174
1295 718
1296 1209
1297 527
1298 247
1299 16
1300 374
1301 289
1302 616
1303 298
1304 925
1305 100
1306 871
1307 371
1308 586
1309 590
1310 365
1311 1202
1312 515
1313 519
1314 389
1315 824
1316 1177
1317 1084
1318 462
1319 667
1320 130
1321 1298
1322 481
1323 757
1324 946
1325 1312
1326 73
1327 1019
1328 1412
1329 1048
1330 1247
1331 514
1332 980
1333 1391
1334 1304
1335 1182
1336 326
1337 652
1338 877
1339 1182
1340 1034
1341 54
1342 1403
1343 124
1344 85
1345 131
1346 860
1347 440
1348 229
1349 1149
1350 497
1351 572
1352 535
1353 156
1354 1401
1355 1180
1356 625
1357 1304
1358 812
1359 1222
1360 142
1361 76
1362 1092
1363 898
1364 1030
1365 1003
1366 798
1367 36
1368 248
1369 532
1370 326
1371 1402
1372 1115
1373 1195
1374 1098
1375 171
1376 1009
1377 369
1378 634
1379 1389
1380 821
1381 109
1382 467
1383 358
1384 359
1385 104
1386 51
1387 1039
1388 315
1389 318
1390 1195
1391 701
1392 961
1393 242
1394 453
1395 1110
1396 52
1397 1141
1398 1326
1399 1377
1400 977
1401 965
1402 1056
1403 563
1404 1228
1405 14
1406 48
1407 831
1408 1250
1409 436
1410 646
1411 409
1412 1248
1413 90
1414 219
1415 1275
1416 115
0 1226
1 1333
2 1220
3 792
4 851
5 142
6 532
7 1379
8 671
9 573
10 1057
11 1035
12 159
13 1238
14 1231
15 923
16 406
17 63
18 205
19 694
20 1133
21 799
22 535
23 105
24 1050
25 116
26 1262
27 643
28 714
29 312
30 937
31 663
32 169
33 605
34 547
35 1291
36 1383
37 1210
38 324
39 1061
40 312
41 228
42 1241
43 946
44 500
45 274
46 1009
47 517
48 439
49 85
50 643
51 1108
52 1005
53 260
54 728
55 1384
56 1374
57 53
58 950
59 871
60 768
61 373
62 818
63 166
64 737
65 652
66 765
67 1234
68 603
69 239
70 1107
71 258
72 605
73 755
74 1390
75 1294
76 735
77 807
78 165
79 54
80 109
81 587
82 1205
83 795
84 110
85 1105
86 1311
87 1073
88 1096
89 21
90 593
91 732
92 1068
93 158
94 1148
95 396
96 490
97 1034
98 95
99 865
100 968
101 719
102 3
103 317
104 49
105 268
106 740
107 577
108 393
109 1263
110 1353
111 419
112 670
113 801
114 381
115 326
116 725
117 1132
118 622
119 527
120 401
121 1402
122 1297
123 1364
124 54
125 785
126 952
127 289
128 1017
129 227
130 207
131 1146
132 208
133 716
134 964
135 2
136 145
137 542
138 82
139 291
140 521
141 56
142 105
143 835
144 728
145 548
146 135
147 1409
148 156
149 769
150 297
151 509
152 826
153 33
154 794
155 824
156 568
157 1065
158 743
159 386
160 1186
161 384
162 680
163 1164
164 22
165 979
166 507
167 21
168 14
169 491
170 202
171 1294
172 94
173 1397
174 1357
175 873
176 1298
177 116
178 43
179 141
180 50
181 68
182 941
183 1096
184 1000
185 1065
186 277
187 472
188 126
189 881
190 601
191 1210
192 757
193 99
194 728
195 997
196 693
197 106
198 1284
199 1339
200 275
201 608
202 163
203 111
204 1219
205 304
206 533
207 1297
208 200
209 682
210 590
211 1290
212 742
213 790
214 1005
215 357
216 405
217 78
218 1389
219 604
220 340
221 1326
222 1321
223 1402
224 627
225 915
226 1268
227 1240
228 1319
229 970
230 283
231 609
232 805
233 788
234 871
235 770
236 982
237 1382
238 1125
239 837
240 1230
241 466
242 1344
243 1150
244 596
245 901
246 1275
247 220
248 466
249 1158
250 1025
251 393
252 1244
253 815
254 1416
255 1414
256 1172
257 1081
258 850
259 636
260 1397
261 474
262 1024
263 39
264 1312
265 162
266 1156
267 546
268 823
269 1102
270 1093
271 366
272 957
273 413
274 903
275 749
276 6
277 1078
278 891
279 528
280 1343
281 1396
282 190
283 159
284 892
285 131
286 323
287 221
288 1326
289 1366
290 931
291 985
292 1325
293 910
294 371
295 313
296 480
297 150
298 81
299 368
300 405
301 442
302 489
303 557
304 15
305 731
306 1214
307 1372
308 694
309 1137
310 581
311 384
312 1046
313 211
314 536
315 42
316 388
317 607
318 818
319 1216
320 213
321 602
322 410
323 919
324 530
325 319
326 655
327 1101
328 1041
329 402
330 146
331 507
332 569
333 1019
334 297
335 1189
336 63
337 901
338 512
339 175
340 865
341 64
342 1368
343 1168
344 614
345 387
346 1127
347 393
348 1199
349 873
350 443
351 599
352 642
353 1006
354 828
355 740
356 759
357 595
358 687
359 174
360 312
361 1007
362 1122
363 1263
364 45
365 135
366 128
367 855
368 1140
369 967
370 422
371 248
372 571
373 183
374 852
375 190
376 650
377 887
378 1242
379 871
380 250
381 449
382 382
383 294
384 879
385 903
386 1136
387 358
388 163
389 1110
390 510
391 741
392 1104
393 1286
394 320
395 1061
396 558
397 43
398 1209
399 75
400 796
401 722
402 983
403 784
404 834
405 848
406 270
407 564
408 1209
409 1257
410 887
411 1071
412 372
413 423
414 979
415 949
416 363
417 788
418 572
419 91
420 553
421 916
422 552
423 859
424 649
425 1130
426 845
427 866
428 1359
429 44
430 249
431 1161
432 422
433 881
434 1149
435 1230
436 842
437 1199
438 1222
439 70
440 40
441 441
442 501
443 1336
444 1055
445 1192
446 1132
447 357
448 998
449 700
450 430
451 525
452 1158
453 742
454 1047
455 436
456 1128
457 907
458 757
459 355
460 540
461 896
462 710
463 3
464 744
465 964
466 999
467 1027
468 72
469 306
470 681
471 565
472 513
473 931
474 388
475 1231
476 520
477 891
478 25
479 739
480 570
481 897
482 637
483 103
484 109
485 715
486 579
487 1345
488 445
489 49
490 659
491 470
492 522
493 602
494 941
495 528
496 239
497 625
498 960
499 1254
500 441
501 952
502 1220
503 138
504 458
505 886
506 160
507 1080
508 1191
509 925
510 617
511 1247
512 502
513 1067
514 836
515 594
516 281
517 515
518 491
519 650
520 492
521 52
522 723
523 628
524 1112
525 135
526 696
527 901
528 1304
529 1064
530 124
531 306
532 897
533 540
534 1112
535 386
536 1108
537 1342
538 662
539 1204
540 899
541 720
542 153
543 1384
544 631
545 171
546 408
547 915
548 1348
549 1231
550 1410
551 507
552 1208
553 821
554 1021
555 139
556 1360
557 170
558 1052
559 452
560 1251
561 410
562 1044
563 151
564 1185
565 343
566 31
567 246
568 1163
569 55
570 495
571 786
572 694
573 931
574 1367
575 369
576 967
577 329
578 432
579 183
580 294
581 1165
582 1286
583 688
584 0
585 232
586 826
587 926
588 372
589 1385
590 812
591 821
592 961
593 113
594 1175
595 1103
596 62
597 815
598 1217
599 1145
600 803
601 496
602 151
603 200
604 1198
605 1016
606 244
607 1044
608 43
609 874
610 1162
611 1363
612 1000
613 161
614 877
615 77
616 55
617 702
618 64
619 1210
620 994
621 610
622 57
623 198
624 817
625 447
626 205
627 1058
628 1274
629 1073
630 810
631 1353
632 1032
633 914
634 615
635 1166
636 670
637 893
638 103
639 605
640 90
641 1069
642 750
643 636
644 239
645 819
646 1310
647 1104
648 137
649 429
650 886
651 115
652 361
653 1344
654 775
655 978
656 344
657 871
658 613
659 977
660 606
661 1062
662 496
663 1076
664 1162
665 1075
666 829
667 1157
668 1153
669 364
670 796
671 795
672 1132
673 207
674 240
675 67
676 667
677 88
678 133
679 670
680 533
681 129
682 888
683 396
684 589
685 689
686 489
687 249
688 217
689 180
690 885
691 189
692 585
693 1304
694 1287
695 70
696 978
697 1415
698 679
699 87
700 26
701 376
702 565
703 845
704 54
705 1282
706 9
707 185
708 1315
709 170
710 1256
711 1258
712 480
713 194
714 1350
715 131
716 1149
717 164
718 1112
719 1165
720 582
721 26
722 259
723 428
724 150
725 138
726 678
727 1044
728 691
729 706
730 723
731 222
732 202
733 871
734 118
735 895
736 1166
737 40
738 24
739 757
740 605
741 257
742 98
743 826
744 1039
745 1296
746 508
747 1410
748 866
749 141
750 764
751 931
752 349
753 1079
754 460
755 550
756 45
757 399
758 682
759 250
760 349
761 538
762 694
763 1005
764 370
765 1190
766 282
767 428
768 106
769 247
770 856
771 101
772 998
773 431
774 59
775 522
776 74
777 49
778 1049
779 1132
780 167
781 632
782 136
783 1064
784 537
785 1306
786 557
787 485
788 100
789 813
790 557
791 1174
792 584
793 23
794 432
795 1043
796 787
797 1116
798 49
799 1262
800 720
801 1353
802 718
803 110
804 1143
805 860
806 1413
807 459
808 54
809 536
810 730
811 708
812 677
813 970
814 615
815 231
816 449
817 316
818 1095
819 539
820 1079
821 918
822 1234
823 203
824 165
825 404
826 606
827 115
828 523
829 364
830 175
831 453
832 1394
833 61
834 904
835 872
836 1206
837 881
838 1319
839 77
840 1127
841 90
842 970
843 608
844 1134
845 671
846 376
847 669
848 315
849 13
850 336
851 862
852 739
853 91
854 667
855 957
856 103
857 880
858 1032
859 988
860 274
861 1238
862 151
863 252
864 523
865 383
866 1303
867 175
868 338
869 576
870 791
871 722
872 1199
873 1161
874 655
875 849
876 712
877 1270
878 888
879 937
880 969
881 740
882 11
883 1100
884 1066
885 1013
886 1336
887 488
888 350
889 1142
890 1184
891 803
892 458
893 1254
894 1293
895 1029
896 1333
897 1416
898 409
899 352
900 1286
901 1020
902 165
903 1107
904 540
905 655
906 675
907 675
908 868
909 138
910 363
911 535
912 82
913 1270
914 347
915 896
916 709
917 1335
918 740
919 238
920 1168
921 158
922 836
923 44
924 986
925 973
926 1375
927 394
928 1045
929 446
930 13
931 497
932 34
933 580
934 917
935 1276
936 1274
937 400
938 1095
939 1184
940 1080
941 903
942 1342
943 1301
944 123
945 622
946 1046
947 668
948 637
949 904
950 676
951 1088
952 1290
953 947
954 363
955 1113
956 638
957 206
958 149
959 67
960 1120
961 328
962 286
963 660
964 850
965 281
966 89
967 1255
968 286
969 167
970 1036
971 788
972 922
973 1296
974 203
975 839
976 702
977 43
978 389
979 1060
980 848
981 450
982 477
983 198
984 1077
985 19
986 953
987 1303
988 822
989 340
990 1238
991 559
992 592
993 1329
994 564
995 638
996 957
997 898
998 1026
999 602
1000 1014
1001 590
1002 1186
1003 176
1004 237
1005 642
1006 1057
1007 1019
1008 189
1009 753
1010 450
1011 881
1012 495
1013 431
1014 1157
1015 1011
1016 217
1017 1295
1018 605
1019 90
1020 238
1021 365
1022 748
1023 286
1024 429
1025 1361
1026 605
1027 760
1028 80
1029 449
1030 772
1031 1037
1032 1357
1033 350
1034 2
1035 512
1036 1156
1037 968
1038 1199
1039 1333
1040 1131
1041 1168
1042 782
1043 785
1044 900
1045 290
1046 1403
1047 672
1048 765
1049 1371
1050 498
1051 1333
1052 1318
1053 309
1054 952
1055 132
1056 1066
1057 620
1058 1358
1059 4
1060 968
1061 1130
1062 885
1063 1141
1064 1201
1065 312
1066 87
1067 1031
1068 74
1069 137
1070 359
1071 145
1072 381
1073 1143
1074 171
1075 1183
1076 785
1077 1133
1078 940
1079 353
1080 436
1081 497
1082 969
1083 1071
1084 292
1085 829
1086 283
1087 453
1088 100
1089 1241
1090 16
1091 163
1092 1365
1093 825
1094 1130
1095 3
1096 276
1097 1324
1098 777
1099 587
1100 999
1101 504
1102 636
1103 1311
1104 412
1105 786
1106 728
1107 459
1108 905
1109 197
1110 554
1111 190
1112 502
1113 1374
1114 622
1115 648
1116 401
1117 13
1118 442
1119 1261
1120 1286
1121 1101
1122 1005
1123 1115
1124 1209
1125 532
1126 1073
1127 825
1128 960
1129 587
1130 8
1131 48
1132 1319
1133 547
1134 680
1135 1093
1136 1110
1137 305
1138 901
1139 907
1140 641
1141 1017
1142 290
1143 225
1144 706
1145 182
1146 244
1147 344
1148 1154
1149 977
1150 1370
1151 1009
1152 367
1153 1344
1154 224
1155 440
1156 632
1157 542
1158 434
1159 143
1160 1203
1161 710
1162 1197
1163 1116
1164 1054
1165 612
1166 84
1167 1391
1168 1017
1169 1152
1170 1095
1171 1277
1172 531
1173 719
1174 1198
1175 306
1176 747
1177 1108
1178 628
1179 577
1180 0
1181 566
1182 1377
1183 176
1184 364
1185 1361
1186 598
1187 466
1188 623
1189 66
1190 940
1191 1241
1192 809
1193 720
1194 106
1195 34
1196 1196
1197 882
1198 246
1199 1214
1200 1078
1201 90
1202 879
1203 480
1204 964
1205 354
1206 1293
1207 1308
1208 1177
1209 1059
1210 1012
1211 444
1212 594
1213 649
1214 405
1215 1036
1216 1044
1217 1276
1218 1411
1219 493
1220 1184
1221 180
1222 417
1223 1058
1224 360
1225 867
1226 959
1227 481
1228 788
1229 161
1230 1038
1231 1148
1232 763
1233 138
1234 213
1235 1209
1236 877
1237 959
1238 1301
1239 1368
1240 28
1241 671
1242 97
1243 565
1244 407
1245 600
1246 78
1247 218
1248 995
1249 305
1250 1139
1251 271
1252 597
1253 1033
1254 44
1255 322
1256 110
1257 294
1258 473
1259 430
1260 789
1261 1329
1262 1258
1263 460
1264 419
1265 678
1266 211
1267 416
1268 367
1269 1356
1270 458
1271 431
1272 1101
1273 707
1274 930
1275 488
1276 1155
1277 542
1278 139
1279 1201
1280 533
1281 4
1282 342
1283 1217
1284 232
1285 508
1286 696
1287 832
1288 1188
1289 965
1290 1318
1291 1149
1292 871
1293 145
1294 954
1295 1270
1296 1270
1297 874
1298 247
1299 16
1300 1168
1301 888
1302 349
1303 676
1304 351
1305 1017
1306 871
1307 371
1308 586
1309 174
1310 1247
1311 1202
1312 515
1313 1251
1314 389
1315 1283
1316 832
1317 1084
1318 462
1319 710
1320 1133
1321 1298
1322 481
1323 928
1324 966
1325 412
1326 182
1327 1019
1328 1412
1329 1048
1330 377
1331 967
1332 980
1333 1391
1334 299
1335 1182
1336 40
1337 6
1338 877
1339 492
1340 1034
1341 54
1342 145
1343 1068
1344 19
1345 131
1346 1033
1347 440
1348 684
1349 993
1350 1070
1351 572
1352 116
1353 101
1354 1320
1355 1180
1356 949
1357 1304
1358 369
1359 1337
1360 1008
1361 76
1362 670
1363 898
1364 23
1365 681
1366 1298
1367 1129
1368 629
1369 68
1370 393
1371 1333
1372 1115
1373 1195
1374 1179
1375 861
1376 284
1377 1128
1378 1247
1379 1389
1380 498
1381 109
1382 467
1383 358
1384 359
1385 585
1386 51
1387 1039
1388 315
1389 923
1390 190
1391 701
1392 1354
1393 242
1394 895
1395 1110
1396 746
1397 175
1398 1103
1399 504
1400 1044
1401 208
1402 1269
1403 1253
1404 163
1405 1110
1406 543
1407 831
1408 165
1409 436
1410 1087
1411 1098
1412 763
1413 761
1414 1228
1415 1275
1416 142
