0 981
1 366
2 588
3 1225
4 218
5 631
6 1380
7 360
8 908
9 797
10 1152
11 2
12 1280
13 209
14 44
15 844
16 430
17 591
18 1405
19 833
20 4
21 973
22 237
23 678
24 1401
25 1061
26 968
27 382
28 773
29 605
30 332
31 837
32 1230
33 891
34 728
35 832
36 64
37 285
38 112
39 29
40 1111
41 332
42 811
43 1275
44 891
45 1376
46 1057
47 33
48 491
49 405
50 442
51 429
52 1222
53 441
54 964
55 1166
56 488
57 1045
58 1283
59 378
60 57
61 1203
62 160
63 3
64 41
65 700
66 1141
67 242
68 223
69 125
70 1013
71 39
72 65
73 811
74 339
75 1102
76 352
77 1351
78 45
79 319
80 217
81 23
82 1046
83 123
84 524
85 1051
86 430
87 393
88 254
89 54
90 18
91 902
92 1137
93 502
94 33
95 1222
96 995
97 66
98 627
99 1410
100 53
101 997
102 1257
103 389
104 31
105 725
106 355
107 685
108 235
109 199
110 717
111 13
112 279
113 318
114 596
115 457
116 1376
117 1008
118 589
119 925
120 957
121 1127
122 897
123 993
124 1157
125 1167
126 281
127 878
128 1201
129 724
130 1281
131 158
132 860
133 307
134 831
135 171
136 1302
137 567
138 1333
139 4
140 901
141 523
142 1021
143 66
144 393
145 1218
146 897
147 1224
148 174
149 1103
150 531
151 1087
152 324
153 220
154 1015
155 31
156 169
157 80
158 484
159 969
160 325
161 940
162 141
163 608
164 591
165 979
166 376
167 52
168 980
169 1111
170 77
171 511
172 1211
173 361
174 644
175 1068
176 774
177 539
178 1067
179 631
180 607
181 15
182 1211
183 236
184 1022
185 1088
186 1341
187 1090
188 450
189 933
190 537
191 565
192 1290
193 197
194 548
195 1187
196 1243
197 634
198 793
199 1302
200 928
201 212
202 1332
203 269
204 447
205 363
206 1304
207 723
208 1169
209 1071
210 1282
211 522
212 471
213 1341
214 1374
215 540
216 495
217 394
218 1315
219 1342
220 1055
221 273
222 459
223 829
224 1332
225 1035
226 672
227 1367
228 1162
229 1359
230 1355
231 556
232 1348
233 656
234 32
235 618
236 403
237 375
238 978
239 1017
240 371
241 667
242 913
243 524
244 839
245 966
246 14
247 1311
248 1169
249 1210
250 360
251 526
252 173
253 845
254 157
255 168
256 1321
257 300
258 11
259 922
260 145
261 491
262 856
263 692
264 755
265 30
266 1268
267 128
268 1105
269 1053
270 1342
271 6
272 205
273 228
274 131
275 1162
276 1038
277 821
278 168
279 52
280 1355
281 405
282 229
283 709
284 426
285 856
286 1411
287 1191
288 1013
289 132
290 670
291 568
292 786
293 1014
294 350
295 235
296 859
297 831
298 629
299 793
300 645
301 837
302 168
303 456
304 936
305 17
306 861
307 666
308 698
309 548
310 444
311 1394
312 94
313 873
314 776
315 52
316 1167
317 111
318 271
319 1237
320 919
321 484
322 1028
323 1177
324 1083
325 216
326 1366
327 415
328 600
329 1404
330 562
331 812
332 279
333 114
334 229
335 41
336 516
337 752
338 1211
339 402
340 1327
341 237
342 782
343 1406
344 616
345 879
346 1001
347 579
348 126
349 985
350 1074
351 376
352 212
353 164
354 1272
355 422
356 1183
357 471
358 1111
359 957
360 771
361 748
362 90
363 1080
364 465
365 840
366 1303
367 790
368 482
369 1066
370 392
371 694
372 176
373 390
374 1040
375 1174
376 935
377 575
378 526
379 1311
380 253
381 692
382 867
383 396
384 672
385 23
386 1275
387 407
388 1202
389 792
390 790
391 119
392 271
393 531
394 1345
395 685
396 745
397 1158
398 1383
399 318
400 294
401 230
402 619
403 1031
404 1182
405 923
406 18
407 967
408 67
409 763
410 1101
411 104
412 1207
413 555
414 775
415 130
416 409
417 1282
418 1166
419 920
420 872
421 143
422 1331
423 731
424 274
425 560
426 29
427 312
428 1289
429 1094
430 975
431 1387
432 712
433 667
434 201
435 1168
436 1371
437 239
438 125
439 691
440 807
441 192
442 759
443 573
444 1285
445 52
446 443
447 396
448 300
449 1035
450 810
451 1303
452 798
453 811
454 293
455 537
456 853
457 263
458 1118
459 1071
460 1127
461 485
462 1206
463 1316
464 870
465 442
466 1228
467 500
468 784
469 1347
470 604
471 406
472 436
473 640
474 228
475 1281
476 1204
477 967
478 1200
479 933
480 735
481 121
482 592
483 129
484 60
485 168
486 1283
487 913
488 870
489 1132
490 229
491 1251
492 223
493 901
494 1184
495 683
496 439
497 699
498 1259
499 864
500 1360
501 1052
502 827
503 1399
504 95
505 1373
506 1416
507 111
508 82
509 721
510 483
511 1295
512 499
513 496
514 958
515 1262
516 831
517 912
518 913
519 153
520 833
521 912
522 116
523 1410
524 1408
525 386
526 1103
527 928
528 1277
529 379
530 379
531 906
532 1297
533 1043
534 386
535 259
536 1041
537 1369
538 1122
539 1369
540 1389
541 918
542 144
543 39
544 1302
545 412
546 1372
547 761
548 694
549 841
550 56
551 655
552 424
553 1412
554 127
555 1356
556 643
557 953
558 31
559 611
560 1297
561 806
562 230
563 1239
564 1161
565 1267
566 1038
567 570
568 9
569 961
570 908
571 469
572 1368
573 1122
574 1018
575 37
576 409
577 1285
578 818
579 446
580 159
581 1022
582 1296
583 311
584 34
585 189
586 250
587 258
588 390
589 662
590 700
591 867
592 1325
593 303
594 1107
595 723
596 593
597 492
598 851
599 958
600 794
601 983
602 430
603 730
604 1283
605 711
606 1325
607 344
608 988
609 857
610 549
611 1133
612 303
613 563
614 252
615 1309
616 725
617 471
618 25
619 209
620 684
621 74
622 43
623 744
624 470
625 374
626 557
627 1387
628 950
629 794
630 306
631 364
632 1282
633 473
634 828
635 343
636 967
637 998
638 1192
639 579
640 75
641 408
642 1206
643 612
644 829
645 59
646 473
647 683
648 1247
649 563
650 1278
651 1248
652 491
653 1071
654 337
655 1044
656 1284
657 1416
658 1382
659 587
660 1199
661 168
662 1240
663 691
664 836
665 88
666 978
667 143
668 1357
669 583
670 191
671 287
672 1386
673 1183
674 750
675 1182
676 1228
677 464
678 766
679 1065
680 639
681 530
682 141
683 346
684 1171
685 32
686 237
687 708
688 399
689 887
690 816
691 1302
692 18
693 351
694 1187
695 30
696 1298
697 47
698 30
699 527
700 653
701 864
702 1110
703 632
704 935
705 714
706 59
707 311
708 543
709 852
710 1215
711 193
712 14
713 1335
714 9
715 582
716 89
717 1039
718 1230
719 395
720 785
721 922
722 1336
723 911
724 40
725 1411
726 581
727 1224
728 340
729 228
730 1
731 371
732 754
733 770
734 1119
735 939
736 1406
737 1326
738 727
739 1026
740 895
741 165
742 1352
743 74
744 378
745 651
746 1131
747 606
748 820
749 650
750 1267
751 890
752 1363
753 1198
754 727
755 1217
756 482
757 498
758 129
759 586
760 1336
761 244
762 1201
763 1394
764 1018
765 487
766 958
767 96
768 1284
769 973
770 287
771 78
772 254
773 513
774 362
775 898
776 1188
777 1362
778 1258
779 82
780 110
781 730
782 388
783 319
784 913
785 1399
786 171
787 798
788 714
789 1178
790 426
791 126
792 1354
793 561
794 1237
795 172
796 1131
797 1392
798 361
799 434
800 345
801 795
802 441
803 1120
804 762
805 532
806 34
807 1314
808 189
809 1255
810 1231
811 269
812 1080
813 445
814 208
815 903
816 1112
817 1122
818 737
819 303
820 1015
821 563
822 1195
823 1355
824 1059
825 1401
826 503
827 210
828 789
829 585
830 1297
831 1407
832 795
833 482
834 880
835 743
836 436
837 720
838 489
839 327
840 607
841 129
842 24
843 1055
844 657
845 1126
846 602
847 73
848 1040
849 1234
850 499
851 1290
852 18
853 1093
854 1233
855 73
856 202
857 653
858 945
859 784
860 1071
861 963
862 421
863 107
864 47
865 267
866 231
867 537
868 358
869 395
870 1107
871 27
872 1132
873 361
874 248
875 582
876 794
877 897
878 1293
879 606
880 1189
881 1166
882 1410
883 283
884 401
885 887
886 954
887 1329
888 635
889 268
890 917
891 823
892 73
893 483
894 250
895 1166
896 785
897 1170
898 57
899 1063
900 1129
901 45
902 858
903 882
904 749
905 481
906 1072
907 1213
908 1245
909 346
910 545
911 1295
912 1396
913 181
914 581
915 1108
916 100
917 464
918 1086
919 742
920 1294
921 951
922 852
923 540
924 580
925 60
926 1152
927 423
928 1226
929 639
930 747
931 884
932 1064
933 424
934 1072
935 375
936 1382
937 999
938 351
939 403
940 332
941 333
942 141
943 1042
944 506
945 1206
946 284
947 1364
948 1033
949 247
950 1021
951 1175
952 273
953 101
954 597
955 708
956 488
957 1150
958 277
959 760
960 1400
961 578
962 104
963 302
964 1363
965 258
966 83
967 1116
968 124
969 1309
970 746
971 407
972 560
973 648
974 369
975 476
976 663
977 735
978 246
979 99
980 366
981 603
982 1330
983 766
984 407
985 1344
986 1150
987 594
988 751
989 491
990 292
991 266
992 1005
993 717
994 132
995 570
996 904
997 835
998 870
999 168
1000 806
1001 341
1002 1190
1003 327
1004 916
1005 412
1006 842
1007 112
1008 367
1009 1347
1010 1232
1011 887
1012 637
1013 1069
1014 721
1015 1348
1016 313
1017 332
1018 735
1019 1359
1020 485
1021 1016
1022 1028
1023 732
1024 425
1025 788
1026 952
1027 779
1028 1124
1029 844
1030 864
1031 378
1032 761
1033 210
1034 281
1035 69
1036 1388
1037 1297
1038 1307
1039 533
1040 892
1041 1366
1042 430
1043 334
1044 1314
1045 41
1046 1228
1047 1311
1048 609
1049 177
1050 662
1051 229
1052 196
1053 964
1054 295
1055 15
1056 1006
1057 468
1058 1348
1059 375
1060 495
1061 668
1062 630
1063 527
1064 661
1065 1366
1066 1265
1067 862
1068 102
1069 996
1070 292
1071 129
1072 613
1073 1380
1074 977
1075 1256
1076 1025
1077 1174
1078 115
1079 1092
1080 1248
1081 1220
1082 265
1083 658
1084 1259
1085 917
1086 403
1087 395
1088 1040
1089 235
1090 1202
1091 360
1092 786
1093 212
1094 761
1095 1284
1096 778
1097 584
1098 628
1099 622
1100 445
1101 757
1102 1397
1103 1000
1104 415
1105 340
1106 1004
1107 275
1108 1219
1109 829
1110 1327
1111 568
1112 217
1113 1200
1114 553
1115 322
1116 317
1117 1080
1118 432
1119 1187
1120 1276
1121 584
1122 707
1123 214
1124 415
1125 649
1126 525
1127 1074
1128 691
1129 917
1130 182
1131 1394
1132 567
1133 151
1134 442
1135 325
1136 85
1137 888
1138 753
1139 323
1140 1239
1141 1233
1142 367
1143 569
1144 611
1145 384
1146 1230
1147 892
1148 171
1149 702
1150 83
1151 840
1152 60
1153 803
1154 1342
1155 9
1156 639
1157 989
1158 1274
1159 348
1160 819
1161 786
1162 848
1163 1347
1164 342
1165 588
1166 193
1167 937
1168 686
1169 876
1170 7
1171 1309
1172 1012
1173 389
1174 1270
1175 1336
1176 969
1177 188
1178 595
1179 44
1180 1400
1181 486
1182 263
1183 569
1184 1050
1185 286
1186 1319
1187 656
1188 751
1189 858
1190 466
1191 899
1192 1254
1193 1096
1194 887
1195 635
1196 38
1197 1193
1198 637
1199 784
1200 410
1201 35
1202 633
1203 1017
1204 950
1205 678
1206 1078
1207 393
1208 729
1209 758
1210 680
1211 8
1212 832
1213 331
1214 1
1215 738
1216 1048
1217 649
1218 989
1219 161
1220 1203
1221 514
1222 913
1223 900
1224 85
1225 686
1226 1292
1227 1336
1228 1210
1229 851
1230 177
1231 1278
1232 428
1233 504
1234 769
1235 31
1236 1017
1237 950
1238 1127
1239 395
1240 1357
1241 711
1242 1416
1243 416
1244 732
1245 688
1246 827
1247 587
1248 767
1249 1137
1250 1096
1251 921
1252 347
1253 971
1254 860
1255 986
1256 1207
1257 31
1258 1261
1259 220
1260 943
1261 1128
1262 1215
1263 61
1264 474
1265 262
1266 988
1267 455
1268 590
1269 1124
1270 1221
1271 1232
1272 578
1273 907
1274 167
1275 1005
1276 986
1277 724
1278 739
1279 1264
1280 764
1281 714
1282 557
1283 1021
1284 965
1285 189
1286 765
1287 484
1288 218
1289 1303
1290 951
1291 581
1292 583
1293 1181
1294 460
1295 1182
1296 207
1297 870
1298 1368
1299 1239
1300 803
1301 1359
1302 1129
1303 187
1304 432
1305 1261
1306 839
1307 1074
1308 1038
1309 257
1310 877
1311 254
1312 1231
1313 789
1314 219
1315 87
1316 250
1317 706
1318 804
1319 825
1320 974
1321 1354
1322 1243
1323 299
1324 83
1325 1303
1326 1292
1327 384
1328 986
1329 176
1330 194
1331 24
1332 526
1333 1156
1334 170
1335 402
1336 718
1337 889
1338 83
1339 1153
1340 977
1341 962
1342 270
1343 909
1344 1086
1345 369
1346 632
1347 1146
1348 1054
1349 540
1350 114
1351 1222
1352 214
1353 528
1354 1332
1355 943
1356 950
1357 203
1358 1060
1359 119
1360 625
1361 269
1362 832
1363 1184
1364 893
1365 354
1366 1153
1367 331
1368 859
1369 1086
1370 289
1371 137
1372 134
1373 1267
1374 963
1375 1345
1376 85
1377 1099
1378 175
1379 586
1380 188
1381 1359
1382 857
1383 1288
1384 464
1385 1156
1386 911
1387 315
1388 606
1389 668
1390 730
1391 942
1392 1087
1393 65
1394 820
1395 165
1396 1099
1397 792
1398 599
1399 371
1400 571
1401 901
1402 847
1403 709
1404 785
1405 730
1406 384
1407 630
1408 1121
1409 191
1410 1297
1411 267
1412 792
1413 35
1414 905
1415 205
1416 745
0 981
1 366
2 588
3 1129
4 218
5 631
6 1380
7 430
8 249
9 1045
10 1152
11 875
12 683
13 1062
14 44
15 844
16 430
17 591
18 755
19 421
20 4
21 973
22 237
23 1416
24 298
25 595
26 871
27 382
28 311
29 605
30 1020
31 837
32 1230
33 891
34 728
35 48
36 79
37 285
38 749
39 298
40 1111
41 1384
42 811
43 1275
44 959
45 873
46 868
47 33
48 491
49 907
50 867
51 242
52 1222
53 1202
54 813
55 981
56 239
57 1045
58 156
59 1311
60 268
61 1203
62 160
63 1164
64 41
65 700
66 1204
67 1260
68 223
69 21
70 282
71 1024
72 65
73 811
74 1222
75 374
76 352
77 1351
78 201
79 507
80 96
81 23
82 720
83 325
84 524
85 11
86 1017
87 393
88 1078
89 54
90 935
91 997
92 1137
93 632
94 33
95 780
96 1157
97 413
98 48
99 1309
100 717
101 312
102 1131
103 296
104 31
105 1152
106 939
107 685
108 235
109 1003
110 480
111 13
112 279
113 318
114 1050
115 385
116 1376
117 296
118 589
119 925
120 1277
121 1127
122 1313
123 692
124 1335
125 327
126 281
127 878
128 1201
129 724
130 1281
131 158
132 860
133 307
134 831
135 171
136 28
137 705
138 1333
139 95
140 1384
141 1378
142 210
143 1154
144 124
145 1143
146 61
147 846
148 174
149 280
150 32
151 1087
152 324
153 397
154 591
155 573
156 1042
157 973
158 710
159 726
160 999
161 940
162 1028
163 608
164 591
165 979
166 915
167 1271
168 1307
169 312
170 77
171 511
172 1201
173 747
174 1047
175 1068
176 774
177 539
178 916
179 745
180 1283
181 15
182 1211
183 834
184 584
185 1088
186 1021
187 1089
188 513
189 668
190 537
191 930
192 1254
193 197
194 416
195 833
196 1243
197 475
198 793
199 1302
200 259
201 1025
202 242
203 731
204 1366
205 1327
206 906
207 102
208 415
209 1071
210 1282
211 522
212 471
213 623
214 1374
215 360
216 495
217 910
218 1315
219 352
220 1055
221 273
222 459
223 355
224 1332
225 1256
226 276
227 1367
228 1162
229 1359
230 417
231 1379
232 438
233 959
234 1057
235 1104
236 488
237 375
238 286
239 1017
240 371
241 834
242 336
243 524
244 641
245 491
246 14
247 1311
248 341
249 144
250 76
251 234
252 848
253 845
254 1171
255 168
256 972
257 300
258 1175
259 922
260 145
261 491
262 57
263 876
264 755
265 30
266 811
267 128
268 1243
269 1053
270 704
271 548
272 1399
273 228
274 270
275 1329
276 362
277 1063
278 1040
279 52
280 1355
281 955
282 229
283 472
284 439
285 770
286 1411
287 1191
288 1013
289 313
290 695
291 437
292 786
293 710
294 1149
295 235
296 859
297 831
298 629
299 141
300 645
301 837
302 804
303 447
304 258
305 1317
306 1253
307 753
308 319
309 705
310 236
311 421
312 94
313 687
314 776
315 175
316 1167
317 1363
318 271
319 353
320 235
321 362
322 1083
323 1177
324 1083
325 216
326 1366
327 908
328 600
329 1198
330 194
331 1357
332 665
333 1406
334 575
335 41
336 515
337 752
338 865
339 1317
340 1327
341 237
342 782
343 1406
344 629
345 879
346 711
347 122
348 1143
349 1230
350 1074
351 376
352 901
353 526
354 858
355 422
356 96
357 447
358 1111
359 957
360 771
361 748
362 1333
363 1376
364 465
365 840
366 1303
367 1157
368 637
369 120
370 392
371 694
372 176
373 390
374 1040
375 1174
376 935
377 575
378 799
379 941
380 919
381 122
382 744
383 396
384 800
385 23
386 1170
387 1169
388 1202
389 1305
390 790
391 119
392 315
393 531
394 9
395 685
396 745
397 1032
398 1383
399 318
400 592
401 606
402 1200
403 830
404 683
405 923
406 1374
407 760
408 67
409 763
410 1101
411 104
412 736
413 555
414 775
415 871
416 602
417 277
418 943
419 920
420 1192
421 1064
422 1331
423 295
424 1304
425 560
426 942
427 398
428 870
429 1280
430 785
431 1387
432 1254
433 959
434 201
435 1168
436 431
437 239
438 765
439 691
440 193
441 192
442 176
443 1389
444 1035
445 908
446 443
447 396
448 640
449 1035
450 604
451 1303
452 798
453 382
454 293
455 1407
456 853
457 138
458 1118
459 1071
460 303
461 485
462 1206
463 609
464 1142
465 626
466 1228
467 663
468 1012
469 1347
470 308
471 406
472 436
473 640
474 228
475 974
476 1204
477 967
478 729
479 1415
480 153
481 121
482 913
483 953
484 1235
485 168
486 153
487 913
488 1398
489 1132
490 229
491 463
492 1385
493 1103
494 325
495 429
496 439
497 699
498 1172
499 864
500 1027
501 1052
502 1030
503 394
504 930
505 1373
506 858
507 1346
508 240
509 721
510 959
511 1295
512 21
513 798
514 495
515 1000
516 831
517 414
518 23
519 1006
520 324
521 632
522 975
523 778
524 575
525 762
526 401
527 928
528 1266
529 1030
530 379
531 939
532 1257
533 1387
534 386
535 259
536 965
537 1369
538 1122
539 1374
540 1276
541 112
542 525
543 1275
544 755
545 914
546 847
547 663
548 694
549 841
550 1058
551 655
552 424
553 1412
554 1191
555 1356
556 737
557 953
558 31
559 611
560 1297
561 806
562 230
563 1143
564 1161
565 740
566 1038
567 1003
568 1133
569 276
570 855
571 469
572 891
573 1046
574 974
575 37
576 262
577 1285
578 476
579 446
580 76
581 1022
582 1296
583 678
584 92
585 1265
586 208
587 1063
588 390
589 837
590 700
591 867
592 336
593 1141
594 1107
595 1239
596 593
597 492
598 157
599 958
600 794
601 189
602 430
603 730
604 290
605 711
606 1325
607 215
608 988
609 875
610 306
611 1133
612 303
613 97
614 252
615 1309
616 725
617 641
618 248
619 209
620 629
621 74
622 43
623 744
624 470
625 61
626 143
627 645
628 950
629 726
630 306
631 106
632 1282
633 576
634 828
635 343
636 967
637 47
638 253
639 579
640 1338
641 876
642 227
643 612
644 652
645 59
646 494
647 1145
648 185
649 344
650 1278
651 1304
652 1123
653 1012
654 749
655 1222
656 1284
657 1115
658 483
659 587
660 1199
661 298
662 801
663 363
664 836
665 741
666 905
667 143
668 729
669 583
670 1050
671 714
672 1386
673 1183
674 750
675 1182
676 319
677 802
678 521
679 702
680 1069
681 991
682 1149
683 346
684 720
685 32
686 715
687 708
688 399
689 448
690 1104
691 390
692 136
693 1192
694 1187
695 256
696 1298
697 47
698 30
699 527
700 653
701 829
702 1047
703 274
704 1377
705 1247
706 1249
707 1230
708 727
709 422
710 1127
711 1267
712 14
713 1335
714 1320
715 582
716 912
717 366
718 1230
719 798
720 785
721 922
722 1336
723 11
724 40
725 1411
726 876
727 568
728 641
729 228
730 1041
731 371
732 67
733 123
734 1119
735 939
736 860
737 1015
738 727
739 1026
740 895
741 165
742 591
743 74
744 448
745 597
746 1131
747 606
748 1051
749 474
750 1267
751 1392
752 1363
753 1198
754 727
755 1070
756 731
757 498
758 129
759 132
760 428
761 650
762 1200
763 1394
764 150
765 539
766 387
767 1361
768 691
769 332
770 981
771 590
772 254
773 942
774 628
775 321
776 602
777 1006
778 472
779 82
780 1039
781 472
782 388
783 187
784 1033
785 1399
786 171
787 1334
788 714
789 1178
790 857
791 126
792 1354
793 561
794 1237
795 172
796 1131
797 910
798 513
799 1212
800 345
801 926
802 1021
803 788
804 105
805 724
806 1145
807 1325
808 189
809 768
810 1239
811 106
812 1327
813 982
814 465
815 1376
816 479
817 297
818 137
819 303
820 1015
821 500
822 626
823 687
824 166
825 1401
826 1345
827 460
828 1369
829 585
830 1297
831 1336
832 1346
833 959
834 880
835 743
836 489
837 720
838 855
839 327
840 607
841 354
842 652
843 1058
844 991
845 931
846 602
847 1384
848 1091
849 1312
850 499
851 372
852 18
853 18
854 1233
855 1018
856 202
857 1332
858 258
859 929
860 1071
861 963
862 421
863 107
864 47
865 730
866 952
867 712
868 877
869 395
870 1107
871 27
872 1132
873 95
874 724
875 582
876 794
877 897
878 1293
879 606
880 880
881 671
882 1410
883 322
884 401
885 675
886 290
887 1329
888 635
889 268
890 917
891 823
892 931
893 797
894 250
895 1166
896 358
897 1170
898 1230
899 888
900 1141
901 540
902 858
903 132
904 749
905 1284
906 1072
907 1213
908 854
909 346
910 545
911 1295
912 75
913 578
914 581
915 95
916 322
917 1151
918 1280
919 817
920 1294
921 233
922 957
923 540
924 580
925 60
926 1152
927 1106
928 1385
929 1214
930 747
931 884
932 625
933 608
934 1281
935 375
936 945
937 740
938 722
939 403
940 1134
941 488
942 141
943 1254
944 506
945 977
946 284
947 1364
948 1033
949 842
950 1021
951 544
952 341
953 223
954 597
955 708
956 953
957 1402
958 577
959 760
960 1324
961 510
962 908
963 302
964 887
965 258
966 518
967 723
968 124
969 1309
970 756
971 407
972 560
973 648
974 369
975 159
976 341
977 791
978 172
979 99
980 1205
981 1340
982 175
983 766
984 407
985 1344
986 946
987 469
988 711
989 504
990 292
991 993
992 147
993 643
994 1237
995 570
996 930
997 289
998 1309
999 790
1000 212
1001 1122
1002 1365
1003 327
1004 916
1005 412
1006 588
1007 112
1008 367
1009 1347
1010 1034
1011 425
1012 25
1013 780
1014 1145
1015 1293
1016 313
1017 332
1018 282
1019 1359
1020 485
1021 1016
1022 1028
1023 1398
1024 129
1025 1354
1026 1212
1027 908
1028 1124
1029 371
1030 864
1031 1243
1032 761
1033 584
1034 776
1035 69
1036 1388
1037 679
1038 277
1039 1365
1040 1097
1041 816
1042 712
1043 383
1044 212
1045 626
1046 1176
1047 1034
1048 609
1049 177
1050 769
1051 229
1052 196
1053 964
1054 295
1055 1146
1056 1006
1057 1049
1058 32
1059 117
1060 1383
1061 668
1062 630
1063 527
1064 339
1065 1366
1066 1265
1067 862
1068 929
1069 996
1070 1059
1071 129
1072 1076
1073 1380
1074 470
1075 1256
1076 1025
1077 1366
1078 115
1079 1092
1080 1203
1081 473
1082 55
1083 1299
1084 980
1085 917
1086 1234
1087 395
1088 1040
1089 986
1090 1008
1091 360
1092 1128
1093 547
1094 761
1095 680
1096 778
1097 581
1098 628
1099 1302
1100 932
1101 1343
1102 1397
1103 361
1104 1177
1105 936
1106 472
1107 7
1108 672
1109 829
1110 1356
1111 622
1112 217
1113 507
1114 553
1115 59
1116 179
1117 790
1118 1214
1119 1187
1120 759
1121 1377
1122 117
1123 209
1124 223
1125 1184
1126 525
1127 1074
1128 691
1129 1146
1130 1197
1131 1165
1132 567
1133 151
1134 1189
1135 325
1136 238
1137 888
1138 1184
1139 77
1140 774
1141 1233
1142 174
1143 31
1144 490
1145 893
1146 748
1147 55
1148 171
1149 337
1150 867
1151 840
1152 1192
1153 747
1154 1342
1155 1394
1156 130
1157 989
1158 1274
1159 348
1160 819
1161 786
1162 848
1163 1347
1164 342
1165 588
1166 397
1167 814
1168 686
1169 143
1170 7
1171 724
1172 421
1173 389
1174 235
1175 1336
1176 121
1177 157
1178 572
1179 351
1180 1317
1181 486
1182 263
1183 595
1184 178
1185 286
1186 1319
1187 1389
1188 751
1189 858
1190 466
1191 899
1192 1236
1193 1096
1194 368
1195 589
1196 38
1197 109
1198 637
1199 784
1200 413
1201 1340
1202 633
1203 648
1204 1267
1205 678
1206 1078
1207 676
1208 729
1209 758
1210 658
1211 8
1212 832
1213 1039
1214 181
1215 738
1216 1048
1217 861
1218 1351
1219 1366
1220 511
1221 514
1222 254
1223 366
1224 84
1225 686
1226 886
1227 1336
1228 1210
1229 1384
1230 829
1231 185
1232 428
1233 504
1234 3
1235 1221
1236 313
1237 974
1238 1142
1239 386
1240 1357
1241 711
1242 1209
1243 416
1244 509
1245 688
1246 181
1247 587
1248 767
1249 1137
1250 865
1251 173
1252 42
1253 930
1254 328
1255 86
1256 269
1257 979
1258 1261
1259 1151
1260 943
1261 417
1262 1215
1263 815
1264 1211
1265 262
1266 549
1267 155
1268 590
1269 1218
1270 643
1271 785
1272 578
1273 907
1274 167
1275 1131
1276 1022
1277 724
1278 708
1279 595
1280 43
1281 714
1282 1174
1283 610
1284 769
1285 990
1286 765
1287 1393
1288 218
1289 617
1290 608
1291 965
1292 583
1293 1316
1294 290
1295 1182
1296 1087
1297 1010
1298 499
1299 1239
1300 803
1301 964
1302 455
1303 884
1304 424
1305 540
1306 839
1307 1176
1308 1038
1309 32
1310 877
1311 254
1312 1231
1313 789
1314 895
1315 851
1316 250
1317 845
1318 1403
1319 1127
1320 974
1321 445
1322 1243
1323 436
1324 83
1325 1412
1326 195
1327 1343
1328 848
1329 298
1330 194
1331 24
1332 757
1333 261
1334 170
1335 402
1336 718
1337 1080
1338 11
1339 1416
1340 587
1341 230
1342 1330
1343 909
1344 1086
1345 369
1346 935
1347 337
1348 231
1349 540
1350 114
1351 1222
1352 903
1353 829
1354 564
1355 1029
1356 717
1357 620
1358 1060
1359 119
1360 625
1361 269
1362 832
1363 1404
1364 1205
1365 208
1366 1153
1367 331
1368 859
1369 79
1370 75
1371 599
1372 1372
1373 1267
1374 159
1375 1345
1376 120
1377 1099
1378 175
1379 132
1380 1017
1381 1359
1382 857
1383 684
1384 1028
1385 684
1386 305
1387 315
1388 606
1389 1302
1390 187
1391 191
1392 1087
1393 1170
1394 1356
1395 165
1396 1324
1397 1319
1398 743
1399 371
1400 571
1401 1359
1402 847
1403 1312
1404 1240
1405 730
1406 1161
1407 630
1408 1121
1409 191
1410 1297
1411 1090
1412 1361
1413 1323
1414 905
1415 197
1416 745
