0 295
1 234
2 555
3 481
4 281
5 124
6 1074
7 968
8 1296
9 133
10 157
11 503
12 1360
13 812
14 433
15 1372
16 587
17 302
18 191
19 855
20 148
21 271
22 1241
23 1260
24 1372
25 620
26 581
27 5
28 263
29 449
30 329
31 1265
32 874
33 82
34 1134
35 609
36 1221
37 886
38 825
39 1260
40 1017
41 13
42 768
43 545
44 82
45 1068
46 664
47 254
48 1378
49 858
50 318
51 47
52 422
53 617
54 1116
55 617
56 1194
57 502
58 1263
59 1211
60 926
61 547
62 1262
63 12
64 835
65 249
66 936
67 336
68 897
69 606
70 289
71 1268
72 1348
73 1128
74 1350
75 689
76 181
77 269
78 1335
79 259
80 1355
81 1068
82 235
83 1045
84 156
85 933
86 167
87 1399
88 1205
89 1138
90 1367
91 802
92 816
93 1377
94 117
95 927
96 1308
97 1176
98 485
99 1174
100 741
101 14
102 507
103 433
104 1262
105 159
106 425
107 1290
108 1149
109 102
110 1244
111 594
112 985
113 687
114 255
115 701
116 450
117 573
118 1394
119 16
120 283
121 383
122 636
123 766
124 1367
125 841
126 355
127 868
128 1373
129 889
130 874
131 1089
132 363
133 775
134 1064
135 918
136 456
137 1404
138 147
139 461
140 1055
141 1162
142 1326
143 528
144 897
145 1264
146 1393
147 169
148 1032
149 450
150 1106
151 1196
152 654
153 507
154 336
155 467
156 234
157 942
158 1187
159 900
160 291
161 678
162 868
163 1317
164 683
165 357
166 158
167 256
168 1249
169 1162
170 903
171 462
172 474
173 387
174 746
175 1367
176 1048
177 71
178 1354
179 419
180 259
181 966
182 1188
183 895
184 826
185 1398
186 994
187 742
188 889
189 348
190 1348
191 82
192 220
193 1135
194 1060
195 1154
196 800
197 222
198 1029
199 332
200 1187
201 785
202 247
203 882
204 1056
205 583
206 530
207 689
208 1215
209 1262
210 475
211 666
212 834
213 86
214 169
215 1290
216 597
217 925
218 469
219 0
220 1199
221 20
222 656
223 668
224 111
225 1124
226 877
227 1130
228 516
229 114
230 1393
231 1038
232 419
233 500
234 106
235 302
236 879
237 1186
238 1128
239 649
240 508
241 696
242 832
243 798
244 247
245 463
246 694
247 1114
248 407
249 879
250 1337
251 1222
252 1094
253 1360
254 926
255 887
256 133
257 905
258 819
259 1413
260 317
261 77
262 451
263 856
264 1245
265 514
266 1121
267 563
268 968
269 135
270 391
271 1013
272 641
273 813
274 1312
275 154
276 126
277 1231
278 119
279 425
280 177
281 1233
282 1190
283 1229
284 166
285 427
286 1301
287 1020
288 980
289 779
290 1352
291 338
292 1156
293 12
294 560
295 1375
296 315
297 1318
298 1415
299 1030
300 178
301 723
302 202
303 372
304 585
305 1294
306 1066
307 665
308 1353
309 432
310 727
311 1009
312 1355
313 1190
314 1081
315 1046
316 1363
317 317
318 65
319 778
320 214
321 345
322 739
323 15
324 251
325 1363
326 1253
327 1067
328 1076
329 1185
330 1088
331 1366
332 1228
333 402
334 95
335 1313
336 308
337 117
338 138
339 807
340 449
341 108
342 130
343 434
344 365
345 1261
346 869
347 111
348 167
349 1227
350 424
351 852
352 1144
353 1198
354 122
355 235
356 8
357 12
358 116
359 1275
360 771
361 845
362 674
363 691
364 655
365 33
366 1123
367 498
368 1308
369 829
370 1353
371 411
372 142
373 966
374 309
375 1359
376 277
377 1009
378 672
379 825
380 802
381 1054
382 713
383 419
384 403
385 1392
386 871
387 524
388 61
389 812
390 937
391 10
392 1288
393 1071
394 121
395 541
396 1028
397 1243
398 192
399 1372
400 744
401 627
402 102
403 1290
404 833
405 742
406 1149
407 808
408 1096
409 930
410 1311
411 288
412 1035
413 109
414 1189
415 1166
416 742
417 961
418 182
419 828
420 1035
421 175
422 88
423 862
424 1324
425 544
426 665
427 240
428 1349
429 857
430 1262
431 1241
432 943
433 386
434 633
435 976
436 292
437 1278
438 1318
439 427
440 609
441 426
442 1223
443 1407
444 732
445 1328
446 1274
447 1233
448 429
449 819
450 1044
451 22
452 517
453 1405
454 256
455 938
456 809
457 948
458 1333
459 663
460 905
461 298
462 827
463 1141
464 550
465 22
466 1106
467 974
468 344
469 279
470 1245
471 882
472 839
473 262
474 115
475 503
476 326
477 884
478 713
479 30
480 42
481 66
482 1151
483 573
484 1156
485 862
486 271
487 1161
488 903
489 226
490 676
491 927
492 386
493 867
494 638
495 1060
496 660
497 19
498 152
499 249
500 740
501 960
502 946
503 1376
504 1116
505 1264
506 556
507 689
508 411
509 591
510 1200
511 1408
512 1077
513 641
514 511
515 59
516 1043
517 932
518 397
519 293
520 361
521 2
522 1377
523 257
524 1096
525 966
526 706
527 1302
528 192
529 1112
530 936
531 874
532 924
533 327
534 657
535 333
536 518
537 900
538 80
539 1353
540 779
541 990
542 1156
543 950
544 1026
545 419
546 627
547 1210
548 1067
549 62
550 534
551 102
552 612
553 849
554 834
555 892
556 665
557 203
558 690
559 994
560 664
561 961
562 1328
563 1114
564 131
565 183
566 523
567 796
568 261
569 1187
570 1316
571 896
572 1258
573 904
574 1332
575 1063
576 1190
577 111
578 476
579 47
580 87
581 848
582 1252
583 548
584 144
585 40
586 248
587 183
588 48
589 850
590 953
591 648
592 85
593 334
594 213
595 181
596 1250
597 182
598 1310
599 90
600 813
601 253
602 1402
603 43
604 354
605 993
606 1163
607 156
608 794
609 148
610 1182
611 780
612 945
613 777
614 1129
615 1412
616 1190
617 428
618 777
619 971
620 1076
621 867
622 1331
623 1013
624 1190
625 984
626 1324
627 709
628 1134
629 441
630 801
631 192
632 920
633 848
634 1036
635 982
636 586
637 289
638 291
639 233
640 96
641 72
642 387
643 886
644 620
645 73
646 58
647 196
648 375
649 701
650 1102
651 1259
652 631
653 330
654 278
655 1397
656 640
657 343
658 605
659 1202
660 942
661 866
662 523
663 76
664 16
665 1292
666 1096
667 1290
668 864
669 624
670 1185
671 831
672 423
673 298
674 531
675 1355
676 1169
677 1112
678 380
679 1247
680 720
681 669
682 1300
683 1398
684 495
685 1370
686 1055
687 1072
688 193
689 181
690 787
691 644
692 1393
693 612
694 1203
695 602
696 421
697 946
698 382
699 1352
700 1415
701 852
702 870
703 676
704 451
705 1112
706 1227
707 423
708 540
709 829
710 924
711 351
712 1292
713 62
714 584
715 787
716 257
717 914
718 1020
719 69
720 513
721 59
722 287
723 1227
724 69
725 676
726 966
727 793
728 643
729 344
730 700
731 371
732 497
733 742
734 27
735 204
736 957
737 1399
738 170
739 439
740 1080
741 103
742 326
743 437
744 742
745 334
746 1406
747 423
748 354
749 180
750 1328
751 545
752 357
753 909
754 344
755 233
756 542
757 763
758 253
759 311
760 251
761 320
762 390
763 1337
764 859
765 867
766 1033
767 776
768 544
769 305
770 500
771 804
772 890
773 1080
774 1408
775 1239
776 537
777 1379
778 1080
779 214
780 386
781 501
782 1290
783 487
784 283
785 941
786 833
787 587
788 596
789 182
790 909
791 395
792 274
793 625
794 1334
795 198
796 664
797 1270
798 721
799 1269
800 429
801 1415
802 100
803 352
804 454
805 613
806 513
807 159
808 347
809 717
810 976
811 898
812 81
813 1022
814 336
815 1019
816 460
817 738
818 1086
819 1331
820 542
821 925
822 62
823 1106
824 1046
825 321
826 1347
827 321
828 246
829 1217
830 483
831 675
832 1264
833 365
834 982
835 677
836 925
837 325
838 1031
839 74
840 48
841 246
842 158
843 429
844 159
845 828
846 64
847 166
848 326
849 44
850 1329
851 1392
852 917
853 388
854 75
855 1139
856 577
857 224
858 878
859 424
860 1091
861 906
862 1125
863 716
864 897
865 1157
866 880
867 459
868 1238
869 561
870 649
871 512
872 513
873 85
874 1055
875 27
876 972
877 1265
878 1245
879 1333
880 364
881 43
882 1048
883 803
884 901
885 430
886 1363
887 1215
888 836
889 194
890 872
891 88
892 711
893 1156
894 595
895 395
896 331
897 1361
898 642
899 1329
900 436
901 56
902 443
903 1095
904 22
905 648
906 87
907 175
908 1155
909 1197
910 656
911 824
912 449
913 811
914 1205
915 792
916 675
917 1281
918 377
919 811
920 1189
921 873
922 259
923 691
924 1086
925 240
926 1406
927 1235
928 113
929 694
930 1243
931 195
932 670
933 1274
934 803
935 958
936 1264
937 134
938 1175
939 1048
940 62
941 1291
942 972
943 1157
944 1120
945 835
946 286
947 603
948 308
949 541
950 1319
951 990
952 1119
953 865
954 227
955 249
956 510
957 1090
958 828
959 1019
960 824
961 843
962 422
963 519
964 794
965 1052
966 1069
967 613
968 1238
969 1415
970 482
971 462
972 974
973 354
974 936
975 435
976 1234
977 285
978 184
979 333
980 1353
981 172
982 624
983 403
984 250
985 1112
986 995
987 649
988 281
989 975
990 116
991 865
992 849
993 1212
994 73
995 1381
996 98
997 269
998 1221
999 747
1000 745
1001 1320
1002 139
1003 823
1004 147
1005 1095
1006 657
1007 1392
1008 479
1009 600
1010 1174
1011 309
1012 6
1013 1056
1014 808
1015 211
1016 630
1017 1384
1018 775
1019 1064
1020 484
1021 646
1022 1364
1023 952
1024 390
1025 977
1026 1042
1027 707
1028 624
1029 750
1030 1203
1031 12
1032 128
1033 1239
1034 437
1035 722
1036 64
1037 785
1038 1259
1039 1196
1040 505
1041 612
1042 828
1043 584
1044 425
1045 135
1046 773
1047 402
1048 1118
1049 780
1050 470
1051 89
1052 441
1053 591
1054 361
1055 669
1056 226
1057 62
1058 268
1059 97
1060 342
1061 1035
1062 1068
1063 343
1064 75
1065 113
1066 450
1067 222
1068 484
1069 1267
1070 1180
1071 990
1072 1217
1073 809
1074 1003
1075 1200
1076 988
1077 1377
1078 543
1079 1069
1080 1304
1081 1021
1082 391
1083 265
1084 1280
1085 1182
1086 930
1087 911
1088 279
1089 285
1090 1154
1091 205
1092 734
1093 230
1094 352
1095 637
1096 140
1097 813
1098 1328
1099 1032
1100 326
1101 860
1102 8
1103 1185
1104 917
1105 382
1106 774
1107 701
1108 1241
1109 709
1110 239
1111 72
1112 1125
1113 1073
1114 575
1115 997
1116 378
1117 908
1118 130
1119 787
1120 515
1121 719
1122 849
1123 314
1124 1416
1125 746
1126 764
1127 1258
1128 740
1129 1384
1130 401
1131 1317
1132 229
1133 1082
1134 400
1135 1150
1136 1077
1137 1390
1138 442
1139 389
1140 1231
1141 797
1142 675
1143 1382
1144 601
1145 396
1146 245
1147 1334
1148 916
1149 1292
1150 233
1151 142
1152 29
1153 59
1154 1264
1155 631
1156 1040
1157 357
1158 973
1159 1144
1160 806
1161 463
1162 260
1163 375
1164 142
1165 708
1166 774
1167 588
1168 972
1169 27
1170 920
1171 1261
1172 661
1173 102
1174 1310
1175 278
1176 1314
1177 184
1178 122
1179 164
1180 1404
1181 1026
1182 845
1183 1123
1184 965
1185 66
1186 600
1187 269
1188 659
1189 790
1190 1317
1191 583
1192 223
1193 1306
1194 142
1195 572
1196 401
1197 1190
1198 687
1199 919
1200 654
1201 719
1202 618
1203 1400
1204 127
1205 1329
1206 1283
1207 744
1208 586
1209 1095
1210 539
1211 1027
1212 867
1213 1061
1214 767
1215 1183
1216 196
1217 1184
1218 528
1219 383
1220 1313
1221 664
1222 1014
1223 557
1224 852
1225 379
1226 944
1227 235
1228 240
1229 32
1230 375
1231 786
1232 354
1233 1414
1234 1166
1235 1009
1236 834
1237 920
1238 979
1239 27
1240 980
1241 1259
1242 1197
1243 1085
1244 997
1245 539
1246 703
1247 925
1248 1205
1249 758
1250 1372
1251 839
1252 374
1253 851
1254 412
1255 1247
1256 749
1257 559
1258 691
1259 743
1260 989
1261 634
1262 957
1263 775
1264 842
1265 1368
1266 596
1267 906
1268 185
1269 80
1270 118
1271 1037
1272 516
1273 812
1274 1008
1275 1220
1276 12
1277 1369
1278 1052
1279 117
1280 715
1281 32
1282 1339
1283 421
1284 657
1285 1087
1286 1131
1287 143
1288 120
1289 1209
1290 109
1291 692
1292 786
1293 460
1294 1128
1295 716
1296 183
1297 861
1298 1016
1299 593
1300 388
1301 1294
1302 839
1303 1214
1304 490
1305 812
1306 369
1307 199
1308 1063
1309 428
1310 79
1311 1009
1312 1248
1313 117
1314 958
1315 93
1316 1024
1317 430
1318 142
1319 247
1320 348
1321 1042
1322 1165
1323 1097
1324 1305
1325 509
1326 387
1327 1057
1328 209
1329 303
1330 210
1331 74
1332 45
1333 1318
1334 298
1335 17
1336 765
1337 837
1338 969
1339 82
1340 1185
1341 1099
1342 802
1343 803
1344 1051
1345 340
1346 645
1347 238
1348 1084
1349 1305
1350 894
1351 622
1352 777
1353 399
1354 309
1355 196
1356 266
1357 400
1358 1203
1359 18
1360 67
1361 1371
1362 435
1363 763
1364 1192
1365 799
1366 229
1367 337
1368 1035
1369 464
1370 174
1371 1286
1372 1403
1373 1402
1374 255
1375 848
1376 209
1377 1028
1378 651
1379 775
1380 957
1381 842
1382 141
1383 1167
1384 361
1385 1290
1386 362
1387 586
1388 831
1389 1388
1390 305
1391 840
1392 413
1393 377
1394 605
1395 564
1396 843
1397 1228
1398 511
1399 115
1400 559
1401 1300
1402 880
1403 300
1404 1083
1405 1120
1406 579
1407 48
1408 932
1409 398
1410 1171
1411 496
1412 733
1413 318
1414 397
1415 18
1416 1355
0 322
1 66
2 555
3 481
4 873
5 1148
6 1333
7 968
8 1221
9 133
10 157
11 528
12 69
13 634
14 433
15 1247
16 1335
17 92
18 191
19 822
20 148
21 1310
22 1233
23 316
24 1372
25 620
26 581
27 5
28 8
29 449
30 381
31 1265
32 1140
33 82
34 1134
35 117
36 1221
37 231
38 825
39 1260
40 1017
41 192
42 768
43 759
44 82
45 103
46 1130
47 254
48 1378
49 858
50 1329
51 47
52 375
53 617
54 1070
55 617
56 1194
57 953
58 1036
59 383
60 1107
61 547
62 675
63 129
64 1229
65 795
66 957
67 686
68 759
69 199
70 430
71 674
72 427
73 1128
74 1408
75 74
76 112
77 741
78 379
79 698
80 1355
81 1137
82 235
83 1045
84 1043
85 881
86 635
87 1399
88 1205
89 1138
90 1295
91 694
92 774
93 202
94 838
95 927
96 1308
97 1262
98 485
99 1174
100 741
101 1195
102 507
103 524
104 667
105 133
106 169
107 824
108 648
109 691
110 1244
111 594
112 985
113 687
114 255
115 267
116 450
117 573
118 1058
119 1386
120 283
121 383
122 636
123 1273
124 115
125 841
126 243
127 868
128 1373
129 623
130 874
131 343
132 341
133 775
134 749
135 1139
136 456
137 647
138 902
139 802
140 199
141 1162
142 587
143 528
144 897
145 1250
146 1305
147 1052
148 948
149 450
150 1318
151 1196
152 654
153 507
154 642
155 467
156 408
157 942
158 397
159 156
160 172
161 62
162 868
163 1138
164 683
165 237
166 683
167 256
168 1249
169 1162
170 790
171 1035
172 474
173 103
174 746
175 1247
176 454
177 582
178 1354
179 1086
180 479
181 1101
182 1188
183 895
184 803
185 910
186 1320
187 742
188 889
189 1054
190 1348
191 1243
192 220
193 483
194 1060
195 607
196 649
197 1221
198 357
199 332
200 1187
201 785
202 247
203 882
204 851
205 583
206 144
207 1233
208 1333
209 545
210 475
211 666
212 339
213 752
214 904
215 1290
216 938
217 925
218 912
219 850
220 1199
221 1086
222 996
223 668
224 111
225 1124
226 555
227 995
228 516
229 211
230 929
231 1038
232 419
233 500
234 26
235 302
236 652
237 1186
238 1128
239 649
240 508
241 1414
242 756
243 798
244 247
245 178
246 1337
247 1114
248 407
249 806
250 1337
251 1246
252 837
253 1360
254 126
255 887
256 133
257 905
258 1006
259 618
260 317
261 689
262 803
263 396
264 263
265 681
266 710
267 563
268 968
269 1192
270 650
271 7
272 1370
273 813
274 1312
275 154
276 1320
277 1231
278 1282
279 774
280 177
281 1233
282 1190
283 460
284 166
285 14
286 1301
287 1020
288 980
289 935
290 161
291 338
292 860
293 12
294 128
295 1375
296 1090
297 413
298 1270
299 1030
300 496
301 723
302 349
303 372
304 952
305 704
306 639
307 665
308 1026
309 1334
310 485
311 1026
312 1355
313 1190
314 1048
315 1046
316 1363
317 906
318 65
319 196
320 433
321 840
322 947
323 15
324 462
325 834
326 555
327 370
328 291
329 417
330 1088
331 917
332 1380
333 402
334 636
335 1313
336 308
337 325
338 318
339 807
340 875
341 108
342 130
343 584
344 30
345 319
346 231
347 143
348 433
349 1227
350 402
351 852
352 1144
353 1198
354 122
355 235
356 8
357 12
358 747
359 1275
360 771
361 845
362 674
363 691
364 1118
365 526
366 831
367 298
368 1308
369 82
370 1371
371 235
372 142
373 654
374 377
375 1359
376 277
377 542
378 1396
379 605
380 802
381 1099
382 109
383 419
384 403
385 423
386 871
387 529
388 61
389 724
390 478
391 199
392 1110
393 1071
394 803
395 1414
396 305
397 1243
398 1268
399 826
400 632
401 385
402 1151
403 1290
404 833
405 74
406 925
407 808
408 501
409 930
410 813
411 78
412 1143
413 346
414 1327
415 937
416 742
417 175
418 971
419 828
420 838
421 913
422 289
423 862
424 997
425 1102
426 282
427 222
428 1349
429 246
430 1217
431 743
432 943
433 386
434 633
435 976
436 292
437 30
438 604
439 427
440 609
441 426
442 128
443 1407
444 732
445 1135
446 1274
447 144
448 575
449 819
450 931
451 22
452 517
453 575
454 905
455 938
456 786
457 948
458 663
459 66
460 704
461 46
462 382
463 1141
464 208
465 22
466 1106
467 974
468 344
469 150
470 1245
471 882
472 839
473 975
474 245
475 590
476 772
477 145
478 1124
479 30
480 220
481 1294
482 1151
483 943
484 611
485 555
486 1267
487 1276
488 1293
489 600
490 676
491 1101
492 386
493 867
494 86
495 512
496 660
497 19
498 674
499 249
500 740
501 960
502 962
503 133
504 386
505 1163
506 556
507 749
508 417
509 591
510 1200
511 1408
512 1077
513 840
514 984
515 59
516 1043
517 590
518 397
519 925
520 1012
521 589
522 932
523 257
524 1255
525 966
526 750
527 224
528 726
529 1112
530 409
531 176
532 308
533 783
534 1051
535 1403
536 1185
537 290
538 1181
539 683
540 1142
541 1407
542 1156
543 878
544 1026
545 419
546 184
547 1210
548 1238
549 588
550 111
551 120
552 315
553 243
554 834
555 892
556 665
557 419
558 401
559 994
560 664
561 961
562 1328
563 1209
564 1375
565 183
566 1307
567 1059
568 261
569 1187
570 86
571 238
572 593
573 904
574 136
575 251
576 1222
577 133
578 476
579 838
580 1392
581 848
582 686
583 131
584 144
585 1033
586 700
587 501
588 55
589 723
590 953
591 648
592 85
593 4
594 213
595 181
596 1250
597 182
598 1310
599 90
600 941
601 499
602 1350
603 3
604 354
605 811
606 1163
607 71
608 794
609 148
610 501
611 927
612 945
613 1408
614 1129
615 1412
616 1190
617 428
618 1317
619 983
620 1076
621 867
622 1236
623 1013
624 1322
625 1336
626 1324
627 1239
628 1134
629 975
630 1243
631 291
632 721
633 1011
634 350
635 557
636 1124
637 531
638 78
639 233
640 1211
641 72
642 577
643 886
644 620
645 581
646 58
647 627
648 1208
649 701
650 1395
651 1259
652 631
653 1392
654 689
655 242
656 1086
657 343
658 660
659 1375
660 341
661 866
662 207
663 1387
664 16
665 951
666 506
667 1290
668 110
669 1404
670 1100
671 1155
672 812
673 54
674 1190
675 1355
676 432
677 1037
678 637
679 1247
680 720
681 669
682 51
683 371
684 495
685 1284
686 1055
687 1072
688 193
689 636
690 787
691 813
692 464
693 612
694 814
695 1248
696 278
697 769
698 278
699 807
700 1415
701 852
702 870
703 676
704 451
705 1112
706 1017
707 423
708 540
709 1129
710 924
711 351
712 1292
713 688
714 1395
715 787
716 1043
717 583
718 453
719 846
720 433
721 1243
722 608
723 1227
724 1396
725 676
726 380
727 793
728 223
729 344
730 974
731 1164
732 497
733 360
734 964
735 204
736 782
737 1399
738 170
739 115
740 410
741 103
742 326
743 272
744 742
745 334
746 1169
747 965
748 354
749 258
750 1328
751 545
752 357
753 1352
754 899
755 649
756 542
757 763
758 253
759 1074
760 251
761 1408
762 390
763 848
764 859
765 867
766 669
767 861
768 949
769 914
770 60
771 804
772 890
773 1080
774 99
775 1239
776 537
777 1379
778 783
779 214
780 342
781 30
782 690
783 116
784 283
785 366
786 833
787 1222
788 378
789 1035
790 661
791 1085
792 274
793 625
794 1416
795 198
796 1290
797 1270
798 618
799 1269
800 429
801 507
802 100
803 352
804 454
805 613
806 1142
807 207
808 347
809 139
810 1087
811 898
812 81
813 1270
814 336
815 713
816 460
817 1101
818 1086
819 1331
820 542
821 925
822 62
823 1106
824 1046
825 1364
826 1347
827 321
828 475
829 1332
830 1198
831 675
832 1264
833 365
834 785
835 1403
836 192
837 325
838 603
839 74
840 427
841 468
842 158
843 812
844 540
845 383
846 292
847 734
848 196
849 44
850 1329
851 1392
852 917
853 437
854 75
855 1139
856 577
857 224
858 878
859 721
860 768
861 906
862 554
863 172
864 897
865 1157
866 462
867 715
868 1238
869 1031
870 1398
871 906
872 513
873 1191
874 974
875 143
876 699
877 724
878 62
879 495
880 364
881 872
882 324
883 911
884 901
885 1066
886 1363
887 1215
888 85
889 194
890 872
891 964
892 316
893 1033
894 916
895 395
896 165
897 1361
898 983
899 1154
900 436
901 1051
902 443
903 1095
904 22
905 84
906 1409
907 387
908 943
909 1204
910 656
911 1044
912 441
913 1414
914 255
915 792
916 700
917 1281
918 139
919 847
920 1189
921 873
922 65
923 650
924 1086
925 240
926 239
927 846
928 113
929 955
930 1243
931 195
932 973
933 1274
934 1361
935 958
936 950
937 134
938 1231
939 1263
940 62
941 988
942 972
943 1157
944 371
945 835
946 286
947 1165
948 917
949 541
950 90
951 1129
952 1119
953 1367
954 227
955 1012
956 228
957 668
958 828
959 1019
960 262
961 843
962 422
963 1375
964 1239
965 1193
966 83
967 613
968 1238
969 1415
970 482
971 462
972 1315
973 354
974 1092
975 277
976 1369
977 65
978 564
979 1286
980 1353
981 172
982 624
983 794
984 47
985 1112
986 995
987 280
988 866
989 1299
990 1104
991 871
992 1321
993 111
994 73
995 1381
996 508
997 843
998 507
999 747
1000 745
1001 529
1002 139
1003 823
1004 147
1005 501
1006 269
1007 241
1008 338
1009 854
1010 762
1011 922
1012 1165
1013 76
1014 569
1015 211
1016 981
1017 120
1018 456
1019 872
1020 484
1021 646
1022 1211
1023 952
1024 390
1025 977
1026 97
1027 707
1028 1021
1029 750
1030 1203
1031 12
1032 1236
1033 1239
1034 681
1035 423
1036 664
1037 745
1038 1024
1039 486
1040 505
1041 1209
1042 828
1043 724
1044 706
1045 372
1046 218
1047 330
1048 454
1049 544
1050 244
1051 89
1052 1027
1053 1187
1054 361
1055 669
1056 259
1057 62
1058 268
1059 708
1060 342
1061 871
1062 759
1063 1064
1064 1006
1065 668
1066 450
1067 1262
1068 484
1069 419
1070 1180
1071 990
1072 570
1073 809
1074 1003
1075 1200
1076 988
1077 450
1078 543
1079 1367
1080 1304
1081 1021
1082 246
1083 526
1084 1280
1085 568
1086 1308
1087 430
1088 142
1089 340
1090 1154
1091 205
1092 734
1093 230
1094 352
1095 637
1096 373
1097 813
1098 1161
1099 1032
1100 326
1101 1111
1102 308
1103 326
1104 1310
1105 382
1106 774
1107 701
1108 1241
1109 704
1110 39
1111 980
1112 1125
1113 32
1114 1139
1115 997
1116 1018
1117 961
1118 947
1119 787
1120 706
1121 93
1122 166
1123 250
1124 979
1125 746
1126 764
1127 126
1128 740
1129 1327
1130 22
1131 1317
1132 229
1133 18
1134 400
1135 1150
1136 462
1137 653
1138 15
1139 389
1140 94
1141 797
1142 445
1143 1382
1144 601
1145 222
1146 245
1147 1334
1148 1281
1149 1292
1150 233
1151 142
1152 29
1153 684
1154 380
1155 631
1156 1040
1157 533
1158 1277
1159 1254
1160 920
1161 463
1162 689
1163 375
1164 181
1165 947
1166 774
1167 588
1168 972
1169 1083
1170 920
1171 1054
1172 661
1173 531
1174 1409
1175 1193
1176 1314
1177 639
1178 122
1179 717
1180 1404
1181 1026
1182 162
1183 1123
1184 1188
1185 414
1186 1330
1187 492
1188 659
1189 790
1190 664
1191 510
1192 26
1193 62
1194 142
1195 572
1196 1005
1197 1039
1198 687
1199 688
1200 161
1201 719
1202 618
1203 526
1204 881
1205 1329
1206 454
1207 492
1208 1180
1209 1095
1210 539
1211 1027
1212 367
1213 1347
1214 767
1215 1183
1216 874
1217 345
1218 411
1219 684
1220 1313
1221 664
1222 1014
1223 152
1224 251
1225 379
1226 1191
1227 1233
1228 1214
1229 923
1230 255
1231 214
1232 1003
1233 1414
1234 915
1235 184
1236 834
1237 747
1238 237
1239 873
1240 1096
1241 1259
1242 889
1243 1085
1244 1087
1245 191
1246 240
1247 16
1248 1106
1249 5
1250 1294
1251 990
1252 69
1253 653
1254 478
1255 545
1256 1362
1257 620
1258 673
1259 793
1260 989
1261 634
1262 957
1263 1189
1264 1035
1265 325
1266 596
1267 166
1268 727
1269 703
1270 513
1271 1297
1272 516
1273 812
1274 1008
1275 1220
1276 12
1277 1369
1278 1052
1279 117
1280 715
1281 1267
1282 664
1283 45
1284 1365
1285 888
1286 721
1287 608
1288 956
1289 277
1290 109
1291 704
1292 1239
1293 460
1294 1128
1295 197
1296 720
1297 1104
1298 582
1299 0
1300 713
1301 1294
1302 357
1303 1314
1304 490
1305 838
1306 369
1307 199
1308 1063
1309 428
1310 421
1311 1385
1312 1292
1313 575
1314 247
1315 97
1316 825
1317 430
1318 1135
1319 1249
1320 1069
1321 325
1322 1203
1323 267
1324 1305
1325 509
1326 387
1327 924
1328 848
1329 303
1330 17
1331 74
1332 639
1333 1318
1334 298
1335 596
1336 765
1337 837
1338 969
1339 31
1340 1185
1341 1195
1342 802
1343 803
1344 1051
1345 77
1346 645
1347 1102
1348 1128
1349 1305
1350 894
1351 864
1352 777
1353 1129
1354 309
1355 948
1356 1291
1357 1216
1358 192
1359 464
1360 635
1361 1371
1362 153
1363 522
1364 1192
1365 1065
1366 139
1367 337
1368 94
1369 464
1370 125
1371 449
1372 1135
1373 1410
1374 931
1375 848
1376 267
1377 1193
1378 651
1379 775
1380 347
1381 3
1382 141
1383 698
1384 173
1385 890
1386 362
1387 586
1388 1275
1389 1388
1390 305
1391 632
1392 413
1393 708
1394 264
1395 392
1396 843
1397 406
1398 711
1399 115
1400 1408
1401 771
1402 1280
1403 883
1404 1083
1405 370
1406 579
1407 159
1408 932
1409 398
1410 1171
1411 76
1412 733
1413 318
1414 739
1415 1155
1416 1025
