0 558
1 16
2 1023
3 1400
4 73
5 284
6 1312
7 913
8 595
9 1098
10 1
11 1278
12 117
13 160
14 125
15 1312
16 725
17 690
18 605
19 986
20 1078
21 914
22 883
23 225
24 42
25 1003
26 1302
27 439
28 1127
29 461
30 927
31 3
32 1270
33 1101
34 1033
35 842
36 1079
37 1155
38 614
39 245
40 1387
41 636
42 872
43 1091
44 97
45 791
46 417
47 1085
48 708
49 326
50 802
51 1069
52 724
53 538
54 1389
55 1080
56 459
57 1402
58 1039
59 93
60 975
61 505
62 903
63 1207
64 742
65 584
66 1343
67 103
68 1152
69 103
70 1123
71 154
72 1031
73 329
74 1031
75 8
76 215
77 126
78 1024
79 567
80 455
81 792
82 188
83 168
84 918
85 202
86 891
87 93
88 1009
89 240
90 1130
91 757
92 221
93 227
94 169
95 1341
96 637
97 740
98 404
99 842
100 824
101 374
102 704
103 563
104 1262
105 388
106 771
107 105
108 1270
109 612
110 465
111 524
112 860
113 78
114 1411
115 1037
116 202
117 1092
118 535
119 343
120 484
121 780
122 227
123 660
124 1129
125 647
126 671
127 1192
128 1172
129 486
130 597
131 256
132 823
133 1091
134 333
135 70
136 749
137 976
138 792
139 357
140 446
141 535
142 313
143 370
144 774
145 528
146 444
147 123
148 860
149 49
150 1305
151 857
152 1295
153 984
154 269
155 759
156 1370
157 792
158 1089
159 781
160 264
161 257
162 539
163 339
164 1311
165 618
166 29
167 285
168 191
169 525
170 376
171 1397
172 200
173 681
174 630
175 828
176 988
177 849
178 185
179 902
180 3
181 1025
182 315
183 931
184 721
185 1262
186 534
187 805
188 321
189 252
190 966
191 69
192 490
193 847
194 1066
195 618
196 146
197 459
198 1359
199 1298
200 907
201 471
202 967
203 68
204 651
205 199
206 525
207 283
208 496
209 1176
210 1343
211 945
212 844
213 881
214 1050
215 982
216 677
217 380
218 1006
219 181
220 301
221 236
222 417
223 528
224 359
225 411
226 943
227 1272
228 709
229 176
230 305
231 58
232 905
233 289
234 1321
235 815
236 456
237 425
238 875
239 148
240 184
241 164
242 1336
243 667
244 889
245 1342
246 587
247 411
248 942
249 72
250 937
251 1056
252 693
253 777
254 953
255 1076
256 765
257 22
258 701
259 1303
260 586
261 382
262 458
263 436
264 614
265 449
266 1411
267 802
268 847
269 710
270 1308
271 1172
272 461
273 341
274 975
275 510
276 1140
277 1261
278 59
279 538
280 1066
281 1208
282 981
283 129
284 1076
285 1378
286 1272
287 208
288 1339
289 341
290 89
291 631
292 1217
293 690
294 900
295 710
296 53
297 36
298 1157
299 1180
300 1376
301 1191
302 138
303 694
304 1366
305 77
306 343
307 783
308 590
309 517
310 1341
311 1309
312 849
313 1209
314 460
315 564
316 823
317 829
318 616
319 23
320 142
321 840
322 822
323 666
324 879
325 884
326 725
327 1048
328 757
329 540
330 849
331 464
332 609
333 503
334 380
335 1006
336 912
337 598
338 184
339 1070
340 541
341 1137
342 1091
343 342
344 559
345 688
346 771
347 709
348 1152
349 280
350 1193
351 1101
352 31
353 977
354 915
355 177
356 769
357 1294
358 1363
359 685
360 61
361 685
362 734
363 583
364 1218
365 891
366 84
367 496
368 64
369 1009
370 163
371 1257
372 1307
373 727
374 745
375 1180
376 622
377 909
378 969
379 893
380 116
381 1372
382 1142
383 1018
384 27
385 1013
386 250
387 586
388 1214
389 1044
390 1369
391 1416
392 982
393 20
394 398
395 62
396 313
397 65
398 1030
399 1084
400 1271
401 756
402 1313
403 138
404 202
405 94
406 663
407 380
408 1312
409 1107
410 378
411 937
412 358
413 1207
414 1064
415 982
416 889
417 96
418 1192
419 732
420 655
421 49
422 253
423 575
424 554
425 1303
426 117
427 1387
428 516
429 1138
430 411
431 159
432 1341
433 831
434 324
435 49
436 715
437 537
438 214
439 567
440 772
441 368
442 1047
443 1347
444 725
445 1093
446 631
447 387
448 923
449 636
450 612
451 1003
452 241
453 957
454 1086
455 388
456 924
457 733
458 606
459 132
460 1210
461 567
462 316
463 476
464 6
465 1015
466 1091
467 490
468 931
469 301
470 292
471 871
472 695
473 1068
474 65
475 1310
476 273
477 1140
478 853
479 299
480 275
481 969
482 233
483 1146
484 240
485 251
486 1177
487 804
488 418
489 1146
490 217
491 685
492 1150
493 192
494 151
495 555
496 202
497 660
498 965
499 828
500 672
501 278
502 1017
503 832
504 194
505 560
506 346
507 232
508 1074
509 202
510 801
511 837
512 15
513 757
514 648
515 939
516 864
517 774
518 1300
519 1272
520 641
521 1411
522 133
523 1348
524 240
525 854
526 336
527 871
528 1198
529 117
530 1058
531 1340
532 393
533 215
534 398
535 617
536 251
537 794
538 1080
539 256
540 280
541 1200
542 1016
543 545
544 1076
545 748
546 37
547 1119
548 443
549 779
550 810
551 380
552 700
553 1269
554 533
555 1265
556 233
557 1305
558 1282
559 1394
560 364
561 93
562 1099
563 435
564 1242
565 995
566 112
567 253
568 228
569 830
570 495
571 284
572 1030
573 238
574 546
575 1354
576 1000
577 484
578 460
579 291
580 384
581 600
582 494
583 1031
584 1411
585 723
586 1070
587 41
588 1309
589 643
590 432
591 1132
592 416
593 1349
594 65
595 543
596 190
597 123
598 887
599 98
600 395
601 229
602 1114
603 209
604 926
605 863
606 1012
607 245
608 327
609 105
610 618
611 515
612 586
613 832
614 623
615 1388
616 840
617 338
618 182
619 432
620 628
621 954
622 1343
623 987
624 1414
625 584
626 190
627 776
628 399
629 1394
630 1037
631 802
632 335
633 1162
634 727
635 1107
636 639
637 1384
638 520
639 936
640 1321
641 1107
642 1068
643 1099
644 726
645 300
646 419
647 70
648 572
649 670
650 459
651 767
652 727
653 406
654 1415
655 721
656 1107
657 948
658 1058
659 1315
660 275
661 995
662 487
663 997
664 867
665 236
666 926
667 153
668 356
669 286
670 6
671 1264
672 546
673 1259
674 651
675 771
676 75
677 1287
678 361
679 525
680 452
681 819
682 1293
683 832
684 725
685 529
686 795
687 565
688 449
689 387
690 1240
691 340
692 735
693 116
694 1339
695 776
696 148
697 1291
698 664
699 1124
700 555
701 1330
702 1385
703 1294
704 452
705 127
706 290
707 545
708 449
709 958
710 336
711 1100
712 860
713 742
714 1302
715 1242
716 147
717 916
718 641
719 185
720 1289
721 259
722 826
723 316
724 761
725 218
726 1181
727 695
728 61
729 22
730 319
731 1083
732 1242
733 272
734 309
735 730
736 1176
737 429
738 1147
739 762
740 239
741 898
742 663
743 698
744 1145
745 792
746 117
747 740
748 1094
749 912
750 66
751 1378
752 959
753 1097
754 558
755 946
756 1174
757 156
758 8
759 675
760 0
761 230
762 864
763 1220
764 952
765 33
766 52
767 1173
768 1211
769 676
770 282
771 1308
772 1354
773 1388
774 242
775 1226
776 960
777 880
778 715
779 420
780 1140
781 341
782 1343
783 330
784 947
785 36
786 868
787 43
788 869
789 796
790 886
791 271
792 507
793 355
794 1190
795 571
796 472
797 15
798 39
799 600
800 713
801 34
802 921
803 1241
804 282
805 591
806 889
807 740
808 1042
809 1348
810 602
811 747
812 753
813 324
814 778
815 1069
816 285
817 505
818 1315
819 78
820 1020
821 681
822 714
823 552
824 698
825 414
826 338
827 454
828 830
829 191
830 571
831 421
832 743
833 246
834 568
835 1033
836 805
837 1003
838 1040
839 428
840 63
841 1358
842 287
843 1202
844 28
845 203
846 29
847 197
848 113
849 676
850 185
851 833
852 653
853 1256
854 928
855 1318
856 291
857 41
858 1352
859 238
860 972
861 428
862 1312
863 753
864 611
865 684
866 534
867 1174
868 361
869 578
870 91
871 80
872 1213
873 694
874 1217
875 11
876 374
877 836
878 361
879 433
880 630
881 1329
882 604
883 151
884 186
885 22
886 849
887 502
888 1363
889 186
890 1007
891 391
892 1314
893 418
894 126
895 95
896 479
897 1069
898 809
899 806
900 640
901 1364
902 680
903 1141
904 835
905 764
906 1103
907 168
908 599
909 459
910 605
911 1246
912 1105
913 1369
914 782
915 621
916 637
917 360
918 373
919 445
920 1157
921 960
922 1160
923 873
924 159
925 734
926 669
927 88
928 1116
929 1187
930 796
931 349
932 852
933 1316
934 1239
935 640
936 243
937 1373
938 241
939 1377
940 1154
941 438
942 1257
943 1377
944 1264
945 535
946 374
947 357
948 969
949 1382
950 1398
951 372
952 1178
953 160
954 417
955 1307
956 922
957 1397
958 1367
959 428
960 922
961 1159
962 895
963 504
964 189
965 299
966 455
967 326
968 976
969 14
970 774
971 855
972 302
973 1005
974 123
975 580
976 453
977 984
978 1152
979 816
980 363
981 725
982 1069
983 1395
984 495
985 431
986 283
987 567
988 997
989 889
990 133
991 845
992 30
993 88
994 670
995 634
996 196
997 680
998 414
999 327
1000 522
1001 620
1002 583
1003 362
1004 631
1005 335
1006 83
1007 1299
1008 929
1009 610
1010 1309
1011 874
1012 862
1013 578
1014 917
1015 223
1016 957
1017 363
1018 976
1019 1076
1020 965
1021 925
1022 1348
1023 1367
1024 855
1025 607
1026 1275
1027 675
1028 469
1029 919
1030 1229
1031 91
1032 582
1033 1314
1034 720
1035 662
1036 929
1037 204
1038 1153
1039 343
1040 409
1041 549
1042 315
1043 676
1044 1282
1045 396
1046 663
1047 681
1048 220
1049 952
1050 866
1051 872
1052 392
1053 1387
1054 80
1055 1243
1056 857
1057 67
1058 355
1059 1272
1060 131
1061 338
1062 583
1063 1330
1064 387
1065 968
1066 145
1067 498
1068 362
1069 314
1070 672
1071 554
1072 969
1073 119
1074 8
1075 240
1076 1135
1077 918
1078 82
1079 36
1080 723
1081 442
1082 1328
1083 413
1084 690
1085 1066
1086 1162
1087 168
1088 98
1089 25
1090 1160
1091 1324
1092 207
1093 51
1094 177
1095 650
1096 606
1097 1274
1098 865
1099 741
1100 293
1101 142
1102 1094
1103 270
1104 936
1105 1021
1106 892
1107 1066
1108 1214
1109 248
1110 997
1111 830
1112 978
1113 1175
1114 897
1115 957
1116 1382
1117 1298
1118 1058
1119 185
1120 483
1121 743
1122 763
1123 1393
1124 1077
1125 345
1126 989
1127 1226
1128 1224
1129 1133
1130 434
1131 172
1132 380
1133 841
1134 145
1135 544
1136 878
1137 1073
1138 985
1139 328
1140 286
1141 1176
1142 727
1143 191
1144 1294
1145 489
1146 490
1147 1262
1148 902
1149 575
1150 202
1151 663
1152 298
1153 915
1154 685
1155 346
1156 610
1157 551
1158 1240
1159 1151
1160 185
1161 1227
1162 612
1163 31
1164 230
1165 703
1166 68
1167 814
1168 262
1169 1248
1170 873
1171 812
1172 1067
1173 713
1174 1022
1175 403
1176 1284
1177 1329
1178 378
1179 158
1180 592
1181 1187
1182 610
1183 952
1184 17
1185 395
1186 1392
1187 465
1188 200
1189 631
1190 928
1191 1180
1192 590
1193 711
1194 1312
1195 840
1196 314
1197 887
1198 415
1199 129
1200 920
1201 295
1202 780
1203 921
1204 695
1205 1298
1206 349
1207 1203
1208 708
1209 1138
1210 98
1211 743
1212 1412
1213 1161
1214 255
1215 622
1216 576
1217 1142
1218 172
1219 252
1220 767
1221 1277
1222 79
1223 1051
1224 643
1225 1294
1226 519
1227 756
1228 167
1229 122
1230 1053
1231 413
1232 144
1233 1282
1234 270
1235 1251
1236 276
1237 222
1238 1235
1239 1126
1240 66
1241 649
1242 850
1243 495
1244 1112
1245 773
1246 403
1247 448
1248 1102
1249 544
1250 33
1251 928
1252 70
1253 326
1254 1337
1255 1006
1256 895
1257 840
1258 575
1259 948
1260 1074
1261 550
1262 280
1263 1046
1264 1068
1265 410
1266 863
1267 1123
1268 447
1269 897
1270 1294
1271 1365
1272 1046
1273 901
1274 1031
1275 1383
1276 38
1277 696
1278 891
1279 204
1280 281
1281 1099
1282 1023
1283 858
1284 978
1285 11
1286 1022
1287 646
1288 1283
1289 1048
1290 874
1291 1378
1292 1150
1293 18
1294 610
1295 116
1296 594
1297 679
1298 141
1299 561
1300 596
1301 277
1302 838
1303 0
1304 497
1305 325
1306 852
1307 1273
1308 941
1309 369
1310 941
1311 46
1312 1232
1313 925
1314 1397
1315 561
1316 1020
1317 659
1318 751
1319 252
1320 844
1321 472
1322 663
1323 1359
1324 172
1325 484
1326 350
1327 497
1328 926
1329 595
1330 614
1331 383
1332 1237
1333 1047
1334 88
1335 763
1336 1304
1337 559
1338 807
1339 1402
1340 37
1341 785
1342 1324
1343 614
1344 1403
1345 441
1346 143
1347 1188
1348 1121
1349 932
1350 995
1351 184
1352 683
1353 1335
1354 98
1355 958
1356 1301
1357 1041
1358 306
1359 122
1360 1307
1361 453
1362 1252
1363 936
1364 72
1365 370
1366 867
1367 1072
1368 768
1369 634
1370 509
1371 298
1372 1401
1373 661
1374 1033
1375 490
1376 115
1377 1053
1378 750
1379 348
1380 825
1381 1335
1382 404
1383 314
1384 976
1385 431
1386 46
1387 1220
1388 121
1389 619
1390 372
1391 746
1392 82
1393 649
1394 232
1395 1332
1396 830
1397 876
1398 258
1399 612
1400 734
1401 1386
1402 345
1403 876
1404 905
1405 342
1406 1154
1407 674
1408 759
1409 675
1410 158
1411 748
1412 244
1413 467
1414 891
1415 296
1416 332
0 558
1 956
2 1050
3 1400
4 73
5 580
6 1312
7 498
8 545
9 924
10 1
11 669
12 47
13 160
14 125
15 1312
16 725
17 913
18 229
19 986
20 1136
21 1376
22 883
23 225
24 42
25 1003
26 943
27 439
28 776
29 1390
30 97
31 1285
32 1270
33 913
34 1318
35 215
36 860
37 770
38 614
39 725
40 266
41 636
42 872
43 146
44 156
45 791
46 417
47 1085
48 473
49 253
50 802
51 1263
52 932
53 354
54 1389
55 1080
56 558
57 1391
58 1039
59 93
60 975
61 712
62 1160
63 228
64 742
65 886
66 97
67 103
68 1152
69 103
70 1123
71 145
72 1031
73 329
74 1389
75 192
76 382
77 126
78 1063
79 969
80 808
81 772
82 188
83 23
84 1383
85 1108
86 891
87 304
88 517
89 897
90 266
91 719
92 467
93 310
94 169
95 390
96 637
97 740
98 252
99 98
100 824
101 374
102 732
103 563
104 625
105 1352
106 1265
107 1008
108 46
109 612
110 853
111 524
112 860
113 78
114 628
115 117
116 202
117 882
118 535
119 343
120 1348
121 780
122 20
123 860
124 388
125 647
126 671
127 782
128 1172
129 739
130 114
131 256
132 3
133 755
134 253
135 898
136 749
137 510
138 805
139 1395
140 51
141 535
142 341
143 636
144 84
145 331
146 1325
147 805
148 1360
149 1278
150 180
151 188
152 1295
153 984
154 27
155 682
156 1370
157 926
158 1183
159 781
160 1175
161 484
162 667
163 339
164 635
165 1225
166 1124
167 285
168 405
169 148
170 263
171 1397
172 785
173 681
174 312
175 828
176 988
177 1362
178 457
179 1410
180 5
181 300
182 948
183 336
184 787
185 1262
186 96
187 805
188 321
189 94
190 966
191 1185
192 333
193 997
194 650
195 618
196 309
197 491
198 668
199 1214
200 1160
201 164
202 750
203 68
204 651
205 1359
206 525
207 283
208 1335
209 1176
210 1044
211 945
212 39
213 834
214 1075
215 1079
216 677
217 380
218 81
219 41
220 235
221 236
222 417
223 528
224 62
225 411
226 943
227 230
228 553
229 176
230 730
231 561
232 619
233 1095
234 118
235 158
236 1056
237 1348
238 443
239 1359
240 885
241 221
242 1336
243 1004
244 660
245 1342
246 523
247 411
248 942
249 72
250 138
251 434
252 693
253 1250
254 712
255 1076
256 765
257 395
258 1167
259 939
260 304
261 382
262 1318
263 731
264 1053
265 449
266 1411
267 1027
268 65
269 710
270 1308
271 1073
272 1123
273 341
274 975
275 311
276 404
277 1261
278 743
279 538
280 800
281 1082
282 291
283 129
284 1076
285 1378
286 1272
287 841
288 206
289 341
290 1068
291 915
292 1217
293 690
294 900
295 710
296 584
297 36
298 1157
299 1180
300 1376
301 204
302 138
303 864
304 530
305 77
306 305
307 734
308 590
309 517
310 679
311 583
312 849
313 598
314 460
315 564
316 210
317 1170
318 74
319 23
320 16
321 201
322 46
323 1169
324 1284
325 884
326 289
327 1048
328 757
329 2
330 849
331 805
332 609
333 1120
334 380
335 839
336 912
337 598
338 246
339 1075
340 136
341 1137
342 1091
343 27
344 559
345 1099
346 771
347 709
348 1152
349 280
350 1193
351 570
352 31
353 977
354 613
355 177
356 1161
357 256
358 239
359 330
360 1401
361 685
362 1115
363 596
364 241
365 891
366 28
367 445
368 64
369 616
370 1401
371 835
372 1324
373 727
374 745
375 470
376 1069
377 909
378 969
379 813
380 152
381 1372
382 1142
383 1018
384 964
385 863
386 250
387 1130
388 933
389 938
390 216
391 1416
392 2
393 1381
394 398
395 1282
396 313
397 55
398 1030
399 162
400 99
401 756
402 880
403 346
404 728
405 38
406 663
407 380
408 1312
409 1359
410 1307
411 537
412 261
413 43
414 218
415 1404
416 646
417 1243
418 1026
419 732
420 655
421 49
422 253
423 841
424 193
425 1303
426 117
427 923
428 704
429 1138
430 1116
431 460
432 617
433 485
434 1093
435 49
436 715
437 329
438 214
439 567
440 633
441 368
442 567
443 946
444 1266
445 1283
446 1098
447 387
448 923
449 699
450 612
451 1003
452 47
453 1325
454 992
455 388
456 924
457 696
458 433
459 1175
460 499
461 1107
462 316
463 99
464 6
465 820
466 1091
467 1022
468 931
469 22
470 292
471 276
472 695
473 1256
474 65
475 810
476 1412
477 951
478 468
479 299
480 942
481 260
482 559
483 1146
484 68
485 251
486 1177
487 648
488 418
489 1146
490 647
491 653
492 849
493 1383
494 1345
495 555
496 202
497 660
498 965
499 1164
500 933
501 947
502 1017
503 1014
504 661
505 293
506 864
507 1088
508 1074
509 197
510 801
511 1139
512 994
513 567
514 648
515 939
516 1009
517 774
518 841
519 1023
520 146
521 64
522 61
523 1348
524 1307
525 343
526 336
527 922
528 1198
529 117
530 566
531 1340
532 393
533 1311
534 1400
535 1098
536 445
537 625
538 1080
539 146
540 293
541 1200
542 993
543 545
544 461
545 748
546 500
547 1361
548 277
549 81
550 810
551 380
552 12
553 1269
554 533
555 1265
556 1338
557 1165
558 1282
559 1394
560 540
561 1372
562 1099
563 69
564 296
565 995
566 112
567 253
568 1070
569 1331
570 1042
571 585
572 761
573 77
574 477
575 733
576 1133
577 77
578 460
579 291
580 384
581 1039
582 693
583 1270
584 1411
585 723
586 1070
587 41
588 504
589 940
590 633
591 775
592 224
593 189
594 1061
595 1206
596 190
597 103
598 1369
599 98
600 963
601 1078
602 1114
603 1039
604 286
605 863
606 1012
607 358
608 1402
609 167
610 618
611 515
612 586
613 457
614 561
615 1149
616 685
617 646
618 1229
619 1102
620 628
621 954
622 405
623 201
624 56
625 584
626 549
627 776
628 399
629 107
630 1037
631 341
632 335
633 141
634 998
635 1279
636 1058
637 1060
638 520
639 936
640 1321
641 783
642 1068
643 1099
644 1409
645 1112
646 419
647 70
648 677
649 275
650 1100
651 767
652 727
653 1266
654 1415
655 93
656 125
657 948
658 397
659 1315
660 1346
661 119
662 1269
663 997
664 639
665 1349
666 563
667 153
668 356
669 286
670 1229
671 1264
672 1005
673 1259
674 1386
675 771
676 75
677 1287
678 361
679 525
680 452
681 654
682 1041
683 832
684 1230
685 1267
686 571
687 370
688 449
689 387
690 910
691 1099
692 463
693 116
694 1339
695 776
696 148
697 1291
698 785
699 1124
700 1405
701 1330
702 39
703 1294
704 452
705 127
706 290
707 977
708 449
709 970
710 336
711 1100
712 860
713 1311
714 1302
715 796
716 147
717 365
718 1113
719 185
720 1289
721 259
722 540
723 1281
724 256
725 1351
726 1181
727 130
728 69
729 1202
730 872
731 1083
732 642
733 1364
734 309
735 75
736 1199
737 429
738 1147
739 994
740 916
741 672
742 472
743 853
744 848
745 792
746 1226
747 740
748 566
749 156
750 1134
751 976
752 959
753 1097
754 558
755 1178
756 1174
757 156
758 8
759 675
760 0
761 1106
762 1083
763 1220
764 614
765 33
766 52
767 1080
768 834
769 1113
770 282
771 1308
772 1354
773 87
774 53
775 1328
776 1133
777 854
778 435
779 411
780 976
781 341
782 967
783 330
784 1377
785 464
786 836
787 43
788 1128
789 796
790 260
791 271
792 507
793 904
794 1190
795 850
796 472
797 15
798 39
799 1388
800 713
801 1203
802 921
803 1033
804 181
805 591
806 889
807 184
808 1042
809 1348
810 602
811 747
812 753
813 1413
814 778
815 657
816 285
817 569
818 925
819 263
820 1020
821 681
822 1399
823 349
824 669
825 708
826 809
827 454
828 830
829 474
830 2
831 421
832 793
833 1397
834 619
835 1033
836 379
837 1049
838 1242
839 1324
840 676
841 819
842 287
843 1202
844 184
845 1082
846 624
847 971
848 113
849 880
850 801
851 1039
852 1146
853 42
854 928
855 113
856 1399
857 41
858 530
859 238
860 540
861 964
862 313
863 753
864 611
865 684
866 534
867 1083
868 526
869 461
870 1327
871 272
872 496
873 56
874 463
875 11
876 374
877 836
878 469
879 433
880 690
881 781
882 926
883 164
884 1067
885 437
886 174
887 383
888 1363
889 279
890 1007
891 17
892 1314
893 418
894 328
895 690
896 433
897 1069
898 802
899 806
900 1172
901 1364
902 1246
903 1141
904 1411
905 816
906 1377
907 649
908 1303
909 459
910 605
911 1227
912 1282
913 481
914 1172
915 154
916 510
917 360
918 154
919 431
920 16
921 969
922 1108
923 1082
924 971
925 734
926 669
927 88
928 256
929 294
930 1081
931 913
932 82
933 180
934 1118
935 612
936 243
937 1069
938 241
939 336
940 1154
941 438
942 1257
943 226
944 1264
945 907
946 220
947 1002
948 294
949 492
950 1398
951 946
952 1178
953 1244
954 417
955 1019
956 249
957 1001
958 1367
959 428
960 567
961 734
962 895
963 504
964 1251
965 1323
966 144
967 1216
968 199
969 361
970 1390
971 817
972 302
973 8
974 965
975 1211
976 453
977 818
978 1152
979 1267
980 1406
981 498
982 482
983 1395
984 460
985 431
986 1326
987 689
988 997
989 889
990 133
991 845
992 843
993 384
994 670
995 692
996 196
997 680
998 257
999 406
1000 557
1001 1260
1002 1167
1003 362
1004 539
1005 919
1006 518
1007 147
1008 281
1009 7
1010 1309
1011 290
1012 337
1013 578
1014 782
1015 226
1016 151
1017 557
1018 976
1019 727
1020 610
1021 88
1022 669
1023 1367
1024 645
1025 607
1026 835
1027 675
1028 469
1029 426
1030 1033
1031 1263
1032 457
1033 268
1034 201
1035 662
1036 275
1037 543
1038 1153
1039 343
1040 409
1041 834
1042 315
1043 676
1044 1346
1045 396
1046 700
1047 681
1048 309
1049 952
1050 1343
1051 46
1052 523
1053 1061
1054 420
1055 1243
1056 857
1057 435
1058 355
1059 1272
1060 711
1061 279
1062 583
1063 537
1064 1297
1065 1014
1066 469
1067 498
1068 1096
1069 314
1070 755
1071 554
1072 1280
1073 660
1074 575
1075 1236
1076 434
1077 918
1078 82
1079 186
1080 723
1081 442
1082 1328
1083 413
1084 690
1085 1066
1086 965
1087 458
1088 859
1089 25
1090 1160
1091 796
1092 207
1093 1089
1094 435
1095 20
1096 606
1097 1274
1098 167
1099 741
1100 347
1101 431
1102 1094
1103 1286
1104 1363
1105 1021
1106 892
1107 1066
1108 622
1109 248
1110 1068
1111 830
1112 978
1113 3
1114 753
1115 957
1116 1382
1117 1298
1118 1058
1119 185
1120 483
1121 812
1122 763
1123 374
1124 1077
1125 345
1126 989
1127 1232
1128 1224
1129 1133
1130 434
1131 172
1132 519
1133 841
1134 145
1135 544
1136 867
1137 114
1138 124
1139 1205
1140 286
1141 909
1142 149
1143 139
1144 1294
1145 489
1146 490
1147 977
1148 57
1149 118
1150 1280
1151 1033
1152 298
1153 1088
1154 685
1155 1308
1156 617
1157 551
1158 1133
1159 1151
1160 1159
1161 1227
1162 612
1163 1210
1164 230
1165 148
1166 1309
1167 814
1168 261
1169 1129
1170 213
1171 951
1172 1067
1173 713
1174 294
1175 137
1176 1153
1177 279
1178 378
1179 405
1180 438
1181 1187
1182 322
1183 952
1184 327
1185 395
1186 1172
1187 465
1188 985
1189 631
1190 17
1191 479
1192 590
1193 641
1194 386
1195 509
1196 314
1197 887
1198 794
1199 354
1200 560
1201 634
1202 780
1203 1349
1204 695
1205 1263
1206 597
1207 721
1208 148
1209 236
1210 447
1211 804
1212 1412
1213 1161
1214 514
1215 622
1216 780
1217 343
1218 14
1219 454
1220 1049
1221 730
1222 79
1223 1051
1224 628
1225 1294
1226 519
1227 756
1228 1034
1229 9
1230 1053
1231 413
1232 1121
1233 1282
1234 270
1235 455
1236 276
1237 32
1238 1293
1239 268
1240 66
1241 649
1242 850
1243 495
1244 532
1245 773
1246 403
1247 448
1248 1231
1249 130
1250 33
1251 928
1252 70
1253 1183
1254 1337
1255 1006
1256 895
1257 840
1258 575
1259 807
1260 793
1261 1010
1262 775
1263 1046
1264 1068
1265 530
1266 863
1267 498
1268 447
1269 897
1270 1294
1271 211
1272 10
1273 1238
1274 1390
1275 518
1276 1001
1277 105
1278 481
1279 36
1280 281
1281 1099
1282 1023
1283 858
1284 68
1285 224
1286 1022
1287 646
1288 1283
1289 1048
1290 498
1291 1378
1292 1150
1293 487
1294 610
1295 219
1296 594
1297 679
1298 141
1299 241
1300 256
1301 576
1302 97
1303 389
1304 497
1305 719
1306 846
1307 1025
1308 941
1309 369
1310 941
1311 604
1312 557
1313 191
1314 1397
1315 1181
1316 1020
1317 659
1318 751
1319 727
1320 1219
1321 472
1322 18
1323 1137
1324 668
1325 1233
1326 350
1327 497
1328 926
1329 595
1330 614
1331 1326
1332 620
1333 1047
1334 88
1335 763
1336 1313
1337 559
1338 269
1339 672
1340 37
1341 221
1342 1324
1343 614
1344 1403
1345 242
1346 143
1347 1166
1348 1242
1349 443
1350 203
1351 153
1352 683
1353 1335
1354 963
1355 802
1356 1301
1357 231
1358 306
1359 122
1360 828
1361 130
1362 1328
1363 984
1364 72
1365 370
1366 1035
1367 1072
1368 400
1369 1401
1370 509
1371 1090
1372 340
1373 661
1374 1371
1375 557
1376 511
1377 1053
1378 1350
1379 994
1380 854
1381 749
1382 404
1383 423
1384 530
1385 431
1386 1061
1387 574
1388 847
1389 1402
1390 1190
1391 746
1392 82
1393 439
1394 232
1395 1332
1396 171
1397 876
1398 258
1399 585
1400 1257
1401 1386
1402 985
1403 876
1404 118
1405 1247
1406 1228
1407 674
1408 1332
1409 1151
1410 196
1411 81
1412 244
1413 467
1414 724
1415 296
1416 332
