0 578
1 342
2 362
3 300
4 296
5 65
6 393
7 396
8 186
9 336
10 52
11 370
12 411
13 468
14 564
15 485
16 371
17 337
18 138
19 104
20 47
21 360
22 334
23 330
24 158
25 237
26 192
27 435
28 63
29 204
30 76
31 310
32 165
33 423
34 366
35 583
36 458
37 231
38 52
39 139
40 156
41 390
42 593
43 441
44 206
45 196
46 534
47 234
48 241
49 287
50 490
51 30
52 2
53 258
54 265
55 381
56 509
57 134
58 364
59 78
60 10
61 312
62 35
63 590
64 68
65 375
66 362
67 162
68 382
69 584
70 587
71 362
72 593
73 407
74 471
75 67
76 133
77 419
78 376
79 292
80 258
81 95
82 195
83 397
84 149
85 263
86 288
87 27
88 242
89 112
90 126
91 57
92 256
93 469
94 549
95 199
96 583
97 413
98 323
99 408
100 231
101 105
102 96
103 110
104 100
105 465
106 567
107 444
108 63
109 391
110 218
111 275
112 368
113 361
114 156
115 68
116 481
117 587
118 414
119 596
120 162
121 383
122 24
123 423
124 575
125 388
126 156
127 397
128 237
129 37
130 363
131 576
132 347
133 77
134 304
135 580
136 440
137 432
138 140
139 502
140 521
141 383
142 376
143 555
144 497
145 229
146 518
147 217
148 36
149 302
150 276
151 495
152 555
153 306
154 44
155 368
156 461
157 330
158 209
159 27
160 409
161 353
162 248
163 555
164 34
165 440
166 450
167 199
168 439
169 60
170 322
171 214
172 357
173 92
174 486
175 578
176 113
177 371
178 155
179 483
180 444
181 577
182 240
183 224
184 484
185 158
186 288
187 443
188 522
189 357
190 571
191 391
192 134
193 193
194 135
195 172
196 554
197 397
198 147
199 91
200 497
201 90
202 123
203 479
204 442
205 193
206 98
207 184
208 235
209 152
210 433
211 137
212 580
213 176
214 118
215 520
216 221
217 67
218 488
219 467
220 329
221 325
222 570
223 142
224 117
225 114
226 126
227 439
228 262
229 428
230 134
231 168
232 211
233 49
234 118
235 22
236 240
237 251
238 448
239 168
240 537
241 102
242 110
243 54
244 455
245 29
246 539
247 28
248 559
249 373
250 205
251 448
252 464
253 500
254 44
255 270
256 144
257 595
258 498
259 124
260 447
261 461
262 262
263 567
264 593
265 286
266 387
267 36
268 204
269 354
270 239
271 124
272 163
273 553
274 119
275 167
276 23
277 327
278 337
279 595
280 94
281 328
282 76
283 215
284 72
285 326
286 316
287 102
288 66
289 153
290 578
291 85
292 565
293 156
294 194
295 78
296 525
297 288
298 506
299 333
300 424
301 291
302 517
303 288
304 185
305 215
306 411
307 284
308 16
309 456
310 306
311 164
312 63
313 421
314 556
315 499
316 21
317 558
318 353
319 360
320 412
321 588
322 200
323 533
324 360
325 424
326 481
327 437
328 203
329 168
330 60
331 39
332 591
333 361
334 275
335 127
336 404
337 455
338 230
339 343
340 328
341 571
342 531
343 221
344 97
345 348
346 374
347 90
348 323
349 320
350 134
351 408
352 560
353 297
354 112
355 348
356 499
357 311
358 25
359 532
360 270
361 53
362 292
363 124
364 110
365 193
366 157
367 294
368 564
369 83
370 61
371 453
372 142
373 531
374 112
375 46
376 246
377 15
378 77
379 142
380 327
381 203
382 366
383 484
384 13
385 77
386 580
387 46
388 35
389 272
390 418
391 246
392 451
393 267
394 71
395 499
396 228
397 398
398 539
399 439
400 437
401 55
402 395
403 124
404 581
405 208
406 99
407 234
408 440
409 370
410 143
411 197
412 412
413 264
414 310
415 575
416 132
417 238
418 405
419 574
420 397
421 24
422 367
423 117
424 107
425 400
426 43
427 74
428 578
429 161
430 477
431 179
432 387
433 584
434 71
435 568
436 402
437 368
438 238
439 291
440 209
441 190
442 544
443 184
444 110
445 257
446 128
447 48
448 26
449 596
450 447
451 176
452 501
453 209
454 471
455 243
456 490
457 157
458 529
459 453
460 197
461 182
462 437
463 34
464 357
465 377
466 80
467 401
468 321
469 109
470 212
471 569
472 308
473 122
474 502
475 259
476 209
477 259
478 10
479 343
480 369
481 91
482 60
483 349
484 114
485 443
486 539
487 414
488 390
489 104
490 204
491 471
492 177
493 588
494 423
495 221
496 273
497 406
498 52
499 335
500 9
501 360
502 577
503 203
504 360
505 326
506 530
507 586
508 526
509 403
510 440
511 196
512 457
513 0
514 310
515 570
516 582
517 336
518 284
519 454
520 158
521 154
522 361
523 138
524 268
525 235
526 252
527 250
528 64
529 298
530 495
531 263
532 77
533 470
534 466
535 502
536 244
537 516
538 342
539 152
540 483
541 106
542 111
543 164
544 89
545 384
546 82
547 305
548 536
549 245
550 120
551 82
552 53
553 378
554 316
555 178
556 339
557 146
558 541
559 96
560 51
561 49
562 507
563 571
564 261
565 325
566 392
567 492
568 113
569 477
570 528
571 481
572 423
573 424
574 191
575 369
576 489
577 170
578 327
579 338
580 569
581 63
582 221
583 301
584 132
585 440
586 203
587 493
588 61
589 110
590 576
591 511
592 424
593 295
594 491
595 90
596 417
0 164
1 482
2 21
3 300
4 183
5 65
6 393
7 396
8 186
9 431
10 51
11 395
12 481
13 467
14 202
15 485
16 156
17 145
18 138
19 157
20 117
21 360
22 214
23 392
24 158
25 237
26 192
27 435
28 81
29 5
30 76
31 310
32 419
33 423
34 366
35 301
36 458
37 231
38 574
39 380
40 156
41 555
42 91
43 435
44 536
45 535
46 534
47 564
48 241
49 287
50 490
51 30
52 2
53 258
54 137
55 381
56 509
57 134
58 437
59 247
60 520
61 312
62 367
63 590
64 385
65 5
66 362
67 563
68 382
69 584
70 587
71 362
72 273
73 407
74 471
75 67
76 400
77 334
78 376
79 292
80 258
81 155
82 195
83 330
84 149
85 303
86 288
87 27
88 402
89 585
90 417
91 57
92 256
93 469
94 72
95 199
96 255
97 139
98 413
99 408
100 370
101 443
102 30
103 110
104 48
105 579
106 473
107 444
108 263
109 38
110 134
111 78
112 368
113 361
114 69
115 68
116 481
117 583
118 378
119 596
120 160
121 383
122 556
123 423
124 321
125 388
126 222
127 257
128 237
129 37
130 363
131 200
132 581
133 72
134 200
135 501
136 527
137 432
138 140
139 194
140 472
141 383
142 211
143 569
144 547
145 229
146 530
147 217
148 36
149 302
150 486
151 495
152 555
153 524
154 406
155 368
156 461
157 65
158 393
159 27
160 49
161 564
162 421
163 555
164 512
165 322
166 450
167 199
168 409
169 521
170 525
171 214
172 357
173 92
174 486
175 37
176 113
177 413
178 79
179 483
180 580
181 577
182 567
183 371
184 484
185 189
186 288
187 364
188 522
189 357
190 571
191 374
192 134
193 237
194 135
195 49
196 554
197 344
198 168
199 91
200 497
201 299
202 79
203 479
204 442
205 532
206 98
207 166
208 51
209 570
210 159
211 137
212 450
213 176
214 118
215 520
216 221
217 96
218 488
219 15
220 433
221 321
222 570
223 340
224 117
225 298
226 181
227 512
228 262
229 145
230 6
231 168
232 428
233 49
234 482
235 22
236 513
237 514
238 22
239 0
240 537
241 102
242 110
243 54
244 455
245 398
246 477
247 233
248 559
249 373
250 205
251 448
252 464
253 357
254 471
255 270
256 243
257 487
258 432
259 124
260 99
261 461
262 428
263 0
264 593
265 286
266 114
267 162
268 204
269 254
270 239
271 124
272 163
273 119
274 73
275 483
276 23
277 153
278 518
279 101
280 94
281 558
282 76
283 215
284 72
285 423
286 316
287 102
288 66
289 451
290 578
291 431
292 565
293 220
294 194
295 78
296 525
297 288
298 142
299 333
300 502
301 524
302 148
303 288
304 249
305 427
306 103
307 461
308 16
309 456
310 306
311 164
312 63
313 165
314 54
315 499
316 21
317 152
318 353
319 360
320 412
321 588
322 485
323 401
324 61
325 424
326 324
327 437
328 124
329 168
330 60
331 541
332 591
333 361
334 5
335 127
336 292
337 455
338 230
339 251
340 345
341 392
342 531
343 221
344 97
345 348
346 517
347 90
348 588
349 320
350 214
351 408
352 560
353 14
354 168
355 552
356 154
357 427
358 25
359 532
360 270
361 53
362 159
363 527
364 110
365 8
366 157
367 150
368 564
369 550
370 107
371 453
372 80
373 333
374 39
375 534
376 246
377 293
378 235
379 539
380 336
381 82
382 415
383 447
384 13
385 289
386 580
387 46
388 90
389 584
390 508
391 125
392 129
393 267
394 590
395 233
396 243
397 343
398 539
399 245
400 437
401 55
402 395
403 124
404 581
405 208
406 99
407 97
408 440
409 370
410 143
411 197
412 412
413 328
414 310
415 536
416 400
417 238
418 204
419 574
420 397
421 490
422 367
423 117
424 542
425 294
426 310
427 28
428 569
429 184
430 477
431 179
432 555
433 584
434 377
435 330
436 402
437 394
438 238
439 291
440 279
441 387
442 544
443 162
444 254
445 257
446 217
447 48
448 185
449 475
450 447
451 392
452 501
453 452
454 259
455 398
456 490
457 111
458 529
459 575
460 197
461 115
462 437
463 34
464 517
465 280
466 80
467 401
468 321
469 109
470 246
471 569
472 308
473 269
474 502
475 17
476 209
477 259
478 512
479 343
480 369
481 536
482 60
483 7
484 114
485 265
486 288
487 414
488 390
489 440
490 418
491 313
492 177
493 516
494 423
495 6
496 590
497 307
498 592
499 335
500 9
501 360
502 320
503 203
504 360
505 340
506 326
507 534
508 526
509 355
510 234
511 196
512 583
513 0
514 310
515 478
516 582
517 336
518 144
519 454
520 158
521 154
522 374
523 138
524 243
525 170
526 252
527 250
528 110
529 7
530 495
531 263
532 270
533 548
534 466
535 404
536 244
537 516
538 342
539 173
540 483
541 248
542 282
543 164
544 269
545 384
546 82
547 305
548 282
549 410
550 120
551 76
552 53
553 35
554 316
555 178
556 536
557 146
558 332
559 208
560 512
561 359
562 416
563 571
564 59
565 325
566 392
567 492
568 113
569 250
570 528
571 99
572 423
573 424
574 248
575 438
576 82
577 170
578 220
579 125
580 569
581 153
582 221
583 402
584 497
585 196
586 416
587 295
588 339
589 110
590 576
591 194
592 424
593 581
594 216
595 402
596 31
