0 478
1 318
2 501
3 370
4 579
5 10
6 437
7 490
8 360
9 569
10 412
11 28
12 320
13 572
14 576
15 509
16 93
17 202
18 581
19 496
20 187
21 303
22 474
23 425
24 179
25 295
26 110
27 228
28 402
29 410
30 561
31 555
32 519
33 270
34 393
35 222
36 92
37 571
38 215
39 540
40 321
41 441
42 385
43 15
44 236
45 421
46 313
47 403
48 123
49 450
50 259
51 576
52 409
53 270
54 308
55 246
56 250
57 406
58 248
59 455
60 235
61 236
62 122
63 476
64 133
65 57
66 182
67 332
68 370
69 418
70 182
71 295
72 11
73 112
74 318
75 323
76 387
77 217
78 34
79 272
80 172
81 408
82 549
83 181
84 233
85 263
86 195
87 377
88 507
89 440
90 343
91 562
92 595
93 302
94 566
95 40
96 151
97 82
98 110
99 527
100 526
101 204
102 453
103 577
104 167
105 63
106 505
107 8
108 539
109 330
110 286
111 181
112 400
113 390
114 378
115 286
116 377
117 444
118 477
119 158
120 488
121 316
122 338
123 332
124 274
125 236
126 414
127 155
128 568
129 486
130 369
131 183
132 141
133 251
134 593
135 141
136 297
137 589
138 210
139 432
140 64
141 134
142 553
143 125
144 406
145 234
146 189
147 300
148 384
149 107
150 571
151 363
152 305
153 20
154 592
155 515
156 369
157 571
158 334
159 174
160 100
161 194
162 208
163 330
164 528
165 485
166 369
167 59
168 272
169 191
170 294
171 444
172 261
173 399
174 582
175 542
176 6
177 96
178 218
179 399
180 492
181 506
182 237
183 524
184 164
185 133
186 129
187 293
188 180
189 413
190 533
191 388
192 70
193 3
194 436
195 454
196 438
197 414
198 281
199 448
200 321
201 522
202 54
203 101
204 340
205 351
206 270
207 364
208 473
209 476
210 306
211 157
212 479
213 306
214 357
215 547
216 207
217 56
218 238
219 505
220 90
221 589
222 424
223 474
224 485
225 202
226 310
227 150
228 49
229 486
230 427
231 2
232 317
233 397
234 346
235 370
236 279
237 294
238 262
239 585
240 316
241 525
242 570
243 336
244 439
245 169
246 203
247 490
248 528
249 397
250 355
251 250
252 460
253 135
254 71
255 496
256 216
257 94
258 72
259 19
260 361
261 117
262 42
263 354
264 144
265 21
266 187
267 200
268 564
269 66
270 320
271 180
272 589
273 511
274 480
275 85
276 494
277 152
278 328
279 515
280 21
281 242
282 274
283 473
284 86
285 31
286 96
287 157
288 332
289 111
290 431
291 91
292 337
293 418
294 164
295 240
296 535
297 289
298 35
299 122
300 249
301 232
302 97
303 307
304 234
305 165
306 195
307 542
308 171
309 16
310 263
311 426
312 188
313 220
314 70
315 152
316 127
317 583
318 136
319 264
320 205
321 463
322 301
323 254
324 578
325 184
326 170
327 272
328 214
329 55
330 499
331 121
332 48
333 91
334 298
335 127
336 300
337 236
338 580
339 85
340 214
341 528
342 274
343 254
344 519
345 445
346 234
347 264
348 440
349 377
350 39
351 98
352 580
353 77
354 531
355 296
356 107
357 25
358 225
359 68
360 354
361 273
362 518
363 101
364 192
365 24
366 361
367 31
368 178
369 264
370 204
371 300
372 14
373 374
374 251
375 285
376 292
377 566
378 470
379 556
380 35
381 426
382 58
383 168
384 18
385 3
386 562
387 156
388 245
389 277
390 288
391 202
392 551
393 306
394 311
395 282
396 278
397 365
398 316
399 201
400 263
401 500
402 323
403 41
404 514
405 456
406 340
407 380
408 291
409 67
410 293
411 222
412 96
413 236
414 531
415 432
416 444
417 251
418 122
419 452
420 152
421 520
422 495
423 153
424 312
425 95
426 259
427 225
428 289
429 429
430 581
431 231
432 449
433 58
434 416
435 150
436 85
437 171
438 93
439 231
440 400
441 28
442 256
443 533
444 357
445 399
446 402
447 111
448 178
449 522
450 366
451 459
452 147
453 107
454 351
455 590
456 130
457 394
458 406
459 469
460 394
461 565
462 284
463 76
464 131
465 402
466 138
467 7
468 498
469 279
470 98
471 509
472 229
473 320
474 536
475 570
476 97
477 553
478 402
479 106
480 515
481 265
482 539
483 345
484 267
485 573
486 33
487 243
488 405
489 111
490 0
491 454
492 535
493 270
494 500
495 63
496 548
497 228
498 57
499 339
500 280
501 91
502 351
503 78
504 206
505 542
506 391
507 137
508 114
509 115
510 322
511 274
512 20
513 311
514 42
515 244
516 214
517 481
518 571
519 119
520 413
521 480
522 175
523 531
524 225
525 479
526 505
527 246
528 302
529 566
530 285
531 390
532 41
533 361
534 261
535 344
536 403
537 579
538 496
539 488
540 506
541 470
542 565
543 400
544 413
545 541
546 52
547 121
548 499
549 422
550 585
551 20
552 407
553 535
554 468
555 311
556 433
557 261
558 238
559 350
560 338
561 99
562 586
563 379
564 395
565 413
566 504
567 70
568 328
569 5
570 81
571 360
572 140
573 344
574 532
575 355
576 371
577 47
578 506
579 128
580 393
581 141
582 557
583 285
584 167
585 449
586 109
587 594
588 341
589 476
590 580
591 7
592 583
593 132
594 215
595 106
596 8
0 142
1 318
2 82
3 484
4 391
5 220
6 455
7 490
8 14
9 569
10 132
11 118
12 425
13 181
14 576
15 282
16 93
17 202
18 517
19 467
20 345
21 303
22 139
23 86
24 179
25 282
26 186
27 228
28 402
29 311
30 561
31 555
32 242
33 270
34 179
35 222
36 548
37 351
38 215
39 484
40 82
41 45
42 385
43 142
44 54
45 239
46 313
47 495
48 198
49 423
50 151
51 588
52 409
53 508
54 85
55 196
56 250
57 406
58 48
59 92
60 235
61 236
62 122
63 345
64 133
65 583
66 398
67 332
68 370
69 418
70 182
71 459
72 417
73 112
74 420
75 323
76 387
77 217
78 154
79 272
80 172
81 408
82 549
83 362
84 281
85 138
86 151
87 436
88 140
89 440
90 343
91 593
92 409
93 302
94 563
95 324
96 17
97 82
98 30
99 527
100 3
101 350
102 476
103 119
104 167
105 63
106 35
107 8
108 539
109 330
110 286
111 181
112 100
113 390
114 378
115 148
116 444
117 217
118 288
119 351
120 75
121 371
122 338
123 332
124 95
125 458
126 584
127 10
128 568
129 269
130 49
131 243
132 141
133 251
134 593
135 10
136 551
137 589
138 210
139 12
140 64
141 353
142 553
143 211
144 374
145 258
146 189
147 53
148 377
149 107
150 571
151 363
152 254
153 20
154 592
155 329
156 369
157 571
158 352
159 481
160 378
161 46
162 553
163 330
164 528
165 3
166 105
167 3
168 272
169 191
170 454
171 434
172 74
173 399
174 279
175 545
176 6
177 103
178 137
179 399
180 340
181 302
182 237
183 368
184 164
185 133
186 129
187 26
188 149
189 413
190 533
191 388
192 398
193 461
194 423
195 454
196 411
197 545
198 366
199 414
200 59
201 522
202 54
203 101
204 114
205 271
206 560
207 355
208 473
209 476
210 306
211 144
212 479
213 306
214 326
215 407
216 458
217 537
218 238
219 505
220 90
221 15
222 167
223 474
224 485
225 202
226 153
227 150
228 445
229 486
230 175
231 104
232 456
233 172
234 177
235 370
236 499
237 347
238 588
239 358
240 264
241 525
242 570
243 380
244 343
245 117
246 186
247 490
248 528
249 359
250 493
251 250
252 426
253 49
254 71
255 452
256 143
257 250
258 553
259 532
260 30
261 117
262 118
263 354
264 144
265 21
266 56
267 200
268 215
269 227
270 320
271 183
272 589
273 511
274 228
275 85
276 77
277 509
278 328
279 515
280 347
281 242
282 274
283 473
284 191
285 31
286 186
287 157
288 340
289 411
290 217
291 91
292 145
293 418
294 164
295 240
296 596
297 59
298 35
299 69
300 10
301 232
302 97
303 307
304 161
305 121
306 308
307 100
308 171
309 16
310 263
311 61
312 188
313 260
314 197
315 232
316 127
317 42
318 217
319 264
320 205
321 384
322 301
323 311
324 578
325 338
326 157
327 350
328 477
329 193
330 499
331 475
332 42
333 91
334 298
335 568
336 53
337 236
338 580
339 85
340 214
341 589
342 291
343 405
344 47
345 445
346 331
347 194
348 368
349 256
350 39
351 98
352 46
353 77
354 274
355 279
356 224
357 537
358 225
359 451
360 95
361 273
362 488
363 478
364 586
365 24
366 310
367 336
368 386
369 264
370 66
371 269
372 14
373 186
374 251
375 347
376 548
377 566
378 470
379 547
380 35
381 185
382 493
383 288
384 425
385 363
386 562
387 303
388 144
389 277
390 62
391 202
392 512
393 414
394 311
395 282
396 364
397 500
398 318
399 201
400 263
401 500
402 71
403 41
404 514
405 511
406 148
407 380
408 205
409 508
410 293
411 222
412 96
413 236
414 466
415 215
416 447
417 251
418 275
419 452
420 152
421 520
422 287
423 199
424 493
425 53
426 259
427 508
428 289
429 78
430 149
431 80
432 478
433 58
434 416
435 150
436 424
437 171
438 93
439 212
440 400
441 28
442 256
443 533
444 562
445 399
446 402
447 111
448 202
449 466
450 530
451 459
452 361
453 415
454 351
455 590
456 590
457 39
458 21
459 469
460 492
461 298
462 284
463 76
464 120
465 402
466 244
467 7
468 135
469 555
470 98
471 509
472 229
473 120
474 11
475 463
476 326
477 463
478 220
479 106
480 242
481 255
482 539
483 345
484 267
485 380
486 144
487 243
488 405
489 111
490 0
491 444
492 204
493 270
494 500
495 81
496 548
497 107
498 57
499 481
500 293
501 11
502 351
503 161
504 206
505 542
506 86
507 137
508 114
509 310
510 322
511 507
512 528
513 164
514 596
515 244
516 72
517 200
518 300
519 119
520 577
521 341
522 90
523 126
524 225
525 479
526 380
527 246
528 302
529 566
530 285
531 592
532 169
533 445
534 261
535 474
536 403
537 346
538 496
539 519
540 506
541 470
542 64
543 504
544 70
545 480
546 158
547 118
548 499
549 422
550 543
551 20
552 407
553 243
554 264
555 54
556 196
557 261
558 238
559 285
560 75
561 193
562 2
563 456
564 395
565 534
566 595
567 339
568 569
569 514
570 95
571 360
572 140
573 344
574 264
575 355
576 371
577 208
578 443
579 128
580 14
581 587
582 557
583 285
584 195
585 62
586 109
587 594
588 341
589 476
590 112
591 7
592 7
593 132
594 215
595 106
596 8
