0 382
1 471
2 137
3 389
4 548
5 10
6 190
7 210
8 376
9 74
10 24
11 535
12 76
13 360
14 304
15 426
16 90
17 14
18 252
19 425
20 87
21 247
22 151
23 393
24 482
25 549
26 350
27 424
28 394
29 45
30 11
31 436
32 59
33 270
34 36
35 523
36 264
37 364
38 249
39 565
40 360
41 338
42 15
43 231
44 341
45 109
46 379
47 0
48 539
49 428
50 552
51 553
52 486
53 98
54 463
55 320
56 263
57 184
58 143
59 181
60 1
61 430
62 347
63 494
64 327
65 227
66 515
67 315
68 65
69 308
70 130
71 372
72 250
73 430
74 341
75 199
76 451
77 372
78 317
79 185
80 345
81 145
82 142
83 279
84 594
85 386
86 485
87 165
88 420
89 454
90 584
91 494
92 118
93 491
94 389
95 95
96 92
97 163
98 473
99 486
100 420
101 293
102 162
103 182
104 310
105 433
106 61
107 568
108 487
109 272
110 106
111 141
112 79
113 79
114 196
115 113
116 129
117 545
118 376
119 418
120 270
121 255
122 79
123 255
124 131
125 231
126 596
127 268
128 39
129 407
130 68
131 230
132 75
133 386
134 296
135 253
136 148
137 188
138 21
139 218
140 397
141 203
142 12
143 537
144 153
145 48
146 147
147 153
148 148
149 90
150 473
151 354
152 490
153 301
154 380
155 414
156 503
157 366
158 278
159 7
160 589
161 430
162 386
163 383
164 257
165 302
166 513
167 392
168 587
169 235
170 255
171 359
172 21
173 201
174 205
175 34
176 108
177 486
178 123
179 41
180 363
181 515
182 532
183 374
184 299
185 514
186 10
187 526
188 407
189 381
190 252
191 455
192 452
193 555
194 464
195 326
196 385
197 590
198 436
199 348
200 492
201 21
202 203
203 310
204 230
205 409
206 54
207 18
208 39
209 131
210 62
211 377
212 264
213 237
214 105
215 170
216 65
217 87
218 448
219 261
220 524
221 481
222 567
223 139
224 407
225 443
226 181
227 157
228 481
229 499
230 461
231 270
232 476
233 540
234 120
235 513
236 135
237 275
238 447
239 563
240 280
241 316
242 447
243 243
244 86
245 526
246 398
247 359
248 39
249 262
250 225
251 239
252 387
253 504
254 77
255 536
256 405
257 430
258 406
259 439
260 277
261 525
262 437
263 99
264 171
265 147
266 7
267 443
268 543
269 468
270 110
271 162
272 198
273 153
274 119
275 533
276 348
277 171
278 115
279 144
280 171
281 191
282 103
283 4
284 144
285 102
286 143
287 105
288 564
289 75
290 122
291 420
292 165
293 107
294 143
295 590
296 386
297 389
298 307
299 268
300 436
301 579
302 586
303 367
304 468
305 347
306 247
307 30
308 333
309 594
310 317
311 46
312 501
313 414
314 519
315 401
316 372
317 68
318 50
319 74
320 280
321 408
322 584
323 357
324 114
325 31
326 170
327 216
328 579
329 204
330 544
331 266
332 537
333 151
334 419
335 353
336 448
337 169
338 529
339 107
340 580
341 148
342 4
343 90
344 437
345 347
346 39
347 399
348 454
349 561
350 495
351 206
352 139
353 429
354 535
355 383
356 213
357 448
358 349
359 515
360 86
361 206
362 148
363 191
364 144
365 418
366 475
367 435
368 270
369 252
370 489
371 591
372 230
373 59
374 168
375 150
376 339
377 141
378 328
379 596
380 405
381 40
382 444
383 409
384 400
385 592
386 385
387 582
388 496
389 32
390 275
391 578
392 166
393 181
394 472
395 572
396 510
397 506
398 159
399 305
400 227
401 561
402 493
403 448
404 128
405 262
406 194
407 476
408 232
409 396
410 371
411 124
412 292
413 13
414 322
415 149
416 326
417 574
418 299
419 436
420 22
421 399
422 112
423 577
424 593
425 228
426 380
427 255
428 331
429 68
430 502
431 579
432 80
433 507
434 419
435 98
436 190
437 282
438 10
439 561
440 46
441 222
442 5
443 21
444 496
445 296
446 41
447 390
448 554
449 528
450 199
451 111
452 152
453 101
454 184
455 535
456 54
457 105
458 88
459 183
460 407
461 352
462 526
463 105
464 308
465 3
466 218
467 573
468 21
469 396
470 304
471 587
472 139
473 187
474 330
475 197
476 254
477 277
478 200
479 87
480 575
481 40
482 509
483 131
484 273
485 98
486 196
487 115
488 195
489 239
490 66
491 546
492 332
493 509
494 407
495 60
496 547
497 311
498 402
499 469
500 412
501 581
502 443
503 63
504 589
505 175
506 596
507 191
508 373
509 405
510 451
511 525
512 278
513 219
514 175
515 192
516 125
517 417
518 311
519 488
520 39
521 19
522 123
523 310
524 525
525 200
526 217
527 65
528 354
529 371
530 393
531 460
532 386
533 330
534 260
535 259
536 248
537 302
538 397
539 498
540 394
541 275
542 170
543 182
544 201
545 405
546 99
547 101
548 65
549 596
550 57
551 166
552 507
553 391
554 353
555 365
556 17
557 582
558 461
559 109
560 208
561 329
562 309
563 314
564 404
565 510
566 409
567 213
568 319
569 537
570 485
571 412
572 337
573 157
574 142
575 127
576 505
577 491
578 105
579 400
580 228
581 122
582 1
583 76
584 260
585 407
586 283
587 135
588 523
589 83
590 321
591 166
592 251
593 415
594 386
595 80
596 451
0 478
1 116
2 159
3 389
4 205
5 10
6 190
7 225
8 490
9 74
10 24
11 54
12 61
13 111
14 520
15 426
16 90
17 14
18 295
19 580
20 8
21 247
22 262
23 393
24 270
25 549
26 448
27 180
28 394
29 128
30 11
31 446
32 28
33 328
34 333
35 523
36 264
37 292
38 140
39 318
40 360
41 12
42 346
43 170
44 341
45 109
46 483
47 423
48 506
49 207
50 552
51 553
52 486
53 202
54 309
55 320
56 303
57 184
58 142
59 433
60 1
61 567
62 347
63 494
64 327
65 227
66 515
67 515
68 468
69 308
70 143
71 578
72 250
73 430
74 84
75 505
76 302
77 372
78 317
79 275
80 345
81 517
82 130
83 136
84 594
85 307
86 485
87 165
88 420
89 374
90 12
91 494
92 118
93 128
94 389
95 95
96 233
97 518
98 479
99 304
100 245
101 96
102 162
103 196
104 267
105 272
106 61
107 568
108 487
109 334
110 100
111 582
112 79
113 390
114 196
115 264
116 219
117 557
118 48
119 212
120 270
121 255
122 79
123 255
124 330
125 231
126 596
127 544
128 26
129 407
130 68
131 88
132 75
133 436
134 296
135 253
136 148
137 248
138 307
139 122
140 397
141 160
142 315
143 150
144 135
145 39
146 165
147 153
148 225
149 467
150 371
151 116
152 490
153 301
154 443
155 414
156 503
157 554
158 293
159 126
160 589
161 430
162 558
163 188
164 546
165 326
166 513
167 175
168 410
169 235
170 255
171 290
172 33
173 201
174 205
175 34
176 333
177 526
178 123
179 41
180 363
181 202
182 532
183 567
184 299
185 287
186 179
187 526
188 210
189 357
190 562
191 128
192 37
193 81
194 307
195 326
196 179
197 505
198 390
199 348
200 331
201 202
202 273
203 28
204 317
205 454
206 54
207 45
208 39
209 131
210 487
211 377
212 264
213 558
214 280
215 306
216 65
217 279
218 74
219 261
220 159
221 481
222 242
223 139
224 348
225 443
226 181
227 551
228 220
229 326
230 348
231 252
232 433
233 540
234 303
235 513
236 306
237 391
238 447
239 209
240 103
241 564
242 454
243 460
244 216
245 526
246 398
247 457
248 39
249 262
250 225
251 426
252 387
253 504
254 77
255 378
256 583
257 32
258 406
259 439
260 158
261 300
262 437
263 357
264 171
265 514
266 7
267 443
268 8
269 452
270 110
271 162
272 198
273 153
274 234
275 533
276 348
277 559
278 201
279 144
280 171
281 11
282 169
283 381
284 144
285 102
286 305
287 341
288 369
289 75
290 220
291 76
292 129
293 107
294 171
295 590
296 85
297 472
298 158
299 447
300 46
301 596
302 586
303 139
304 461
305 589
306 58
307 30
308 86
309 457
310 317
311 46
312 121
313 414
314 519
315 401
316 447
317 68
318 50
319 74
320 275
321 408
322 481
323 380
324 399
325 228
326 170
327 385
328 579
329 239
330 202
331 438
332 537
333 151
334 43
335 85
336 290
337 169
338 529
339 123
340 580
341 148
342 4
343 483
344 595
345 448
346 39
347 471
348 92
349 561
350 381
351 206
352 139
353 282
354 535
355 234
356 453
357 488
358 260
359 242
360 86
361 22
362 596
363 533
364 144
365 418
366 133
367 435
368 270
369 500
370 355
371 352
372 403
373 59
374 168
375 150
376 307
377 141
378 328
379 68
380 417
381 50
382 318
383 164
384 396
385 592
386 33
387 132
388 496
389 63
390 275
391 578
392 314
393 165
394 472
395 572
396 510
397 439
398 159
399 305
400 36
401 39
402 384
403 448
404 6
405 197
406 517
407 390
408 232
409 122
410 216
411 124
412 310
413 102
414 322
415 149
416 357
417 574
418 337
419 238
420 446
421 46
422 392
423 577
424 593
425 81
426 452
427 255
428 546
429 390
430 374
431 579
432 80
433 310
434 25
435 321
436 104
437 486
438 276
439 260
440 46
441 222
442 5
443 21
444 149
445 296
446 41
447 341
448 554
449 248
450 378
451 31
452 488
453 101
454 184
455 238
456 304
457 303
458 12
459 61
460 343
461 11
462 526
463 81
464 224
465 359
466 460
467 531
468 112
469 396
470 304
471 453
472 559
473 328
474 259
475 520
476 73
477 233
478 200
479 87
480 575
481 451
482 509
483 139
484 69
485 593
486 196
487 115
488 195
489 360
490 66
491 546
492 332
493 335
494 407
495 60
496 303
497 311
498 146
499 267
500 412
501 581
502 18
503 431
504 589
505 466
506 381
507 191
508 103
509 543
510 145
511 500
512 278
513 232
514 193
515 472
516 125
517 266
518 311
519 160
520 39
521 208
522 506
523 310
524 525
525 200
526 217
527 219
528 354
529 57
530 333
531 383
532 538
533 289
534 545
535 259
536 328
537 429
538 333
539 498
540 394
541 275
542 170
543 182
544 250
545 56
546 99
547 437
548 420
549 596
550 57
551 166
552 507
553 351
554 353
555 18
556 17
557 346
558 469
559 587
560 208
561 10
562 407
563 538
564 404
565 454
566 409
567 27
568 319
569 272
570 485
571 412
572 309
573 506
574 200
575 459
576 296
577 518
578 105
579 21
580 131
581 122
582 1
583 238
584 186
585 321
586 283
587 135
588 9
589 250
590 449
591 166
592 249
593 415
594 386
595 265
596 302
