0 168
1 287
2 371
3 529
4 407
5 6
6 456
7 565
8 385
9 534
10 146
11 30
12 107
13 230
14 145
15 197
16 322
17 22
18 42
19 129
20 210
21 237
22 136
23 54
24 495
25 248
26 125
27 525
28 498
29 358
30 383
31 355
32 3
33 218
34 102
35 78
36 49
37 421
38 443
39 222
40 21
41 443
42 339
43 61
44 242
45 230
46 95
47 228
48 353
49 580
50 58
51 246
52 336
53 242
54 45
55 68
56 289
57 97
58 319
59 203
60 444
61 261
62 427
63 154
64 100
65 531
66 34
67 38
68 162
69 413
70 201
71 211
72 329
73 236
74 353
75 346
76 49
77 305
78 559
79 314
80 439
81 506
82 30
83 320
84 596
85 113
86 122
87 213
88 248
89 320
90 281
91 496
92 456
93 434
94 546
95 336
96 359
97 522
98 7
99 579
100 45
101 56
102 382
103 460
104 342
105 188
106 304
107 427
108 215
109 434
110 102
111 157
112 586
113 199
114 197
115 73
116 510
117 251
118 50
119 33
120 164
121 309
122 560
123 594
124 207
125 198
126 175
127 129
128 133
129 6
130 181
131 354
132 175
133 390
134 312
135 73
136 83
137 117
138 310
139 521
140 393
141 137
142 566
143 144
144 374
145 112
146 183
147 330
148 251
149 589
150 225
151 188
152 116
153 374
154 251
155 482
156 314
157 13
158 58
159 462
160 524
161 594
162 394
163 293
164 79
165 478
166 65
167 578
168 479
169 161
170 249
171 504
172 247
173 438
174 361
175 477
176 125
177 427
178 595
179 417
180 240
181 31
182 304
183 340
184 565
185 219
186 39
187 300
188 455
189 422
190 235
191 135
192 30
193 307
194 344
195 63
196 486
197 449
198 67
199 294
200 365
201 399
202 126
203 198
204 12
205 450
206 536
207 170
208 479
209 226
210 226
211 462
212 18
213 428
214 198
215 288
216 279
217 488
218 486
219 229
220 122
221 429
222 474
223 189
224 29
225 485
226 431
227 557
228 575
229 355
230 490
231 558
232 328
233 410
234 267
235 242
236 201
237 171
238 295
239 510
240 417
241 222
242 45
243 300
244 562
245 529
246 237
247 0
248 351
249 488
250 240
251 337
252 229
253 406
254 507
255 567
256 416
257 44
258 428
259 124
260 381
261 146
262 58
263 575
264 468
265 475
266 260
267 112
268 348
269 194
270 361
271 509
272 523
273 442
274 421
275 270
276 220
277 574
278 479
279 348
280 61
281 387
282 161
283 274
284 373
285 263
286 373
287 121
288 531
289 184
290 114
291 49
292 90
293 585
294 466
295 88
296 458
297 201
298 31
299 304
300 484
301 289
302 147
303 48
304 3
305 138
306 129
307 195
308 215
309 2
310 186
311 206
312 33
313 9
314 381
315 371
316 355
317 239
318 220
319 80
320 466
321 27
322 170
323 369
324 227
325 109
326 428
327 421
328 497
329 58
330 208
331 414
332 311
333 456
334 81
335 70
336 456
337 465
338 46
339 204
340 147
341 363
342 491
343 335
344 181
345 50
346 166
347 407
348 371
349 174
350 279
351 106
352 102
353 44
354 488
355 410
356 79
357 134
358 243
359 552
360 544
361 560
362 8
363 223
364 354
365 466
366 188
367 220
368 72
369 13
370 1
371 52
372 215
373 477
374 129
375 86
376 488
377 228
378 577
379 243
380 193
381 536
382 534
383 326
384 6
385 308
386 136
387 432
388 295
389 75
390 96
391 33
392 319
393 377
394 583
395 168
396 498
397 535
398 138
399 419
400 362
401 68
402 495
403 170
404 227
405 182
406 334
407 300
408 249
409 242
410 205
411 359
412 509
413 495
414 474
415 128
416 537
417 430
418 229
419 390
420 256
421 417
422 138
423 113
424 504
425 570
426 318
427 238
428 56
429 335
430 437
431 205
432 469
433 388
434 145
435 202
436 453
437 367
438 81
439 389
440 553
441 140
442 587
443 17
444 537
445 326
446 233
447 582
448 415
449 531
450 381
451 212
452 480
453 162
454 41
455 155
456 592
457 452
458 359
459 367
460 79
461 87
462 389
463 496
464 566
465 398
466 581
467 249
468 585
469 363
470 499
471 225
472 468
473 591
474 481
475 554
476 300
477 412
478 529
479 468
480 568
481 408
482 496
483 222
484 178
485 228
486 40
487 593
488 153
489 121
490 167
491 55
492 141
493 224
494 350
495 106
496 345
497 277
498 469
499 281
500 169
501 349
502 164
503 157
504 172
505 26
506 238
507 33
508 405
509 514
510 299
511 189
512 584
513 105
514 58
515 324
516 221
517 487
518 350
519 477
520 471
521 285
522 581
523 347
524 11
525 282
526 199
527 481
528 78
529 343
530 228
531 483
532 258
533 135
534 293
535 203
536 552
537 519
538 296
539 427
540 33
541 305
542 327
543 16
544 241
545 312
546 148
547 101
548 2
549 549
550 563
551 291
552 82
553 350
554 47
555 222
556 67
557 110
558 404
559 553
560 167
561 161
562 268
563 418
564 331
565 565
566 533
567 177
568 32
569 9
570 49
571 276
572 589
573 166
574 473
575 130
576 257
577 430
578 6
579 235
580 300
581 215
582 412
583 458
584 444
585 174
586 83
587 41
588 353
589 433
590 364
591 509
592 50
593 349
594 285
595 5
596 439
0 168
1 287
2 281
3 514
4 390
5 6
6 456
7 115
8 362
9 345
10 130
11 467
12 61
13 230
14 145
15 197
16 322
17 22
18 42
19 450
20 379
21 119
22 221
23 548
24 197
25 254
26 125
27 525
28 498
29 363
30 383
31 428
32 3
33 62
34 102
35 184
36 323
37 1
38 180
39 592
40 21
41 443
42 339
43 61
44 242
45 350
46 95
47 504
48 45
49 580
50 585
51 460
52 144
53 242
54 418
55 138
56 289
57 97
58 497
59 434
60 180
61 261
62 585
63 154
64 578
65 531
66 34
67 38
68 251
69 413
70 201
71 396
72 212
73 512
74 78
75 154
76 309
77 580
78 265
79 314
80 37
81 458
82 589
83 320
84 596
85 113
86 320
87 20
88 410
89 322
90 251
91 305
92 585
93 434
94 290
95 336
96 430
97 515
98 7
99 196
100 103
101 315
102 490
103 460
104 339
105 582
106 304
107 427
108 399
109 434
110 78
111 157
112 335
113 432
114 332
115 532
116 24
117 122
118 557
119 46
120 239
121 186
122 71
123 594
124 274
125 198
126 175
127 489
128 133
129 6
130 232
131 337
132 175
133 489
134 312
135 125
136 83
137 117
138 189
139 521
140 413
141 137
142 452
143 151
144 486
145 573
146 183
147 330
148 237
149 362
150 420
151 446
152 116
153 374
154 251
155 464
156 502
157 13
158 58
159 548
160 475
161 44
162 394
163 168
164 79
165 309
166 172
167 541
168 479
169 451
170 339
171 49
172 247
173 438
174 185
175 382
176 125
177 427
178 50
179 436
180 135
181 31
182 189
183 384
184 347
185 462
186 262
187 300
188 165
189 422
190 488
191 135
192 152
193 307
194 32
195 342
196 528
197 449
198 344
199 475
200 365
201 399
202 126
203 198
204 455
205 511
206 410
207 539
208 479
209 50
210 226
211 377
212 265
213 160
214 198
215 288
216 279
217 551
218 486
219 229
220 122
221 429
222 224
223 237
224 521
225 310
226 9
227 557
228 575
229 355
230 243
231 478
232 328
233 378
234 148
235 416
236 191
237 171
238 295
239 309
240 417
241 222
242 295
243 443
244 174
245 101
246 290
247 0
248 4
249 531
250 240
251 411
252 229
253 406
254 468
255 305
256 416
257 61
258 98
259 288
260 381
261 146
262 218
263 575
264 468
265 353
266 260
267 112
268 348
269 194
270 202
271 509
272 523
273 274
274 59
275 270
276 220
277 574
278 417
279 442
280 275
281 98
282 405
283 274
284 373
285 61
286 365
287 235
288 94
289 184
290 68
291 150
292 90
293 585
294 420
295 88
296 458
297 201
298 573
299 108
300 484
301 289
302 147
303 48
304 3
305 138
306 252
307 341
308 333
309 403
310 469
311 206
312 137
313 404
314 493
315 317
316 45
317 132
318 217
319 152
320 466
321 27
322 170
323 515
324 392
325 502
326 428
327 421
328 497
329 195
330 208
331 414
332 410
333 456
334 3
335 225
336 351
337 269
338 310
339 204
340 187
341 363
342 371
343 335
344 502
345 407
346 166
347 415
348 192
349 460
350 528
351 181
352 102
353 418
354 488
355 410
356 319
357 134
358 149
359 137
360 60
361 396
362 8
363 474
364 354
365 466
366 469
367 137
368 29
369 13
370 503
371 52
372 552
373 356
374 532
375 86
376 226
377 549
378 83
379 315
380 193
381 475
382 76
383 326
384 6
385 251
386 76
387 432
388 75
389 75
390 99
391 183
392 319
393 377
394 583
395 396
396 321
397 535
398 138
399 517
400 208
401 212
402 536
403 407
404 553
405 89
406 334
407 300
408 249
409 242
410 560
411 359
412 552
413 259
414 547
415 192
416 192
417 12
418 229
419 390
420 43
421 422
422 138
423 424
424 240
425 246
426 318
427 336
428 296
429 228
430 236
431 205
432 133
433 388
434 145
435 502
436 453
437 473
438 174
439 389
440 553
441 522
442 156
443 121
444 556
445 2
446 463
447 582
448 315
449 531
450 381
451 212
452 528
453 136
454 196
455 104
456 592
457 452
458 68
459 367
460 79
461 348
462 389
463 330
464 398
465 88
466 352
467 128
468 585
469 552
470 499
471 552
472 367
473 144
474 46
475 130
476 381
477 42
478 529
479 163
480 336
481 408
482 240
483 259
484 91
485 228
486 430
487 593
488 371
489 121
490 423
491 236
492 141
493 322
494 485
495 106
496 345
497 25
498 69
499 6
500 169
501 349
502 164
503 157
504 274
505 95
506 238
507 43
508 405
509 16
510 391
511 189
512 410
513 105
514 58
515 324
516 221
517 487
518 314
519 477
520 72
521 300
522 396
523 428
524 243
525 384
526 539
527 481
528 52
529 241
530 228
531 483
532 437
533 135
534 293
535 4
536 254
537 519
538 296
539 30
540 33
541 35
542 327
543 16
544 60
545 287
546 435
547 301
548 249
549 341
550 563
551 291
552 442
553 350
554 213
555 531
556 219
557 110
558 240
559 553
560 167
561 38
562 576
563 418
564 376
565 583
566 528
567 177
568 500
569 419
570 49
571 355
572 277
573 186
574 571
575 130
576 257
577 294
578 6
579 176
580 300
581 243
582 482
583 458
584 444
585 174
586 11
587 41
588 353
589 433
590 364
591 55
592 34
593 519
594 124
595 235
596 163
