0 311
1 256
2 493
3 465
4 133
5 188
6 469
7 77
8 118
9 471
10 431
11 134
12 19
13 88
14 481
15 78
16 60
17 445
18 226
19 546
20 460
21 596
22 369
23 162
24 552
25 351
26 544
27 260
28 378
29 167
30 98
31 104
32 311
33 473
34 386
35 470
36 13
37 258
38 559
39 323
40 387
41 289
42 234
43 252
44 279
45 505
46 130
47 36
48 494
49 159
50 541
51 548
52 520
53 169
54 211
55 108
56 66
57 427
58 505
59 291
60 232
61 9
62 527
63 78
64 353
65 369
66 353
67 288
68 515
69 16
70 394
71 83
72 218
73 504
74 530
75 115
76 352
77 447
78 221
79 179
80 585
81 143
82 87
83 592
84 588
85 297
86 225
87 15
88 23
89 334
90 265
91 291
92 450
93 252
94 149
95 442
96 100
97 248
98 238
99 376
100 458
101 380
102 7
103 521
104 475
105 50
106 486
107 534
108 409
109 590
110 339
111 398
112 529
113 322
114 163
115 61
116 467
117 391
118 556
119 460
120 167
121 377
122 315
123 589
124 130
125 39
126 325
127 234
128 178
129 231
130 264
131 168
132 492
133 242
134 42
135 202
136 378
137 503
138 246
139 58
140 513
141 130
142 531
143 257
144 249
145 436
146 34
147 407
148 33
149 574
150 138
151 450
152 148
153 225
154 67
155 147
156 475
157 331
158 72
159 104
160 0
161 381
162 96
163 572
164 129
165 398
166 139
167 394
168 206
169 566
170 433
171 147
172 595
173 505
174 483
175 234
176 571
177 511
178 365
179 140
180 432
181 195
182 293
183 59
184 246
185 402
186 76
187 47
188 459
189 341
190 355
191 80
192 43
193 333
194 45
195 145
196 530
197 81
198 339
199 194
200 399
201 316
202 422
203 265
204 547
205 346
206 312
207 424
208 41
209 229
210 100
211 582
212 525
213 445
214 518
215 158
216 401
217 563
218 417
219 16
220 150
221 396
222 126
223 566
224 194
225 355
226 536
227 577
228 138
229 443
230 225
231 145
232 50
233 510
234 112
235 442
236 574
237 200
238 544
239 355
240 138
241 295
242 18
243 118
244 426
245 180
246 74
247 308
248 180
249 93
250 174
251 66
252 20
253 43
254 343
255 58
256 529
257 285
258 290
259 216
260 277
261 548
262 405
263 482
264 310
265 565
266 278
267 250
268 570
269 524
270 538
271 377
272 307
273 528
274 259
275 89
276 399
277 183
278 76
279 382
280 200
281 116
282 232
283 25
284 138
285 501
286 486
287 209
288 1
289 587
290 177
291 79
292 513
293 257
294 513
295 501
296 47
297 277
298 244
299 175
300 523
301 534
302 542
303 297
304 185
305 317
306 595
307 568
308 341
309 182
310 301
311 184
312 384
313 490
314 458
315 222
316 149
317 32
318 51
319 529
320 164
321 85
322 408
323 340
324 502
325 6
326 89
327 418
328 484
329 146
330 283
331 118
332 474
333 397
334 352
335 467
336 415
337 422
338 11
339 347
340 549
341 227
342 107
343 63
344 282
345 127
346 91
347 68
348 474
349 251
350 55
351 377
352 13
353 391
354 436
355 50
356 238
357 135
358 354
359 410
360 416
361 582
362 74
363 174
364 198
365 77
366 540
367 242
368 84
369 553
370 595
371 196
372 142
373 262
374 154
375 194
376 494
377 576
378 538
379 312
380 242
381 181
382 130
383 480
384 232
385 422
386 263
387 126
388 132
389 489
390 151
391 121
392 141
393 202
394 19
395 215
396 520
397 412
398 148
399 102
400 572
401 501
402 377
403 583
404 413
405 398
406 89
407 530
408 52
409 414
410 316
411 575
412 503
413 364
414 70
415 140
416 338
417 164
418 469
419 403
420 162
421 42
422 91
423 343
424 253
425 97
426 274
427 423
428 219
429 112
430 392
431 311
432 271
433 531
434 13
435 312
436 59
437 323
438 80
439 295
440 14
441 198
442 578
443 530
444 2
445 280
446 256
447 135
448 147
449 225
450 449
451 77
452 398
453 145
454 143
455 468
456 460
457 152
458 588
459 100
460 192
461 402
462 402
463 570
464 118
465 123
466 473
467 82
468 74
469 137
470 359
471 442
472 414
473 399
474 176
475 559
476 186
477 408
478 191
479 427
480 3
481 416
482 497
483 287
484 63
485 82
486 90
487 292
488 152
489 487
490 554
491 213
492 224
493 105
494 543
495 587
496 36
497 262
498 46
499 542
500 119
501 82
502 573
503 29
504 546
505 297
506 584
507 340
508 142
509 129
510 571
511 582
512 70
513 92
514 551
515 561
516 155
517 368
518 48
519 33
520 242
521 565
522 352
523 276
524 509
525 2
526 588
527 239
528 43
529 421
530 329
531 417
532 574
533 485
534 510
535 405
536 370
537 432
538 485
539 174
540 264
541 274
542 253
543 294
544 405
545 326
546 454
547 203
548 227
549 435
550 512
551 199
552 565
553 247
554 200
555 219
556 219
557 88
558 279
559 386
560 262
561 225
562 458
563 39
564 115
565 391
566 478
567 377
568 62
569 533
570 210
571 267
572 383
573 568
574 497
575 415
576 384
577 338
578 256
579 202
580 14
581 548
582 225
583 94
584 446
585 469
586 543
587 401
588 311
589 386
590 390
591 87
592 132
593 246
594 44
595 391
596 426
0 311
1 256
2 311
3 465
4 302
5 188
6 469
7 430
8 446
9 228
10 380
11 134
12 384
13 391
14 154
15 460
16 60
17 445
18 62
19 493
20 460
21 596
22 82
23 162
24 552
25 351
26 517
27 260
28 378
29 534
30 595
31 28
32 75
33 473
34 487
35 470
36 163
37 258
38 559
39 500
40 387
41 289
42 234
43 39
44 279
45 505
46 555
47 36
48 494
49 578
50 296
51 548
52 158
53 497
54 211
55 108
56 66
57 226
58 254
59 492
60 232
61 9
62 3
63 78
64 493
65 369
66 353
67 288
68 515
69 464
70 122
71 83
72 316
73 227
74 530
75 565
76 352
77 106
78 335
79 179
80 506
81 360
82 107
83 88
84 27
85 477
86 225
87 15
88 51
89 284
90 212
91 390
92 508
93 311
94 282
95 334
96 100
97 66
98 573
99 376
100 458
101 380
102 7
103 336
104 475
105 50
106 486
107 41
108 368
109 529
110 339
111 287
112 529
113 322
114 163
115 494
116 504
117 391
118 469
119 460
120 167
121 592
122 58
123 297
124 507
125 39
126 325
127 332
128 178
129 94
130 264
131 168
132 492
133 586
134 42
135 411
136 454
137 377
138 225
139 58
140 513
141 145
142 308
143 90
144 349
145 436
146 34
147 473
148 33
149 574
150 138
151 223
152 148
153 225
154 203
155 364
156 239
157 405
158 508
159 104
160 48
161 381
162 96
163 572
164 521
165 398
166 385
167 99
168 310
169 566
170 171
171 368
172 595
173 505
174 572
175 36
176 551
177 26
178 365
179 140
180 356
181 195
182 293
183 59
184 322
185 402
186 76
187 412
188 459
189 185
190 355
191 551
192 43
193 199
194 453
195 145
196 530
197 68
198 180
199 33
200 399
201 169
202 94
203 265
204 547
205 346
206 455
207 424
208 41
209 229
210 100
211 582
212 525
213 445
214 518
215 463
216 401
217 448
218 417
219 16
220 152
221 493
222 126
223 566
224 194
225 147
226 536
227 265
228 570
229 545
230 76
231 154
232 50
233 502
234 160
235 472
236 120
237 200
238 544
239 355
240 138
241 292
242 18
243 118
244 426
245 259
246 593
247 44
248 180
249 93
250 325
251 292
252 14
253 506
254 343
255 469
256 328
257 580
258 426
259 115
260 277
261 265
262 405
263 482
264 310
265 565
266 278
267 531
268 570
269 524
270 538
271 428
272 44
273 197
274 418
275 89
276 399
277 183
278 106
279 558
280 200
281 116
282 305
283 434
284 56
285 13
286 330
287 209
288 512
289 587
290 177
291 355
292 109
293 593
294 102
295 501
296 47
297 277
298 152
299 236
300 523
301 534
302 138
303 340
304 185
305 297
306 408
307 169
308 46
309 517
310 482
311 135
312 384
313 490
314 456
315 150
316 149
317 32
318 51
319 422
320 164
321 85
322 408
323 231
324 467
325 6
326 323
327 397
328 26
329 146
330 335
331 31
332 588
333 375
334 414
335 467
336 415
337 206
338 549
339 232
340 60
341 428
342 362
343 508
344 282
345 99
346 91
347 268
348 474
349 251
350 55
351 377
352 210
353 3
354 436
355 24
356 49
357 135
358 354
359 132
360 416
361 60
362 74
363 174
364 198
365 591
366 181
367 242
368 84
369 457
370 587
371 196
372 142
373 136
374 154
375 194
376 450
377 106
378 538
379 312
380 242
381 181
382 172
383 242
384 259
385 539
386 263
387 126
388 132
389 63
390 151
391 157
392 270
393 202
394 19
395 215
396 520
397 296
398 148
399 474
400 572
401 501
402 377
403 583
404 482
405 270
406 89
407 530
408 393
409 414
410 316
411 575
412 503
413 364
414 158
415 390
416 338
417 103
418 469
419 403
420 430
421 280
422 91
423 363
424 300
425 206
426 533
427 414
428 315
429 25
430 392
431 592
432 582
433 531
434 13
435 11
436 59
437 323
438 80
439 295
440 14
441 590
442 266
443 529
444 93
445 376
446 256
447 135
448 502
449 441
450 360
451 77
452 90
453 145
454 5
455 495
456 2
457 109
458 226
459 5
460 329
461 39
462 262
463 173
464 542
465 584
466 473
467 479
468 122
469 456
470 18
471 442
472 414
473 123
474 446
475 559
476 205
477 408
478 304
479 110
480 125
481 138
482 497
483 287
484 341
485 415
486 90
487 77
488 284
489 487
490 94
491 177
492 224
493 227
494 138
495 112
496 36
497 261
498 110
499 386
500 119
501 82
502 573
503 266
504 301
505 143
506 592
507 341
508 142
509 129
510 585
511 164
512 70
513 138
514 169
515 561
516 155
517 244
518 48
519 33
520 242
521 297
522 352
523 476
524 509
525 355
526 588
527 239
528 43
529 421
530 34
531 417
532 574
533 485
534 510
535 405
536 545
537 317
538 495
539 174
540 264
541 274
542 253
543 294
544 236
545 0
546 454
547 285
548 571
549 523
550 163
551 305
552 565
553 247
554 335
555 178
556 33
557 88
558 36
559 386
560 262
561 225
562 527
563 39
564 115
565 391
566 355
567 377
568 284
569 533
570 541
571 296
572 304
573 568
574 489
575 213
576 170
577 338
578 256
579 202
580 14
581 548
582 319
583 552
584 533
585 84
586 387
587 401
588 0
589 386
590 390
591 40
592 132
593 141
594 253
595 435
596 122
