0 172
1 413
2 133
3 573
4 13
5 516
6 201
7 156
8 186
9 50
10 402
11 375
12 89
13 8
14 228
15 425
16 468
17 384
18 193
19 487
20 41
21 161
22 342
23 253
24 570
25 541
26 143
27 171
28 592
29 266
30 591
31 266
32 225
33 373
34 86
35 271
36 314
37 147
38 513
39 185
40 401
41 516
42 209
43 169
44 495
45 314
46 137
47 183
48 98
49 322
50 535
51 373
52 443
53 480
54 575
55 423
56 94
57 322
58 180
59 482
60 21
61 482
62 592
63 521
64 502
65 121
66 543
67 472
68 65
69 120
70 426
71 488
72 315
73 210
74 557
75 267
76 5
77 77
78 314
79 326
80 484
81 332
82 276
83 210
84 406
85 46
86 237
87 576
88 425
89 470
90 422
91 466
92 421
93 513
94 330
95 519
96 91
97 99
98 279
99 591
100 120
101 167
102 348
103 170
104 285
105 325
106 319
107 399
108 481
109 571
110 135
111 457
112 579
113 406
114 159
115 384
116 508
117 315
118 263
119 321
120 209
121 143
122 301
123 277
124 443
125 281
126 482
127 139
128 323
129 102
130 211
131 197
132 43
133 384
134 305
135 578
136 407
137 123
138 302
139 192
140 81
141 381
142 63
143 145
144 44
145 237
146 349
147 142
148 552
149 299
150 77
151 375
152 282
153 248
154 338
155 173
156 403
157 159
158 303
159 549
160 500
161 127
162 425
163 49
164 167
165 85
166 406
167 576
168 110
169 163
170 142
171 72
172 543
173 383
174 365
175 359
176 191
177 142
178 334
179 315
180 520
181 306
182 555
183 565
184 543
185 389
186 93
187 194
188 392
189 393
190 79
191 194
192 524
193 480
194 248
195 332
196 50
197 365
198 511
199 169
200 40
201 269
202 34
203 303
204 484
205 15
206 585
207 74
208 159
209 293
210 120
211 241
212 295
213 420
214 581
215 555
216 584
217 226
218 461
219 226
220 294
221 542
222 83
223 244
224 444
225 206
226 88
227 318
228 511
229 382
230 443
231 179
232 525
233 571
234 493
235 426
236 308
237 530
238 161
239 61
240 12
241 559
242 77
243 23
244 483
245 138
246 322
247 579
248 237
249 176
250 553
251 331
252 232
253 463
254 16
255 569
256 183
257 313
258 195
259 111
260 186
261 544
262 542
263 48
264 179
265 275
266 91
267 499
268 302
269 98
270 91
271 160
272 65
273 18
274 525
275 357
276 110
277 2
278 112
279 33
280 441
281 541
282 135
283 361
284 422
285 74
286 22
287 47
288 256
289 526
290 125
291 138
292 579
293 162
294 327
295 349
296 97
297 358
298 176
299 286
300 28
301 581
302 527
303 322
304 555
305 378
306 214
307 155
308 93
309 47
310 223
311 169
312 438
313 16
314 524
315 76
316 83
317 464
318 248
319 450
320 139
321 91
322 526
323 322
324 489
325 89
326 427
327 280
328 112
329 271
330 217
331 106
332 533
333 230
334 244
335 332
336 552
337 134
338 185
339 95
340 315
341 401
342 560
343 417
344 480
345 215
346 4
347 67
348 368
349 388
350 351
351 264
352 296
353 562
354 257
355 319
356 433
357 467
358 390
359 207
360 436
361 118
362 198
363 317
364 516
365 148
366 216
367 360
368 128
369 294
370 340
371 550
372 389
373 205
374 366
375 137
376 346
377 576
378 111
379 431
380 476
381 39
382 437
383 389
384 363
385 103
386 341
387 386
388 297
389 243
390 507
391 104
392 223
393 481
394 126
395 496
396 590
397 135
398 371
399 424
400 452
401 235
402 28
403 197
404 538
405 311
406 190
407 438
408 107
409 178
410 105
411 90
412 81
413 524
414 395
415 167
416 390
417 392
418 79
419 146
420 467
421 546
422 186
423 428
424 144
425 425
426 159
427 343
428 335
429 338
430 388
431 270
432 253
433 532
434 270
435 555
436 407
437 150
438 80
439 3
440 410
441 84
442 212
443 340
444 161
445 103
446 431
447 39
448 154
449 109
450 276
451 416
452 462
453 50
454 521
455 443
456 231
457 21
458 75
459 67
460 281
461 512
462 55
463 509
464 469
465 592
466 87
467 342
468 163
469 371
470 351
471 117
472 359
473 571
474 241
475 441
476 74
477 485
478 116
479 563
480 329
481 46
482 498
483 235
484 483
485 88
486 568
487 485
488 119
489 293
490 433
491 353
492 169
493 183
494 485
495 257
496 134
497 16
498 347
499 475
500 39
501 14
502 486
503 159
504 506
505 380
506 540
507 529
508 31
509 340
510 95
511 470
512 476
513 516
514 53
515 209
516 179
517 61
518 539
519 31
520 595
521 162
522 45
523 69
524 532
525 254
526 360
527 323
528 144
529 186
530 380
531 350
532 554
533 364
534 446
535 280
536 502
537 484
538 88
539 582
540 229
541 427
542 122
543 256
544 200
545 448
546 506
547 404
548 453
549 563
550 294
551 352
552 253
553 545
554 53
555 244
556 152
557 115
558 307
559 439
560 520
561 161
562 186
563 191
564 528
565 113
566 109
567 239
568 438
569 421
570 360
571 112
572 264
573 163
574 44
575 167
576 324
577 368
578 482
579 92
580 150
581 429
582 294
583 567
584 245
585 328
586 254
587 196
588 259
589 54
590 277
591 426
592 492
593 76
594 549
595 424
596 70
0 578
1 413
2 133
3 302
4 73
5 516
6 98
7 156
8 157
9 50
10 402
11 266
12 546
13 8
14 228
15 425
16 468
17 384
18 577
19 538
20 224
21 161
22 342
23 487
24 570
25 271
26 347
27 255
28 55
29 6
30 376
31 402
32 403
33 93
34 86
35 195
36 314
37 184
38 141
39 213
40 401
41 516
42 135
43 169
44 83
45 471
46 570
47 183
48 98
49 322
50 535
51 357
52 443
53 379
54 575
55 423
56 94
57 549
58 180
59 482
60 221
61 482
62 592
63 521
64 502
65 121
66 543
67 315
68 48
69 77
70 214
71 257
72 550
73 247
74 359
75 182
76 5
77 333
78 221
79 326
80 484
81 32
82 276
83 193
84 12
85 46
86 237
87 38
88 425
89 17
90 422
91 449
92 285
93 513
94 330
95 589
96 91
97 99
98 279
99 438
100 109
101 498
102 348
103 118
104 285
105 519
106 319
107 399
108 481
109 571
110 135
111 305
112 490
113 406
114 159
115 384
116 275
117 353
118 263
119 319
120 70
121 546
122 301
123 98
124 443
125 206
126 482
127 251
128 42
129 213
130 211
131 56
132 13
133 15
134 512
135 578
136 302
137 270
138 183
139 192
140 101
141 165
142 345
143 66
144 299
145 30
146 29
147 154
148 552
149 299
150 77
151 375
152 282
153 267
154 116
155 572
156 403
157 159
158 236
159 226
160 447
161 127
162 379
163 371
164 368
165 85
166 7
167 103
168 110
169 307
170 180
171 443
172 478
173 383
174 375
175 359
176 200
177 88
178 334
179 552
180 560
181 270
182 555
183 465
184 363
185 389
186 93
187 295
188 451
189 365
190 79
191 194
192 551
193 69
194 254
195 332
196 50
197 214
198 511
199 169
200 262
201 269
202 34
203 234
204 174
205 39
206 585
207 331
208 218
209 323
210 120
211 425
212 295
213 244
214 194
215 54
216 584
217 226
218 533
219 226
220 303
221 327
222 83
223 220
224 0
225 541
226 381
227 318
228 64
229 382
230 115
231 485
232 525
233 371
234 493
235 426
236 274
237 204
238 161
239 61
240 200
241 559
242 77
243 263
244 518
245 138
246 322
247 181
248 430
249 176
250 254
251 387
252 232
253 463
254 16
255 40
256 183
257 395
258 195
259 111
260 385
261 434
262 542
263 234
264 539
265 137
266 91
267 60
268 176
269 98
270 563
271 160
272 65
273 18
274 525
275 557
276 122
277 2
278 146
279 33
280 137
281 396
282 135
283 361
284 422
285 74
286 22
287 118
288 256
289 526
290 125
291 138
292 501
293 162
294 327
295 349
296 258
297 8
298 449
299 369
300 331
301 82
302 576
303 381
304 555
305 378
306 214
307 99
308 93
309 47
310 171
311 528
312 438
313 181
314 576
315 76
316 83
317 464
318 248
319 450
320 139
321 435
322 526
323 40
324 153
325 89
326 105
327 241
328 112
329 271
330 217
331 574
332 472
333 186
334 374
335 332
336 78
337 553
338 132
339 95
340 135
341 72
342 486
343 417
344 270
345 269
346 557
347 67
348 368
349 429
350 444
351 264
352 557
353 184
354 257
355 505
356 433
357 6
358 241
359 207
360 363
361 434
362 573
363 317
364 516
365 148
366 139
367 373
368 379
369 294
370 340
371 550
372 389
373 354
374 366
375 571
376 346
377 172
378 287
379 431
380 238
381 130
382 362
383 274
384 300
385 103
386 341
387 386
388 297
389 121
390 507
391 104
392 80
393 189
394 126
395 496
396 198
397 135
398 587
399 230
400 498
401 593
402 406
403 19
404 538
405 311
406 8
407 438
408 518
409 557
410 90
411 312
412 81
413 524
414 395
415 167
416 220
417 392
418 79
419 146
420 186
421 546
422 493
423 451
424 144
425 172
426 9
427 531
428 181
429 156
430 388
431 560
432 253
433 532
434 37
435 555
436 153
437 150
438 326
439 3
440 410
441 489
442 332
443 460
444 161
445 103
446 431
447 99
448 364
449 559
450 276
451 22
452 338
453 419
454 521
455 443
456 548
457 213
458 400
459 67
460 423
461 512
462 68
463 509
464 469
465 8
466 487
467 231
468 457
469 238
470 284
471 470
472 359
473 2
474 241
475 552
476 258
477 455
478 116
479 1
480 498
481 442
482 565
483 235
484 47
485 256
486 568
487 485
488 395
489 226
490 423
491 147
492 71
493 183
494 70
495 79
496 503
497 16
498 347
499 475
500 546
501 419
502 439
503 479
504 420
505 270
506 540
507 529
508 31
509 340
510 308
511 470
512 476
513 280
514 443
515 307
516 179
517 3
518 302
519 31
520 595
521 148
522 45
523 184
524 532
525 286
526 461
527 83
528 362
529 186
530 380
531 350
532 554
533 505
534 264
535 388
536 471
537 367
538 583
539 582
540 454
541 245
542 122
543 325
544 200
545 396
546 585
547 221
548 453
549 56
550 399
551 157
552 471
553 550
554 53
555 244
556 398
557 325
558 439
559 566
560 520
561 581
562 191
563 191
564 528
565 113
566 569
567 239
568 326
569 421
570 241
571 112
572 428
573 163
574 44
575 167
576 192
577 368
578 25
579 92
580 485
581 429
582 294
583 143
584 481
585 328
586 254
587 196
588 259
589 406
590 277
591 426
592 492
593 133
594 375
595 424
596 152
