0 255
1 218
2 447
3 475
4 219
5 322
6 397
7 556
8 164
9 19
10 75
11 327
12 500
13 79
14 544
15 219
16 5
17 270
18 565
19 399
20 500
21 261
22 434
23 372
24 63
25 408
26 496
27 138
28 180
29 414
30 593
31 274
32 63
33 580
34 466
35 301
36 33
37 484
38 581
39 85
40 488
41 241
42 183
43 383
44 92
45 268
46 229
47 335
48 203
49 260
50 195
51 314
52 300
53 500
54 81
55 87
56 145
57 513
58 107
59 475
60 158
61 13
62 212
63 11
64 584
65 367
66 288
67 334
68 504
69 293
70 590
71 482
72 375
73 557
74 144
75 566
76 458
77 209
78 247
79 517
80 188
81 152
82 24
83 437
84 125
85 463
86 392
87 274
88 348
89 326
90 203
91 261
92 247
93 31
94 291
95 337
96 516
97 544
98 322
99 207
100 40
101 379
102 142
103 412
104 551
105 60
106 343
107 169
108 140
109 62
110 187
111 31
112 475
113 102
114 91
115 506
116 107
117 446
118 240
119 491
120 348
121 290
122 325
123 575
124 516
125 569
126 350
127 9
128 450
129 513
130 105
131 532
132 199
133 215
134 2
135 457
136 563
137 184
138 413
139 80
140 61
141 5
142 504
143 498
144 187
145 265
146 533
147 514
148 384
149 101
150 490
151 515
152 526
153 122
154 232
155 435
156 88
157 14
158 281
159 235
160 584
161 436
162 586
163 243
164 121
165 8
166 332
167 59
168 47
169 57
170 480
171 564
172 179
173 527
174 574
175 3
176 484
177 154
178 378
179 497
180 441
181 497
182 226
183 498
184 294
185 529
186 513
187 7
188 152
189 279
190 164
191 582
192 340
193 403
194 426
195 198
196 542
197 456
198 55
199 346
200 424
201 0
202 73
203 388
204 369
205 516
206 416
207 509
208 302
209 54
210 270
211 373
212 444
213 133
214 577
215 272
216 477
217 381
218 391
219 45
220 553
221 46
222 584
223 414
224 423
225 586
226 513
227 380
228 158
229 399
230 351
231 471
232 207
233 322
234 255
235 511
236 586
237 86
238 163
239 303
240 116
241 196
242 237
243 46
244 513
245 349
246 499
247 222
248 376
249 82
250 267
251 194
252 61
253 469
254 275
255 285
256 326
257 544
258 314
259 405
260 125
261 381
262 231
263 496
264 292
265 415
266 494
267 139
268 123
269 109
270 38
271 584
272 518
273 388
274 123
275 57
276 429
277 10
278 4
279 146
280 288
281 118
282 127
283 86
284 547
285 71
286 443
287 249
288 366
289 535
290 96
291 165
292 456
293 411
294 224
295 397
296 268
297 67
298 552
299 528
300 36
301 186
302 224
303 456
304 265
305 63
306 154
307 574
308 150
309 516
310 511
311 124
312 234
313 374
314 353
315 382
316 301
317 268
318 516
319 532
320 237
321 17
322 56
323 493
324 270
325 57
326 521
327 368
328 29
329 48
330 394
331 307
332 473
333 105
334 549
335 193
336 70
337 515
338 17
339 226
340 484
341 346
342 491
343 595
344 383
345 100
346 386
347 149
348 302
349 256
350 515
351 346
352 308
353 432
354 24
355 358
356 215
357 558
358 458
359 62
360 83
361 406
362 287
363 381
364 153
365 314
366 543
367 272
368 507
369 125
370 402
371 349
372 426
373 505
374 79
375 338
376 448
377 428
378 85
379 14
380 404
381 361
382 519
383 148
384 404
385 59
386 505
387 133
388 259
389 580
390 290
391 571
392 463
393 0
394 482
395 529
396 258
397 137
398 525
399 328
400 447
401 248
402 467
403 184
404 47
405 288
406 223
407 439
408 587
409 308
410 500
411 345
412 506
413 113
414 185
415 466
416 244
417 332
418 150
419 151
420 2
421 161
422 146
423 506
424 151
425 165
426 315
427 480
428 25
429 70
430 387
431 392
432 260
433 570
434 215
435 346
436 183
437 161
438 240
439 517
440 217
441 295
442 523
443 153
444 137
445 390
446 73
447 3
448 272
449 116
450 367
451 423
452 243
453 472
454 484
455 262
456 363
457 544
458 200
459 470
460 501
461 297
462 364
463 199
464 88
465 101
466 224
467 571
468 232
469 424
470 186
471 28
472 58
473 549
474 467
475 343
476 391
477 579
478 215
479 532
480 384
481 219
482 417
483 145
484 386
485 359
486 225
487 28
488 48
489 1
490 140
491 197
492 390
493 133
494 460
495 38
496 148
497 115
498 471
499 578
500 470
501 493
502 508
503 371
504 12
505 582
506 345
507 161
508 320
509 354
510 296
511 195
512 317
513 183
514 175
515 247
516 40
517 419
518 263
519 78
520 447
521 337
522 154
523 236
524 145
525 187
526 113
527 124
528 18
529 433
530 9
531 283
532 48
533 295
534 334
535 346
536 566
537 148
538 529
539 66
540 421
541 328
542 480
543 202
544 87
545 507
546 177
547 22
548 159
549 518
550 349
551 39
552 60
553 332
554 249
555 416
556 30
557 518
558 426
559 39
560 495
561 188
562 350
563 560
564 400
565 433
566 59
567 448
568 418
569 91
570 508
571 506
572 487
573 127
574 375
575 358
576 410
577 92
578 17
579 478
580 395
581 76
582 512
583 263
584 119
585 213
586 572
587 203
588 152
589 378
590 552
591 217
592 549
593 586
594 189
595 14
596 183
0 294
1 547
2 23
3 91
4 219
5 484
6 199
7 301
8 546
9 19
10 379
11 327
12 195
13 48
14 544
15 297
16 5
17 267
18 252
19 101
20 500
21 550
22 434
23 574
24 232
25 300
26 496
27 138
28 361
29 370
30 310
31 50
32 63
33 580
34 443
35 360
36 204
37 558
38 102
39 530
40 80
41 97
42 165
43 383
44 92
45 268
46 190
47 335
48 203
49 260
50 328
51 314
52 457
53 455
54 148
55 138
56 145
57 111
58 179
59 251
60 158
61 13
62 137
63 551
64 584
65 345
66 288
67 334
68 434
69 530
70 590
71 482
72 397
73 79
74 415
75 326
76 567
77 507
78 247
79 517
80 351
81 152
82 24
83 437
84 125
85 399
86 215
87 514
88 348
89 2
90 203
91 395
92 225
93 298
94 579
95 337
96 569
97 544
98 322
99 517
100 40
101 541
102 142
103 390
104 551
105 183
106 343
107 169
108 238
109 103
110 568
111 31
112 475
113 330
114 91
115 506
116 174
117 578
118 240
119 567
120 348
121 290
122 325
123 248
124 44
125 8
126 350
127 482
128 442
129 513
130 405
131 532
132 583
133 215
134 2
135 185
136 563
137 184
138 413
139 229
140 451
141 262
142 211
143 125
144 481
145 232
146 533
147 514
148 384
149 291
150 490
151 515
152 339
153 230
154 232
155 10
156 551
157 506
158 251
159 235
160 584
161 436
162 508
163 243
164 34
165 192
166 332
167 121
168 47
169 514
170 182
171 313
172 99
173 36
174 67
175 3
176 212
177 366
178 452
179 497
180 471
181 497
182 134
183 498
184 563
185 529
186 256
187 7
188 379
189 225
190 488
191 582
192 340
193 226
194 426
195 594
196 542
197 456
198 444
199 502
200 424
201 43
202 579
203 347
204 511
205 516
206 26
207 123
208 7
209 54
210 270
211 244
212 444
213 133
214 59
215 272
216 227
217 381
218 50
219 45
220 553
221 383
222 14
223 78
224 201
225 586
226 530
227 313
228 58
229 399
230 351
231 307
232 207
233 339
234 314
235 421
236 319
237 86
238 378
239 303
240 116
241 196
242 237
243 27
244 312
245 349
246 499
247 73
248 376
249 45
250 290
251 194
252 433
253 44
254 486
255 285
256 326
257 23
258 134
259 405
260 125
261 483
262 554
263 288
264 10
265 415
266 163
267 139
268 385
269 345
270 38
271 584
272 518
273 31
274 35
275 57
276 25
277 10
278 4
279 111
280 381
281 454
282 54
283 86
284 132
285 125
286 421
287 249
288 366
289 170
290 96
291 464
292 456
293 483
294 356
295 180
296 268
297 87
298 552
299 528
300 16
301 186
302 379
303 456
304 122
305 63
306 24
307 7
308 150
309 516
310 511
311 124
312 234
313 374
314 554
315 100
316 301
317 268
318 516
319 532
320 566
321 582
322 56
323 493
324 270
325 459
326 521
327 531
328 67
329 48
330 394
331 307
332 17
333 105
334 549
335 388
336 70
337 541
338 17
339 361
340 129
341 415
342 77
343 58
344 134
345 216
346 386
347 171
348 400
349 256
350 515
351 28
352 180
353 42
354 421
355 358
356 215
357 558
358 458
359 129
360 48
361 118
362 287
363 381
364 153
365 196
366 569
367 272
368 391
369 125
370 342
371 325
372 426
373 505
374 388
375 338
376 106
377 428
378 85
379 436
380 404
381 361
382 185
383 196
384 404
385 59
386 505
387 133
388 509
389 96
390 290
391 571
392 153
393 0
394 482
395 529
396 506
397 137
398 396
399 328
400 293
401 248
402 467
403 270
404 47
405 469
406 476
407 439
408 587
409 225
410 279
411 345
412 506
413 99
414 185
415 466
416 244
417 328
418 150
419 402
420 2
421 161
422 551
423 52
424 333
425 97
426 315
427 399
428 378
429 70
430 387
431 500
432 260
433 35
434 215
435 457
436 183
437 161
438 240
439 420
440 260
441 295
442 376
443 341
444 137
445 349
446 21
447 512
448 145
449 116
450 434
451 548
452 243
453 355
454 484
455 262
456 527
457 491
458 22
459 117
460 444
461 297
462 364
463 199
464 88
465 101
466 224
467 148
468 232
469 273
470 186
471 423
472 58
473 549
474 449
475 466
476 391
477 579
478 587
479 324
480 384
481 82
482 417
483 279
484 386
485 359
486 543
487 575
488 587
489 1
490 140
491 437
492 390
493 455
494 433
495 38
496 148
497 34
498 471
499 530
500 247
501 506
502 56
503 371
504 232
505 582
506 345
507 430
508 572
509 390
510 349
511 195
512 146
513 11
514 175
515 247
516 297
517 419
518 263
519 591
520 447
521 337
522 154
523 253
524 145
525 187
526 226
527 144
528 99
529 433
530 9
531 204
532 440
533 295
534 334
535 198
536 566
537 148
538 96
539 421
540 421
541 40
542 410
543 202
544 87
545 20
546 177
547 22
548 532
549 518
550 349
551 175
552 305
553 332
554 372
555 534
556 363
557 518
558 217
559 208
560 495
561 596
562 503
563 560
564 400
565 525
566 59
567 584
568 524
569 91
570 508
571 110
572 260
573 127
574 24
575 482
576 513
577 454
578 17
579 73
580 395
581 365
582 430
583 263
584 119
585 213
586 572
587 203
588 540
589 378
590 581
591 217
592 549
593 242
594 189
595 115
596 183
