0 198
1 210
2 155
3 189
4 16
5 12
6 380
7 82
8 157
9 579
10 198
11 369
12 11
13 471
14 450
15 47
16 34
17 446
18 572
19 384
20 513
21 110
22 275
23 0
24 300
25 115
26 325
27 335
28 452
29 575
30 320
31 279
32 89
33 466
34 144
35 128
36 236
37 468
38 8
39 259
40 122
41 251
42 204
43 468
44 232
45 221
46 390
47 339
48 171
49 94
50 568
51 384
52 113
53 2
54 197
55 277
56 243
57 64
58 338
59 309
60 507
61 484
62 420
63 468
64 470
65 585
66 326
67 115
68 398
69 78
70 114
71 5
72 97
73 340
74 38
75 176
76 595
77 34
78 336
79 160
80 428
81 375
82 591
83 415
84 498
85 305
86 594
87 471
88 99
89 343
90 383
91 439
92 423
93 72
94 322
95 209
96 500
97 399
98 317
99 320
100 26
101 177
102 140
103 460
104 432
105 384
106 510
107 403
108 350
109 163
110 393
111 405
112 327
113 257
114 577
115 62
116 81
117 276
118 532
119 463
120 400
121 87
122 250
123 306
124 361
125 500
126 462
127 530
128 377
129 51
130 55
131 349
132 453
133 400
134 462
135 77
136 53
137 391
138 556
139 503
140 591
141 564
142 101
143 564
144 380
145 448
146 563
147 85
148 79
149 337
150 199
151 303
152 59
153 383
154 568
155 371
156 96
157 12
158 243
159 565
160 587
161 583
162 206
163 490
164 594
165 564
166 564
167 354
168 472
169 255
170 430
171 590
172 458
173 390
174 346
175 413
176 428
177 346
178 119
179 552
180 155
181 309
182 416
183 199
184 203
185 322
186 364
187 259
188 432
189 251
190 405
191 475
192 208
193 238
194 151
195 152
196 473
197 310
198 86
199 21
200 114
201 195
202 562
203 124
204 248
205 64
206 315
207 192
208 555
209 263
210 87
211 214
212 585
213 413
214 506
215 178
216 74
217 68
218 220
219 341
220 406
221 593
222 282
223 557
224 581
225 129
226 130
227 76
228 285
229 518
230 375
231 197
232 258
233 322
234 571
235 494
236 19
237 549
238 385
239 255
240 498
241 568
242 227
243 151
244 169
245 476
246 312
247 6
248 405
249 163
250 62
251 399
252 557
253 161
254 583
255 166
256 0
257 333
258 293
259 576
260 476
261 320
262 279
263 595
264 496
265 179
266 54
267 175
268 487
269 546
270 89
271 439
272 330
273 265
274 423
275 63
276 496
277 457
278 501
279 376
280 575
281 251
282 186
283 586
284 7
285 2
286 216
287 181
288 489
289 183
290 439
291 51
292 249
293 329
294 401
295 79
296 30
297 92
298 214
299 409
300 595
301 231
302 591
303 306
304 137
305 329
306 349
307 210
308 244
309 514
310 426
311 192
312 546
313 3
314 131
315 44
316 490
317 290
318 511
319 90
320 43
321 149
322 321
323 568
324 428
325 397
326 553
327 16
328 104
329 458
330 540
331 203
332 584
333 276
334 486
335 226
336 576
337 368
338 93
339 211
340 483
341 228
342 353
343 156
344 523
345 284
346 292
347 168
348 419
349 301
350 585
351 593
352 396
353 278
354 443
355 26
356 191
357 243
358 424
359 558
360 105
361 348
362 564
363 448
364 207
365 448
366 71
367 302
368 91
369 243
370 98
371 565
372 198
373 185
374 67
375 474
376 530
377 412
378 74
379 215
380 267
381 238
382 165
383 76
384 537
385 489
386 334
387 113
388 51
389 514
390 152
391 296
392 263
393 591
394 307
395 379
396 463
397 249
398 338
399 359
400 217
401 465
402 527
403 524
404 84
405 69
406 1
407 542
408 69
409 590
410 470
411 284
412 68
413 165
414 7
415 166
416 349
417 356
418 529
419 0
420 263
421 204
422 451
423 408
424 215
425 472
426 358
427 133
428 95
429 468
430 304
431 369
432 318
433 313
434 335
435 402
436 357
437 510
438 158
439 241
440 43
441 10
442 96
443 232
444 259
445 419
446 233
447 310
448 319
449 416
450 111
451 158
452 566
453 91
454 515
455 367
456 171
457 337
458 427
459 511
460 81
461 393
462 263
463 529
464 276
465 163
466 142
467 505
468 317
469 586
470 345
471 394
472 81
473 50
474 329
475 294
476 76
477 111
478 80
479 594
480 163
481 526
482 473
483 555
484 275
485 115
486 420
487 467
488 554
489 324
490 137
491 112
492 326
493 352
494 307
495 403
496 149
497 86
498 37
499 42
500 377
501 340
502 435
503 49
504 497
505 8
506 384
507 297
508 377
509 21
510 93
511 194
512 287
513 380
514 149
515 533
516 523
517 321
518 230
519 133
520 6
521 329
522 108
523 1
524 381
525 109
526 596
527 334
528 360
529 151
530 332
531 393
532 189
533 403
534 469
535 42
536 533
537 385
538 525
539 164
540 360
541 226
542 75
543 267
544 424
545 526
546 324
547 455
548 533
549 270
550 474
551 424
552 188
553 585
554 160
555 249
556 110
557 259
558 548
559 580
560 360
561 186
562 536
563 377
564 213
565 205
566 399
567 567
568 538
569 202
570 454
571 573
572 152
573 594
574 431
575 532
576 573
577 256
578 70
579 360
580 61
581 5
582 311
583 124
584 430
585 175
586 515
587 472
588 471
589 396
590 104
591 18
592 406
593 270
594 10
595 495
596 547
0 198
1 210
2 155
3 549
4 16
5 404
6 380
7 225
8 157
9 374
10 198
11 161
12 11
13 562
14 450
15 281
16 170
17 575
18 572
19 188
20 513
21 110
22 275
23 0
24 43
25 115
26 535
27 14
28 400
29 355
30 320
31 263
32 525
33 385
34 448
35 128
36 236
37 103
38 478
39 76
40 122
41 251
42 204
43 85
44 232
45 321
46 390
47 339
48 289
49 94
50 211
51 240
52 113
53 2
54 197
55 277
56 243
57 129
58 338
59 309
60 507
61 484
62 420
63 468
64 470
65 225
66 326
67 115
68 286
69 129
70 500
71 5
72 151
73 340
74 514
75 390
76 595
77 34
78 336
79 160
80 428
81 236
82 479
83 186
84 442
85 305
86 584
87 385
88 99
89 343
90 85
91 439
92 423
93 547
94 322
95 209
96 91
97 399
98 80
99 284
100 152
101 412
102 140
103 90
104 432
105 384
106 510
107 403
108 250
109 425
110 384
111 405
112 327
113 257
114 373
115 167
116 207
117 276
118 532
119 463
120 400
121 87
122 234
123 306
124 361
125 500
126 98
127 513
128 353
129 128
130 391
131 349
132 255
133 400
134 493
135 77
136 53
137 261
138 556
139 360
140 591
141 301
142 554
143 40
144 18
145 448
146 373
147 8
148 79
149 337
150 199
151 265
152 77
153 383
154 186
155 371
156 223
157 480
158 243
159 565
160 587
161 583
162 206
163 490
164 427
165 544
166 381
167 354
168 460
169 255
170 430
171 590
172 292
173 384
174 346
175 413
176 428
177 346
178 508
179 196
180 557
181 331
182 568
183 199
184 203
185 508
186 593
187 561
188 432
189 200
190 405
191 53
192 30
193 238
194 170
195 240
196 473
197 308
198 86
199 67
200 114
201 195
202 562
203 351
204 113
205 418
206 68
207 88
208 33
209 263
210 56
211 214
212 386
213 413
214 18
215 309
216 72
217 543
218 449
219 523
220 460
221 22
222 405
223 557
224 15
225 508
226 130
227 76
228 285
229 518
230 375
231 395
232 373
233 322
234 118
235 134
236 412
237 549
238 385
239 255
240 348
241 244
242 227
243 560
244 237
245 476
246 42
247 331
248 448
249 163
250 442
251 472
252 557
253 161
254 583
255 166
256 578
257 493
258 293
259 312
260 476
261 320
262 279
263 472
264 468
265 11
266 494
267 237
268 575
269 546
270 89
271 439
272 372
273 383
274 423
275 63
276 230
277 457
278 28
279 376
280 498
281 593
282 64
283 586
284 139
285 143
286 386
287 181
288 448
289 437
290 475
291 427
292 317
293 329
294 377
295 450
296 318
297 92
298 214
299 404
300 235
301 308
302 341
303 62
304 102
305 329
306 349
307 210
308 244
309 111
310 426
311 149
312 216
313 3
314 131
315 44
316 557
317 88
318 343
319 90
320 43
321 149
322 106
323 465
324 428
325 397
326 553
327 245
328 371
329 458
330 374
331 100
332 183
333 583
334 486
335 532
336 576
337 42
338 93
339 211
340 420
341 359
342 588
343 455
344 18
345 410
346 320
347 202
348 139
349 301
350 429
351 9
352 558
353 548
354 443
355 26
356 596
357 112
358 457
359 231
360 224
361 348
362 171
363 448
364 96
365 401
366 79
367 403
368 91
369 243
370 98
371 565
372 198
373 181
374 123
375 474
376 484
377 427
378 74
379 215
380 168
381 527
382 165
383 76
384 397
385 517
386 15
387 454
388 159
389 250
390 318
391 42
392 341
393 416
394 307
395 49
396 463
397 348
398 338
399 144
400 217
401 465
402 527
403 524
404 84
405 387
406 74
407 455
408 118
409 590
410 247
411 253
412 68
413 40
414 7
415 166
416 533
417 491
418 529
419 498
420 452
421 204
422 215
423 408
424 215
425 472
426 481
427 133
428 356
429 179
430 447
431 177
432 98
433 313
434 2
435 414
436 357
437 535
438 4
439 241
440 43
441 10
442 101
443 232
444 259
445 419
446 233
447 310
448 535
449 400
450 111
451 158
452 566
453 140
454 515
455 367
456 171
457 592
458 427
459 343
460 271
461 393
462 553
463 529
464 276
465 212
466 142
467 505
468 317
469 586
470 21
471 483
472 275
473 593
474 156
475 139
476 453
477 111
478 561
479 397
480 163
481 526
482 473
483 15
484 32
485 115
486 271
487 467
488 507
489 59
490 547
491 581
492 86
493 156
494 307
495 181
496 268
497 107
498 49
499 42
500 458
501 340
502 435
503 49
504 50
505 143
506 38
507 402
508 24
509 21
510 496
511 194
512 287
513 380
514 149
515 479
516 357
517 321
518 134
519 43
520 408
521 70
522 108
523 1
524 447
525 109
526 495
527 24
528 360
529 151
530 550
531 393
532 189
533 199
534 203
535 42
536 134
537 385
538 525
539 502
540 360
541 226
542 429
543 559
544 424
545 526
546 251
547 248
548 533
549 494
550 474
551 424
552 188
553 593
554 160
555 512
556 110
557 20
558 491
559 580
560 360
561 42
562 508
563 377
564 500
565 235
566 399
567 472
568 150
569 268
570 454
571 573
572 37
573 351
574 431
575 532
576 573
577 149
578 393
579 360
580 478
581 359
582 311
583 124
584 430
585 450
586 293
587 338
588 130
589 396
590 104
591 18
592 138
593 230
594 10
595 495
596 547
