0 536
1 196
2 107
3 121
4 366
5 460
6 156
7 535
8 249
9 237
10 97
11 451
12 392
13 532
14 595
15 571
16 348
17 346
18 193
19 200
20 172
21 553
22 525
23 490
24 449
25 594
26 88
27 392
28 523
29 282
30 482
31 182
32 236
33 209
34 584
35 54
36 511
37 324
38 332
39 501
40 542
41 116
42 154
43 67
44 179
45 573
46 424
47 250
48 22
49 58
50 437
51 177
52 362
53 63
54 493
55 451
56 65
57 158
58 18
59 339
60 439
61 208
62 270
63 21
64 527
65 128
66 496
67 151
68 75
69 330
70 64
71 526
72 89
73 127
74 182
75 402
76 132
77 198
78 42
79 401
80 195
81 543
82 232
83 538
84 519
85 107
86 333
87 181
88 141
89 566
90 514
91 433
92 362
93 64
94 65
95 287
96 235
97 165
98 381
99 481
100 590
101 211
102 416
103 208
104 278
105 574
106 67
107 140
108 419
109 157
110 10
111 195
112 134
113 560
114 5
115 289
116 390
117 423
118 444
119 188
120 456
121 400
122 322
123 112
124 376
125 303
126 131
127 587
128 51
129 518
130 91
131 588
132 493
133 221
134 276
135 294
136 62
137 486
138 446
139 305
140 347
141 29
142 454
143 519
144 191
145 14
146 277
147 438
148 531
149 331
150 356
151 99
152 421
153 3
154 267
155 203
156 458
157 418
158 186
159 402
160 522
161 399
162 500
163 493
164 414
165 238
166 462
167 232
168 268
169 276
170 557
171 232
172 445
173 242
174 26
175 98
176 440
177 123
178 396
179 31
180 92
181 349
182 445
183 389
184 560
185 126
186 429
187 557
188 97
189 596
190 87
191 140
192 175
193 106
194 505
195 327
196 48
197 471
198 219
199 425
200 321
201 346
202 117
203 318
204 336
205 148
206 411
207 366
208 25
209 469
210 169
211 434
212 384
213 440
214 242
215 16
216 220
217 42
218 556
219 356
220 42
221 526
222 334
223 359
224 133
225 435
226 174
227 412
228 572
229 271
230 270
231 486
232 458
233 468
234 392
235 232
236 252
237 405
238 416
239 442
240 484
241 12
242 163
243 514
244 448
245 560
246 190
247 279
248 106
249 468
250 381
251 455
252 3
253 256
254 46
255 595
256 162
257 487
258 187
259 231
260 157
261 355
262 294
263 196
264 15
265 329
266 238
267 7
268 221
269 2
270 323
271 294
272 0
273 193
274 312
275 466
276 232
277 274
278 527
279 568
280 84
281 535
282 199
283 286
284 57
285 181
286 138
287 460
288 125
289 437
290 335
291 238
292 533
293 60
294 508
295 410
296 36
297 432
298 94
299 284
300 584
301 117
302 494
303 61
304 159
305 448
306 57
307 309
308 157
309 547
310 7
311 61
312 309
313 564
314 109
315 282
316 74
317 223
318 530
319 32
320 327
321 563
322 127
323 200
324 520
325 172
326 352
327 288
328 267
329 255
330 428
331 3
332 468
333 391
334 424
335 144
336 25
337 48
338 560
339 192
340 594
341 170
342 131
343 143
344 580
345 390
346 447
347 315
348 546
349 541
350 215
351 526
352 529
353 170
354 55
355 37
356 291
357 132
358 451
359 569
360 483
361 450
362 20
363 187
364 352
365 191
366 513
367 244
368 446
369 93
370 69
371 563
372 532
373 382
374 349
375 552
376 3
377 76
378 434
379 257
380 454
381 111
382 291
383 260
384 282
385 6
386 294
387 476
388 192
389 185
390 9
391 274
392 403
393 192
394 530
395 548
396 8
397 205
398 236
399 225
400 490
401 409
402 343
403 165
404 587
405 134
406 579
407 77
408 290
409 150
410 369
411 133
412 131
413 136
414 477
415 208
416 472
417 458
418 541
419 500
420 409
421 433
422 569
423 271
424 231
425 178
426 135
427 440
428 426
429 23
430 425
431 104
432 63
433 203
434 114
435 282
436 208
437 142
438 279
439 304
440 388
441 321
442 477
443 364
444 368
445 26
446 535
447 362
448 219
449 433
450 136
451 173
452 74
453 590
454 582
455 453
456 564
457 325
458 583
459 536
460 377
461 283
462 583
463 245
464 416
465 343
466 160
467 54
468 531
469 562
470 370
471 301
472 206
473 289
474 321
475 579
476 585
477 35
478 298
479 1
480 319
481 462
482 447
483 398
484 359
485 550
486 579
487 524
488 467
489 298
490 240
491 86
492 414
493 18
494 10
495 240
496 43
497 464
498 575
499 390
500 340
501 568
502 562
503 367
504 284
505 230
506 245
507 29
508 587
509 440
510 333
511 414
512 482
513 249
514 196
515 305
516 411
517 344
518 541
519 192
520 75
521 355
522 486
523 330
524 181
525 26
526 532
527 475
528 217
529 373
530 450
531 522
532 250
533 568
534 159
535 255
536 155
537 511
538 340
539 368
540 298
541 557
542 0
543 35
544 273
545 333
546 396
547 90
548 141
549 49
550 100
551 570
552 458
553 518
554 523
555 99
556 578
557 461
558 154
559 500
560 235
561 177
562 390
563 576
564 524
565 119
566 462
567 581
568 233
569 324
570 519
571 398
572 35
573 551
574 200
575 535
576 405
577 413
578 567
579 594
580 376
581 554
582 319
583 31
584 125
585 520
586 28
587 573
588 58
589 22
590 63
591 430
592 253
593 52
594 355
595 4
596 328
0 300
1 196
2 230
3 121
4 366
5 473
6 461
7 535
8 515
9 237
10 210
11 451
12 299
13 532
14 595
15 571
16 501
17 346
18 323
19 504
20 115
21 192
22 213
23 186
24 330
25 594
26 88
27 392
28 523
29 8
30 482
31 322
32 241
33 552
34 384
35 482
36 343
37 324
38 332
39 501
40 148
41 549
42 154
43 67
44 428
45 573
46 292
47 255
48 22
49 58
50 437
51 177
52 56
53 63
54 515
55 159
56 65
57 158
58 452
59 339
60 439
61 208
62 423
63 457
64 527
65 124
66 496
67 151
68 102
69 330
70 544
71 101
72 89
73 127
74 589
75 75
76 257
77 261
78 416
79 348
80 195
81 543
82 232
83 577
84 519
85 224
86 3
87 180
88 141
89 133
90 514
91 381
92 362
93 64
94 179
95 287
96 235
97 447
98 62
99 585
100 590
101 211
102 45
103 208
104 278
105 574
106 170
107 378
108 197
109 157
110 10
111 195
112 289
113 314
114 5
115 289
116 94
117 326
118 444
119 146
120 456
121 376
122 363
123 539
124 239
125 385
126 131
127 199
128 125
129 518
130 156
131 588
132 493
133 475
134 411
135 294
136 62
137 80
138 20
139 176
140 328
141 29
142 454
143 455
144 317
145 14
146 277
147 438
148 531
149 268
150 173
151 169
152 421
153 223
154 359
155 203
156 40
157 213
158 186
159 504
160 522
161 399
162 500
163 336
164 233
165 211
166 341
167 232
168 493
169 267
170 433
171 232
172 447
173 35
174 26
175 581
176 440
177 540
178 396
179 31
180 92
181 349
182 300
183 438
184 560
185 82
186 429
187 505
188 314
189 596
190 299
191 140
192 175
193 106
194 505
195 327
196 454
197 435
198 219
199 477
200 395
201 346
202 117
203 318
204 276
205 148
206 266
207 393
208 25
209 469
210 515
211 481
212 576
213 440
214 261
215 16
216 253
217 56
218 556
219 356
220 297
221 58
222 334
223 237
224 133
225 435
226 174
227 530
228 572
229 390
230 270
231 486
232 458
233 262
234 26
235 232
236 383
237 28
238 416
239 482
240 575
241 12
242 360
243 514
244 448
245 560
246 190
247 228
248 106
249 468
250 301
251 349
252 478
253 194
254 409
255 341
256 405
257 81
258 479
259 331
260 157
261 188
262 294
263 343
264 195
265 329
266 238
267 310
268 482
269 78
270 323
271 541
272 254
273 193
274 472
275 564
276 379
277 274
278 317
279 196
280 423
281 535
282 199
283 286
284 494
285 136
286 138
287 460
288 125
289 437
290 335
291 417
292 224
293 60
294 333
295 571
296 36
297 432
298 491
299 238
300 584
301 307
302 335
303 67
304 159
305 131
306 577
307 279
308 81
309 547
310 544
311 594
312 529
313 564
314 109
315 282
316 74
317 328
318 252
319 175
320 327
321 556
322 477
323 200
324 380
325 172
326 565
327 288
328 577
329 572
330 344
331 3
332 506
333 167
334 424
335 525
336 15
337 17
338 560
339 231
340 255
341 455
342 131
343 143
344 580
345 390
346 200
347 190
348 546
349 541
350 215
351 117
352 157
353 170
354 297
355 596
356 242
357 549
358 451
359 569
360 483
361 450
362 20
363 109
364 352
365 191
366 457
367 330
368 75
369 303
370 284
371 563
372 532
373 195
374 467
375 328
376 3
377 76
378 418
379 426
380 3
381 279
382 58
383 535
384 313
385 6
386 294
387 125
388 565
389 185
390 9
391 274
392 525
393 192
394 530
395 493
396 8
397 205
398 290
399 114
400 485
401 41
402 343
403 212
404 587
405 134
406 578
407 77
408 290
409 483
410 369
411 133
412 406
413 328
414 406
415 144
416 150
417 553
418 179
419 369
420 409
421 66
422 204
423 106
424 231
425 479
426 135
427 244
428 426
429 23
430 425
431 104
432 325
433 490
434 245
435 141
436 208
437 406
438 334
439 304
440 18
441 465
442 443
443 364
444 368
445 456
446 535
447 588
448 219
449 183
450 469
451 173
452 74
453 590
454 591
455 545
456 276
457 555
458 522
459 410
460 377
461 283
462 450
463 336
464 416
465 242
466 310
467 547
468 536
469 459
470 370
471 288
472 574
473 289
474 363
475 579
476 378
477 205
478 290
479 1
480 319
481 462
482 488
483 398
484 359
485 550
486 582
487 524
488 104
489 478
490 240
491 86
492 414
493 18
494 150
495 210
496 114
497 399
498 575
499 390
500 263
501 120
502 562
503 367
504 384
505 4
506 295
507 29
508 501
509 440
510 424
511 300
512 193
513 249
514 196
515 305
516 445
517 522
518 397
519 192
520 75
521 154
522 486
523 330
524 181
525 26
526 320
527 323
528 217
529 210
530 194
531 365
532 350
533 568
534 125
535 153
536 155
537 134
538 410
539 180
540 298
541 557
542 8
543 35
544 257
545 333
546 396
547 90
548 141
549 17
550 100
551 357
552 402
553 476
554 375
555 99
556 161
557 262
558 545
559 219
560 235
561 366
562 115
563 576
564 392
565 60
566 70
567 583
568 258
569 331
570 519
571 255
572 35
573 132
574 200
575 584
576 104
577 413
578 567
579 594
580 557
581 554
582 459
583 42
584 125
585 518
586 415
587 182
588 58
589 22
590 61
591 288
592 465
593 52
594 355
595 4
596 328
