0 500
1 532
2 246
3 222
4 528
5 178
6 453
7 281
8 448
9 185
10 73
11 577
12 537
13 469
14 293
15 471
16 419
17 572
18 556
19 199
20 251
21 325
22 149
23 468
24 66
25 191
26 422
27 330
28 541
29 582
30 326
31 269
32 323
33 512
34 109
35 527
36 552
37 19
38 594
39 218
40 427
41 197
42 171
43 200
44 56
45 356
46 496
47 119
48 338
49 370
50 110
51 566
52 52
53 1
54 481
55 133
56 584
57 138
58 567
59 565
60 18
61 556
62 368
63 485
64 432
65 139
66 360
67 125
68 294
69 485
70 30
71 422
72 151
73 509
74 552
75 405
76 200
77 9
78 435
79 577
80 373
81 488
82 404
83 499
84 583
85 488
86 562
87 52
88 13
89 491
90 487
91 8
92 433
93 520
94 187
95 243
96 34
97 522
98 298
99 151
100 556
101 413
102 339
103 139
104 286
105 98
106 6
107 126
108 317
109 148
110 595
111 379
112 432
113 83
114 22
115 260
116 481
117 505
118 309
119 260
120 158
121 457
122 529
123 300
124 24
125 346
126 270
127 515
128 118
129 199
130 412
131 291
132 72
133 98
134 568
135 128
136 408
137 397
138 131
139 327
140 32
141 86
142 439
143 54
144 150
145 278
146 594
147 520
148 128
149 12
150 316
151 473
152 96
153 237
154 465
155 286
156 143
157 389
158 299
159 224
160 219
161 93
162 53
163 569
164 517
165 343
166 242
167 352
168 297
169 192
170 352
171 365
172 526
173 331
174 213
175 147
176 533
177 43
178 403
179 305
180 318
181 12
182 363
183 221
184 40
185 554
186 178
187 328
188 407
189 553
190 285
191 547
192 437
193 425
194 463
195 163
196 212
197 168
198 258
199 487
200 245
201 67
202 572
203 237
204 48
205 177
206 36
207 402
208 212
209 381
210 75
211 517
212 435
213 346
214 30
215 358
216 398
217 479
218 5
219 574
220 357
221 134
222 340
223 171
224 420
225 421
226 570
227 221
228 264
229 330
230 517
231 552
232 324
233 315
234 53
235 66
236 418
237 185
238 54
239 23
240 235
241 465
242 489
243 317
244 81
245 555
246 33
247 269
248 499
249 40
250 442
251 52
252 289
253 93
254 19
255 595
256 423
257 340
258 568
259 475
260 229
261 283
262 298
263 529
264 559
265 360
266 348
267 566
268 195
269 489
270 468
271 17
272 356
273 410
274 502
275 157
276 565
277 397
278 495
279 70
280 156
281 242
282 562
283 446
284 469
285 415
286 166
287 314
288 587
289 458
290 400
291 11
292 263
293 422
294 330
295 392
296 405
297 271
298 45
299 507
300 235
301 481
302 518
303 30
304 312
305 309
306 300
307 121
308 200
309 594
310 593
311 17
312 523
313 578
314 402
315 40
316 50
317 170
318 21
319 399
320 197
321 145
322 560
323 55
324 186
325 83
326 437
327 334
328 278
329 276
330 24
331 263
332 168
333 554
334 130
335 307
336 25
337 253
338 477
339 183
340 256
341 85
342 105
343 326
344 576
345 385
346 516
347 242
348 191
349 414
350 501
351 370
352 213
353 375
354 248
355 416
356 386
357 112
358 237
359 264
360 17
361 276
362 317
363 157
364 337
365 114
366 159
367 469
368 570
369 392
370 477
371 404
372 349
373 336
374 353
375 546
376 548
377 162
378 224
379 211
380 42
381 311
382 86
383 220
384 513
385 374
386 67
387 114
388 407
389 471
390 543
391 3
392 436
393 333
394 62
395 535
396 338
397 297
398 342
399 138
400 368
401 570
402 159
403 52
404 438
405 374
406 545
407 348
408 589
409 221
410 43
411 157
412 262
413 114
414 90
415 83
416 436
417 318
418 180
419 431
420 236
421 55
422 179
423 590
424 229
425 187
426 314
427 237
428 380
429 261
430 414
431 292
432 536
433 25
434 455
435 198
436 592
437 471
438 160
439 114
440 249
441 534
442 129
443 93
444 161
445 340
446 150
447 543
448 173
449 276
450 32
451 95
452 377
453 214
454 11
455 547
456 315
457 438
458 434
459 422
460 210
461 16
462 392
463 471
464 319
465 448
466 143
467 236
468 225
469 415
470 454
471 393
472 49
473 488
474 66
475 457
476 578
477 516
478 206
479 581
480 75
481 271
482 260
483 97
484 466
485 543
486 287
487 532
488 30
489 404
490 595
491 326
492 582
493 14
494 432
495 185
496 317
497 435
498 160
499 588
500 416
501 61
502 344
503 208
504 68
505 410
506 474
507 54
508 283
509 277
510 480
511 435
512 17
513 554
514 333
515 296
516 273
517 183
518 245
519 457
520 508
521 444
522 254
523 379
524 485
525 155
526 28
527 78
528 347
529 515
530 251
531 287
532 374
533 48
534 534
535 314
536 68
537 112
538 489
539 90
540 358
541 19
542 247
543 562
544 445
545 220
546 516
547 396
548 445
549 575
550 43
551 467
552 95
553 139
554 297
555 525
556 585
557 550
558 337
559 65
560 454
561 19
562 45
563 270
564 495
565 400
566 416
567 226
568 79
569 327
570 265
571 304
572 148
573 105
574 36
575 576
576 410
577 243
578 453
579 570
580 256
581 146
582 171
583 526
584 129
585 117
586 595
587 391
588 390
589 395
590 18
591 154
592 161
593 110
594 582
595 231
596 512
0 518
1 583
2 196
3 65
4 561
5 178
6 453
7 281
8 448
9 269
10 73
11 577
12 537
13 469
14 347
15 108
16 419
17 572
18 556
19 65
20 204
21 325
22 8
23 125
24 209
25 537
26 422
27 330
28 541
29 328
30 326
31 569
32 323
33 512
34 109
35 268
36 552
37 19
38 594
39 218
40 291
41 30
42 171
43 25
44 56
45 356
46 557
47 119
48 338
49 370
50 110
51 190
52 52
53 210
54 13
55 133
56 20
57 138
58 356
59 565
60 262
61 295
62 368
63 485
64 432
65 360
66 343
67 125
68 294
69 482
70 540
71 422
72 88
73 345
74 552
75 49
76 471
77 9
78 200
79 577
80 373
81 122
82 135
83 409
84 412
85 496
86 562
87 32
88 13
89 491
90 306
91 267
92 569
93 65
94 187
95 579
96 22
97 522
98 546
99 536
100 556
101 413
102 339
103 139
104 286
105 98
106 245
107 126
108 317
109 361
110 590
111 379
112 185
113 142
114 131
115 560
116 483
117 133
118 309
119 260
120 158
121 457
122 431
123 174
124 595
125 346
126 55
127 69
128 118
129 199
130 438
131 447
132 50
133 562
134 568
135 186
136 331
137 196
138 131
139 586
140 13
141 86
142 439
143 385
144 145
145 579
146 594
147 520
148 128
149 12
150 171
151 473
152 96
153 395
154 154
155 286
156 143
157 63
158 508
159 224
160 3
161 93
162 514
163 517
164 332
165 483
166 242
167 352
168 343
169 265
170 234
171 213
172 560
173 448
174 213
175 302
176 74
177 366
178 403
179 305
180 110
181 12
182 363
183 221
184 16
185 339
186 178
187 453
188 450
189 144
190 376
191 547
192 437
193 425
194 558
195 458
196 212
197 256
198 258
199 487
200 245
201 523
202 333
203 237
204 472
205 505
206 36
207 402
208 212
209 252
210 75
211 358
212 435
213 521
214 25
215 446
216 592
217 345
218 5
219 574
220 549
221 213
222 13
223 501
224 565
225 481
226 232
227 221
228 264
229 183
230 508
231 378
232 571
233 482
234 592
235 66
236 418
237 185
238 54
239 23
240 235
241 558
242 484
243 317
244 64
245 47
246 33
247 269
248 499
249 243
250 575
251 52
252 289
253 93
254 19
255 595
256 423
257 340
258 543
259 333
260 214
261 402
262 144
263 37
264 204
265 442
266 348
267 402
268 506
269 362
270 235
271 420
272 356
273 410
274 20
275 535
276 565
277 397
278 514
279 405
280 156
281 242
282 562
283 440
284 469
285 569
286 292
287 0
288 357
289 337
290 435
291 319
292 263
293 422
294 330
295 427
296 79
297 559
298 65
299 312
300 235
301 285
302 518
303 368
304 134
305 309
306 229
307 121
308 463
309 154
310 41
311 17
312 523
313 578
314 402
315 40
316 50
317 420
318 21
319 437
320 331
321 185
322 432
323 55
324 327
325 83
326 456
327 334
328 278
329 414
330 254
331 436
332 172
333 554
334 432
335 307
336 315
337 394
338 477
339 97
340 165
341 359
342 374
343 533
344 241
345 385
346 516
347 81
348 191
349 414
350 199
351 370
352 249
353 351
354 248
355 416
356 386
357 112
358 441
359 59
360 17
361 276
362 317
363 315
364 292
365 114
366 159
367 72
368 570
369 392
370 477
371 104
372 223
373 231
374 576
375 115
376 290
377 247
378 224
379 551
380 42
381 311
382 86
383 523
384 117
385 374
386 67
387 114
388 208
389 471
390 204
391 126
392 167
393 104
394 62
395 535
396 94
397 297
398 591
399 284
400 353
401 167
402 61
403 88
404 425
405 374
406 555
407 496
408 256
409 539
410 398
411 568
412 490
413 200
414 90
415 320
416 436
417 229
418 180
419 431
420 236
421 51
422 129
423 590
424 182
425 87
426 314
427 237
428 26
429 261
430 414
431 4
432 472
433 226
434 559
435 198
436 524
437 485
438 160
439 536
440 546
441 534
442 129
443 93
444 161
445 340
446 150
447 414
448 173
449 435
450 555
451 95
452 377
453 310
454 428
455 334
456 590
457 552
458 389
459 422
460 589
461 464
462 392
463 471
464 170
465 448
466 143
467 212
468 363
469 415
470 82
471 139
472 159
473 79
474 214
475 457
476 468
477 516
478 206
479 560
480 375
481 33
482 585
483 181
484 86
485 543
486 455
487 521
488 126
489 404
490 232
491 326
492 582
493 318
494 432
495 558
496 488
497 435
498 160
499 427
500 0
501 61
502 206
503 208
504 417
505 209
506 34
507 559
508 13
509 52
510 480
511 435
512 308
513 169
514 180
515 171
516 114
517 539
518 187
519 555
520 222
521 489
522 275
523 509
524 429
525 155
526 28
527 481
528 347
529 251
530 23
531 287
532 374
533 48
534 408
535 278
536 68
537 112
538 461
539 68
540 412
541 486
542 17
543 472
544 22
545 220
546 26
547 79
548 445
549 575
550 225
551 485
552 95
553 139
554 26
555 525
556 585
557 550
558 561
559 399
560 343
561 19
562 428
563 503
564 371
565 400
566 416
567 102
568 320
569 267
570 265
571 312
572 298
573 105
574 36
575 486
576 149
577 243
578 161
579 570
580 256
581 420
582 320
583 526
584 73
585 117
586 561
587 391
588 451
589 461
590 18
591 154
592 53
593 388
594 582
595 377
596 576
