0 713
1 155
2 202
3 1029
4 187
5 374
6 285
7 494
8 957
9 44
10 1005
11 309
12 665
13 1107
14 278
15 386
16 714
17 319
18 956
19 295
20 642
21 663
22 178
23 922
24 507
25 1107
26 47
27 931
28 230
29 790
30 888
31 807
32 1001
33 1057
34 284
35 761
36 709
37 549
38 887
39 268
40 863
41 180
42 703
43 507
44 918
45 1059
46 305
47 692
48 416
49 769
50 515
51 303
52 200
53 66
54 587
55 1
56 828
57 297
58 633
59 939
60 118
61 1048
62 855
63 630
64 510
65 828
66 927
67 635
68 154
69 616
70 308
71 1066
72 485
73 861
74 447
75 851
76 747
77 1004
78 150
79 158
80 1028
81 484
82 70
83 76
84 845
85 669
86 458
87 250
88 729
89 7
90 666
91 990
92 485
93 7
94 1066
95 506
96 602
97 315
98 32
99 21
100 294
101 370
102 149
103 595
104 1035
105 147
106 423
107 287
108 306
109 926
110 445
111 983
112 385
113 344
114 451
115 916
116 291
117 676
118 997
119 873
120 559
121 83
122 686
123 1106
124 52
125 1110
126 128
127 348
128 651
129 545
130 52
131 1077
132 793
133 585
134 464
135 749
136 217
137 414
138 1094
139 764
140 749
141 1005
142 295
143 1114
144 262
145 146
146 1038
147 235
148 306
149 936
150 1062
151 413
152 870
153 696
154 1125
155 682
156 998
157 336
158 1121
159 494
160 726
161 25
162 108
163 185
164 690
165 568
166 912
167 1030
168 555
169 432
170 679
171 1081
172 296
173 737
174 966
175 649
176 1039
177 1002
178 743
179 681
180 37
181 260
182 154
183 625
184 1121
185 225
186 91
187 911
188 726
189 514
190 453
191 371
192 414
193 1100
194 437
195 1033
196 421
197 455
198 248
199 782
200 143
201 922
202 810
203 612
204 180
205 587
206 709
207 6
208 81
209 308
210 154
211 209
212 99
213 246
214 114
215 61
216 1064
217 791
218 1006
219 593
220 373
221 479
222 922
223 634
224 797
225 198
226 869
227 698
228 697
229 868
230 898
231 61
232 364
233 1031
234 850
235 56
236 326
237 947
238 971
239 952
240 360
241 1070
242 176
243 344
244 972
245 166
246 672
247 457
248 563
249 215
250 1070
251 831
252 459
253 837
254 1090
255 960
256 1097
257 696
258 186
259 1117
260 600
261 949
262 192
263 151
264 582
265 305
266 229
267 478
268 849
269 165
270 116
271 318
272 708
273 349
274 305
275 913
276 805
277 813
278 702
279 414
280 234
281 100
282 804
283 448
284 202
285 28
286 428
287 96
288 974
289 963
290 56
291 258
292 897
293 83
294 313
295 1074
296 626
297 326
298 711
299 551
300 170
301 487
302 638
303 1036
304 211
305 742
306 947
307 502
308 679
309 532
310 788
311 323
312 25
313 572
314 9
315 20
316 504
317 617
318 651
319 406
320 766
321 706
322 338
323 974
324 683
325 1026
326 770
327 954
328 790
329 505
330 510
331 620
332 159
333 655
334 713
335 1123
336 206
337 386
338 99
339 823
340 688
341 81
342 657
343 717
344 1017
345 377
346 757
347 372
348 916
349 873
350 229
351 207
352 392
353 767
354 798
355 88
356 438
357 661
358 264
359 773
360 828
361 502
362 30
363 284
364 736
365 71
366 1067
367 188
368 42
369 132
370 662
371 293
372 431
373 1115
374 656
375 96
376 513
377 1130
378 811
379 375
380 1051
381 698
382 959
383 596
384 1005
385 650
386 385
387 478
388 807
389 318
390 480
391 196
392 852
393 568
394 30
395 520
396 172
397 451
398 214
399 417
400 1096
401 402
402 975
403 727
404 917
405 272
406 860
407 655
408 474
409 163
410 900
411 851
412 410
413 838
414 1061
415 655
416 146
417 530
418 1125
419 983
420 754
421 1126
422 653
423 443
424 892
425 461
426 324
427 630
428 538
429 1076
430 525
431 696
432 280
433 830
434 969
435 1042
436 758
437 246
438 1081
439 1076
440 783
441 887
442 422
443 447
444 482
445 42
446 1043
447 735
448 894
449 333
450 410
451 1008
452 454
453 295
454 769
455 511
456 953
457 153
458 159
459 165
460 671
461 408
462 840
463 551
464 1006
465 486
466 532
467 54
468 159
469 603
470 743
471 674
472 48
473 520
474 115
475 46
476 838
477 830
478 336
479 709
480 57
481 88
482 176
483 57
484 722
485 216
486 418
487 576
488 726
489 186
490 318
491 955
492 176
493 430
494 31
495 199
496 1118
497 296
498 64
499 704
500 447
501 857
502 909
503 167
504 23
505 916
506 666
507 910
508 1
509 792
510 1023
511 1050
512 96
513 668
514 119
515 1098
516 1000
517 1009
518 817
519 160
520 746
521 182
522 329
523 805
524 484
525 156
526 608
527 1007
528 720
529 1099
530 641
531 528
532 545
533 709
534 938
535 873
536 966
537 338
538 907
539 89
540 186
541 873
542 257
543 720
544 720
545 54
546 359
547 661
548 1112
549 130
550 5
551 548
552 533
553 907
554 1022
555 678
556 617
557 1053
558 451
559 62
560 382
561 752
562 86
563 519
564 158
565 1086
566 911
567 829
568 927
569 1105
570 384
571 462
572 856
573 627
574 975
575 1020
576 696
577 256
578 947
579 760
580 54
581 349
582 201
583 434
584 188
585 398
586 50
587 996
588 98
589 797
590 751
591 978
592 77
593 996
594 179
595 478
596 156
597 683
598 155
599 6
600 978
601 691
602 1085
603 1082
604 830
605 948
606 375
607 429
608 847
609 301
610 904
611 2
612 961
613 320
614 144
615 929
616 757
617 1027
618 284
619 238
620 363
621 489
622 547
623 1070
624 83
625 611
626 930
627 794
628 1020
629 15
630 65
631 834
632 428
633 1034
634 664
635 215
636 941
637 191
638 848
639 472
640 828
641 888
642 529
643 186
644 458
645 650
646 575
647 437
648 509
649 515
650 952
651 44
652 665
653 1003
654 414
655 49
656 348
657 825
658 992
659 1129
660 17
661 338
662 687
663 219
664 1117
665 1113
666 914
667 668
668 756
669 606
670 554
671 224
672 549
673 948
674 715
675 1048
676 297
677 117
678 176
679 115
680 790
681 134
682 1002
683 619
684 434
685 119
686 509
687 1041
688 991
689 1002
690 847
691 696
692 721
693 561
694 3
695 400
696 379
697 156
698 331
699 522
700 488
701 242
702 546
703 253
704 1011
705 301
706 481
707 551
708 1098
709 1102
710 4
711 371
712 346
713 780
714 322
715 960
716 964
717 989
718 1032
719 217
720 646
721 47
722 151
723 717
724 305
725 85
726 92
727 916
728 1082
729 269
730 748
731 248
732 289
733 757
734 1113
735 965
736 1051
737 391
738 40
739 77
740 488
741 648
742 583
743 298
744 1082
745 123
746 647
747 38
748 38
749 438
750 72
751 196
752 74
753 453
754 938
755 1010
756 59
757 419
758 596
759 247
760 1089
761 284
762 441
763 757
764 398
765 444
766 718
767 550
768 1007
769 215
770 479
771 383
772 546
773 1014
774 908
775 316
776 1071
777 572
778 951
779 1003
780 298
781 641
782 489
783 581
784 277
785 670
786 984
787 650
788 1040
789 575
790 599
791 4
792 67
793 962
794 753
795 742
796 248
797 935
798 536
799 1089
800 1076
801 465
802 966
803 444
804 1012
805 711
806 41
807 742
808 393
809 452
810 919
811 104
812 821
813 1121
814 399
815 1080
816 466
817 1082
818 960
819 886
820 93
821 273
822 141
823 642
824 514
825 881
826 29
827 935
828 161
829 41
830 567
831 638
832 674
833 125
834 1031
835 753
836 1040
837 1108
838 940
839 594
840 263
841 945
842 253
843 678
844 634
845 277
846 709
847 227
848 763
849 80
850 1053
851 4
852 202
853 918
854 228
855 1064
856 1109
857 726
858 714
859 114
860 1120
861 53
862 90
863 656
864 534
865 58
866 119
867 1076
868 399
869 336
870 961
871 933
872 604
873 68
874 557
875 222
876 603
877 261
878 273
879 397
880 686
881 450
882 71
883 823
884 1047
885 235
886 718
887 684
888 208
889 1021
890 1016
891 263
892 989
893 720
894 612
895 1071
896 843
897 439
898 1013
899 509
900 466
901 915
902 791
903 258
904 191
905 315
906 856
907 231
908 901
909 745
910 249
911 435
912 61
913 1081
914 744
915 92
916 350
917 474
918 875
919 222
920 813
921 642
922 428
923 171
924 101
925 422
926 884
927 685
928 1005
929 1123
930 1115
931 1046
932 135
933 1122
934 1001
935 522
936 62
937 763
938 128
939 440
940 930
941 162
942 883
943 177
944 285
945 764
946 614
947 941
948 139
949 100
950 383
951 1004
952 143
953 387
954 1129
955 439
956 1072
957 406
958 855
959 948
960 749
961 693
962 1016
963 1043
964 793
965 1016
966 10
967 165
968 949
969 760
970 156
971 300
972 666
973 522
974 691
975 102
976 940
977 1094
978 536
979 829
980 295
981 609
982 985
983 312
984 450
985 494
986 838
987 490
988 446
989 785
990 832
991 831
992 594
993 19
994 661
995 303
996 126
997 564
998 611
999 970
1000 396
1001 222
1002 718
1003 203
1004 587
1005 496
1006 83
1007 285
1008 144
1009 230
1010 274
1011 173
1012 474
1013 1017
1014 923
1015 617
1016 50
1017 550
1018 1070
1019 453
1020 986
1021 307
1022 943
1023 970
1024 323
1025 557
1026 1087
1027 30
1028 984
1029 253
1030 816
1031 775
1032 992
1033 936
1034 631
1035 725
1036 703
1037 549
1038 952
1039 216
1040 961
1041 132
1042 126
1043 343
1044 761
1045 721
1046 637
1047 231
1048 232
1049 450
1050 956
1051 27
1052 160
1053 84
1054 55
1055 855
1056 350
1057 1084
1058 181
1059 508
1060 97
1061 24
1062 93
1063 1076
1064 997
1065 257
1066 547
1067 514
1068 815
1069 35
1070 653
1071 449
1072 426
1073 416
1074 554
1075 127
1076 743
1077 411
1078 873
1079 319
1080 449
1081 815
1082 796
1083 263
1084 1033
1085 712
1086 770
1087 390
1088 687
1089 916
1090 898
1091 207
1092 284
1093 339
1094 878
1095 818
1096 927
1097 297
1098 1081
1099 232
1100 1018
1101 33
1102 28
1103 938
1104 16
1105 338
1106 828
1107 621
1108 271
1109 1029
1110 611
1111 661
1112 817
1113 389
1114 1045
1115 775
1116 793
1117 1075
1118 945
1119 478
1120 97
1121 91
1122 651
1123 600
1124 44
1125 512
1126 908
1127 882
1128 103
1129 235
1130 541
1131 200
0 713
1 155
2 202
3 1029
4 379
5 466
6 285
7 494
8 957
9 1119
10 1005
11 309
12 437
13 1107
14 701
15 346
16 643
17 319
18 956
19 627
20 415
21 1071
22 842
23 922
24 1099
25 1075
26 47
27 229
28 143
29 790
30 888
31 807
32 552
33 896
34 284
35 1049
36 709
37 642
38 887
39 268
40 863
41 180
42 703
43 507
44 961
45 1059
46 305
47 692
48 416
49 769
50 552
51 429
52 1090
53 66
54 303
55 1
56 828
57 297
58 633
59 524
60 234
61 619
62 855
63 630
64 282
65 463
66 927
67 413
68 154
69 375
70 1076
71 550
72 110
73 856
74 362
75 851
76 747
77 608
78 295
79 882
80 390
81 409
82 237
83 410
84 845
85 855
86 989
87 883
88 74
89 482
90 666
91 990
92 127
93 251
94 1066
95 944
96 473
97 315
98 795
99 922
100 294
101 1111
102 149
103 454
104 966
105 449
106 423
107 1040
108 666
109 931
110 654
111 138
112 385
113 344
114 451
115 1046
116 621
117 174
118 867
119 792
120 559
121 759
122 686
123 836
124 992
125 829
126 128
127 348
128 1034
129 974
130 52
131 1077
132 793
133 585
134 464
135 749
136 217
137 648
138 780
139 764
140 191
141 621
142 22
143 863
144 333
145 884
146 1038
147 495
148 1073
149 936
150 655
151 449
152 870
153 696
154 1125
155 51
156 998
157 518
158 1121
159 843
160 38
161 25
162 108
163 377
164 590
165 568
166 912
167 728
168 555
169 432
170 679
171 1081
172 841
173 679
174 966
175 136
176 73
177 335
178 743
179 681
180 518
181 240
182 946
183 625
184 509
185 179
186 91
187 630
188 1030
189 497
190 959
191 371
192 68
193 1100
194 437
195 988
196 421
197 613
198 359
199 887
200 143
201 669
202 810
203 612
204 180
205 587
206 940
207 6
208 81
209 308
210 154
211 209
212 248
213 571
214 571
215 506
216 666
217 911
218 414
219 462
220 775
221 1111
222 396
223 839
224 619
225 1
226 869
227 698
228 117
229 868
230 1092
231 214
232 364
233 454
234 930
235 56
236 975
237 888
238 675
239 952
240 1021
241 1049
242 93
243 555
244 451
245 166
246 672
247 829
248 563
249 215
250 1070
251 474
252 459
253 300
254 937
255 906
256 817
257 696
258 186
259 1117
260 580
261 1034
262 531
263 151
264 716
265 305
266 0
267 846
268 883
269 165
270 719
271 89
272 856
273 349
274 305
275 1020
276 978
277 1096
278 702
279 716
280 257
281 915
282 624
283 448
284 1079
285 981
286 1012
287 1039
288 1018
289 963
290 490
291 84
292 432
293 83
294 754
295 462
296 626
297 159
298 711
299 105
300 170
301 497
302 645
303 1036
304 211
305 742
306 187
307 502
308 647
309 91
310 1074
311 323
312 1079
313 506
314 9
315 238
316 550
317 159
318 553
319 406
320 766
321 706
322 296
323 437
324 224
325 1026
326 331
327 346
328 1067
329 765
330 643
331 27
332 144
333 1016
334 355
335 570
336 145
337 372
338 401
339 823
340 688
341 898
342 656
343 717
344 872
345 377
346 757
347 518
348 306
349 764
350 229
351 653
352 1114
353 767
354 475
355 555
356 438
357 661
358 412
359 39
360 828
361 502
362 90
363 481
364 327
365 71
366 832
367 188
368 42
369 744
370 528
371 36
372 1110
373 493
374 528
375 874
376 821
377 396
378 668
379 429
380 1051
381 973
382 959
383 342
384 1005
385 827
386 909
387 214
388 780
389 856
390 480
391 196
392 670
393 820
394 30
395 520
396 538
397 451
398 931
399 417
400 1096
401 8
402 975
403 727
404 376
405 590
406 860
407 13
408 474
409 898
410 166
411 851
412 268
413 838
414 414
415 155
416 313
417 363
418 1125
419 983
420 1006
421 63
422 653
423 443
424 134
425 461
426 470
427 630
428 538
429 151
430 496
431 696
432 468
433 444
434 969
435 654
436 999
437 862
438 1081
439 987
440 467
441 887
442 422
443 1049
444 482
445 1049
446 1043
447 34
448 894
449 333
450 410
451 1008
452 162
453 295
454 894
455 1006
456 755
457 294
458 231
459 165
460 671
461 408
462 545
463 551
464 1006
465 672
466 675
467 54
468 985
469 119
470 743
471 674
472 48
473 394
474 115
475 683
476 838
477 565
478 836
479 709
480 715
481 88
482 102
483 454
484 722
485 695
486 418
487 576
488 996
489 147
490 318
491 955
492 176
493 430
494 957
495 145
496 834
497 909
498 64
499 831
500 522
501 324
502 551
503 619
504 23
505 916
506 972
507 746
508 1
509 97
510 500
511 453
512 103
513 176
514 536
515 958
516 130
517 1009
518 817
519 529
520 648
521 182
522 243
523 842
524 484
525 156
526 640
527 483
528 1131
529 1099
530 641
531 528
532 545
533 593
534 149
535 281
536 1006
537 338
538 705
539 89
540 186
541 873
542 158
543 1115
544 770
545 54
546 359
547 661
548 700
549 46
550 5
551 830
552 1022
553 847
554 166
555 678
556 305
557 808
558 26
559 614
560 547
561 752
562 873
563 519
564 891
565 922
566 911
567 339
568 26
569 577
570 458
571 462
572 856
573 1020
574 975
575 909
576 696
577 256
578 947
579 614
580 297
581 1103
582 732
583 987
584 250
585 1047
586 50
587 241
588 720
589 797
590 413
591 214
592 77
593 996
594 179
595 478
596 156
597 166
598 427
599 6
600 298
601 207
602 492
603 1082
604 937
605 922
606 384
607 323
608 847
609 840
610 904
611 248
612 961
613 243
614 616
615 63
616 78
617 1027
618 284
619 238
620 363
621 489
622 547
623 456
624 706
625 611
626 319
627 794
628 718
629 15
630 65
631 834
632 746
633 1034
634 664
635 215
636 894
637 191
638 66
639 472
640 66
641 180
642 419
643 226
644 821
645 650
646 847
647 646
648 884
649 913
650 63
651 391
652 113
653 1111
654 799
655 1128
656 902
657 825
658 992
659 1129
660 941
661 145
662 245
663 219
664 895
665 418
666 716
667 857
668 756
669 606
670 554
671 224
672 549
673 164
674 715
675 1048
676 138
677 478
678 176
679 251
680 790
681 809
682 1002
683 984
684 434
685 607
686 1044
687 1078
688 991
689 1002
690 847
691 807
692 890
693 76
694 588
695 958
696 379
697 270
698 331
699 692
700 488
701 242
702 544
703 253
704 1011
705 301
706 420
707 160
708 1098
709 1102
710 4
711 1106
712 376
713 1
714 322
715 960
716 225
717 588
718 1032
719 922
720 357
721 47
722 485
723 717
724 10
725 267
726 395
727 916
728 81
729 662
730 902
731 248
732 289
733 757
734 670
735 965
736 828
737 391
738 462
739 77
740 115
741 723
742 203
743 687
744 1011
745 606
746 647
747 488
748 38
749 438
750 72
751 914
752 1057
753 426
754 938
755 1010
756 747
757 1123
758 444
759 696
760 1089
761 923
762 441
763 487
764 265
765 637
766 784
767 550
768 1007
769 215
770 479
771 87
772 934
773 1096
774 1069
775 316
776 210
777 26
778 925
779 1003
780 298
781 896
782 489
783 581
784 971
785 670
786 656
787 220
788 781
789 139
790 694
791 183
792 956
793 962
794 1022
795 875
796 512
797 935
798 536
799 771
800 581
801 465
802 295
803 444
804 640
805 711
806 485
807 1062
808 393
809 974
810 327
811 104
812 528
813 714
814 533
815 1068
816 335
817 1082
818 209
819 886
820 103
821 956
822 141
823 642
824 514
825 881
826 29
827 740
828 471
829 41
830 567
831 638
832 284
833 125
834 1031
835 753
836 828
837 1108
838 908
839 1092
840 263
841 848
842 277
843 524
844 634
845 502
846 747
847 227
848 763
849 80
850 609
851 686
852 202
853 812
854 299
855 1064
856 352
857 894
858 679
859 835
860 608
861 53
862 888
863 799
864 534
865 58
866 119
867 297
868 399
869 932
870 961
871 583
872 963
873 319
874 2
875 222
876 744
877 523
878 1071
879 397
880 686
881 649
882 71
883 830
884 909
885 172
886 575
887 618
888 208
889 1021
890 854
891 825
892 989
893 715
894 200
895 42
896 645
897 761
898 419
899 509
900 596
901 915
902 791
903 257
904 191
905 484
906 459
907 112
908 1051
909 537
910 1086
911 435
912 61
913 810
914 339
915 124
916 900
917 474
918 875
919 150
920 194
921 1025
922 905
923 609
924 101
925 444
926 884
927 685
928 1005
929 785
930 985
931 1095
932 171
933 1122
934 1001
935 1077
936 4
937 763
938 46
939 508
940 67
941 873
942 883
943 177
944 285
945 764
946 974
947 589
948 476
949 789
950 447
951 1004
952 239
953 931
954 1129
955 439
956 944
957 537
958 425
959 948
960 260
961 693
962 1016
963 1043
964 1074
965 93
966 10
967 165
968 949
969 760
970 219
971 533
972 822
973 522
974 691
975 102
976 605
977 489
978 167
979 980
980 295
981 30
982 299
983 312
984 569
985 1128
986 838
987 490
988 266
989 785
990 832
991 831
992 594
993 19
994 661
995 724
996 543
997 518
998 611
999 970
1000 1103
1001 222
1002 718
1003 203
1004 587
1005 496
1006 83
1007 780
1008 783
1009 230
1010 274
1011 173
1012 474
1013 1017
1014 1115
1015 617
1016 184
1017 550
1018 114
1019 759
1020 638
1021 101
1022 943
1023 706
1024 323
1025 328
1026 1087
1027 188
1028 672
1029 253
1030 394
1031 242
1032 29
1033 390
1034 388
1035 215
1036 674
1037 330
1038 120
1039 913
1040 961
1041 306
1042 126
1043 555
1044 714
1045 1043
1046 637
1047 159
1048 232
1049 450
1050 956
1051 367
1052 160
1053 84
1054 787
1055 855
1056 2
1057 1084
1058 834
1059 508
1060 97
1061 24
1062 93
1063 197
1064 997
1065 257
1066 547
1067 94
1068 1064
1069 35
1070 504
1071 449
1072 632
1073 416
1074 1130
1075 788
1076 743
1077 411
1078 667
1079 319
1080 984
1081 815
1082 319
1083 95
1084 131
1085 712
1086 927
1087 65
1088 687
1089 738
1090 898
1091 270
1092 284
1093 986
1094 161
1095 224
1096 723
1097 996
1098 1081
1099 834
1100 1018
1101 33
1102 28
1103 938
1104 16
1105 338
1106 406
1107 683
1108 1131
1109 322
1110 1046
1111 661
1112 257
1113 389
1114 1045
1115 384
1116 793
1117 1075
1118 339
1119 619
1120 97
1121 182
1122 756
1123 797
1124 702
1125 594
1126 354
1127 882
1128 893
1129 235
1130 541
1131 200
