0 355
1 108
2 118
3 773
4 466
5 914
6 282
7 997
8 520
9 743
10 908
11 1050
12 810
13 269
14 686
15 292
16 610
17 986
18 163
19 255
20 48
21 649
22 1118
23 723
24 509
25 1012
26 159
27 961
28 1131
29 855
30 301
31 704
32 693
33 20
34 162
35 612
36 612
37 357
38 372
39 1096
40 1119
41 235
42 660
43 471
44 106
45 456
46 503
47 647
48 286
49 102
50 428
51 726
52 7
53 261
54 83
55 179
56 796
57 436
58 763
59 841
60 213
61 841
62 28
63 706
64 1047
65 823
66 442
67 995
68 348
69 689
70 1001
71 624
72 8
73 757
74 554
75 430
76 558
77 1121
78 486
79 85
80 6
81 775
82 618
83 22
84 895
85 443
86 835
87 558
88 1120
89 824
90 580
91 988
92 225
93 499
94 976
95 337
96 510
97 832
98 621
99 785
100 163
101 1045
102 856
103 587
104 306
105 15
106 794
107 211
108 462
109 934
110 577
111 405
112 882
113 734
114 271
115 118
116 874
117 189
118 659
119 917
120 87
121 881
122 573
123 405
124 830
125 997
126 48
127 1119
128 1121
129 576
130 478
131 1050
132 627
133 232
134 486
135 171
136 685
137 787
138 713
139 316
140 1090
141 1042
142 356
143 284
144 726
145 1002
146 811
147 733
148 1121
149 22
150 646
151 62
152 403
153 747
154 224
155 817
156 243
157 40
158 828
159 854
160 772
161 1100
162 847
163 947
164 509
165 864
166 816
167 27
168 640
169 937
170 635
171 1017
172 718
173 963
174 639
175 797
176 284
177 306
178 718
179 1041
180 223
181 557
182 489
183 200
184 826
185 786
186 1085
187 934
188 356
189 968
190 316
191 176
192 776
193 973
194 864
195 576
196 936
197 631
198 0
199 1053
200 507
201 661
202 595
203 1083
204 895
205 213
206 554
207 1021
208 884
209 1025
210 648
211 1042
212 489
213 1014
214 1102
215 643
216 979
217 966
218 459
219 426
220 583
221 100
222 423
223 209
224 165
225 1112
226 1003
227 1129
228 790
229 619
230 904
231 358
232 882
233 269
234 789
235 858
236 179
237 7
238 869
239 354
240 334
241 525
242 818
243 193
244 1121
245 883
246 464
247 562
248 691
249 98
250 1013
251 954
252 790
253 1127
254 1090
255 797
256 375
257 540
258 149
259 459
260 111
261 380
262 566
263 854
264 766
265 412
266 830
267 422
268 688
269 895
270 651
271 364
272 702
273 691
274 1084
275 733
276 184
277 1008
278 406
279 114
280 130
281 185
282 599
283 652
284 964
285 255
286 56
287 931
288 1091
289 1016
290 268
291 969
292 225
293 200
294 823
295 317
296 145
297 247
298 383
299 624
300 516
301 81
302 219
303 311
304 302
305 752
306 564
307 153
308 589
309 513
310 118
311 14
312 528
313 245
314 670
315 979
316 481
317 529
318 583
319 452
320 1109
321 63
322 503
323 187
324 601
325 1038
326 904
327 852
328 628
329 33
330 558
331 751
332 675
333 281
334 934
335 525
336 378
337 1024
338 1129
339 111
340 610
341 401
342 585
343 671
344 954
345 586
346 397
347 915
348 418
349 122
350 375
351 686
352 528
353 725
354 996
355 740
356 768
357 673
358 1092
359 551
360 852
361 146
362 964
363 228
364 43
365 921
366 619
367 808
368 580
369 650
370 654
371 978
372 803
373 11
374 1092
375 962
376 425
377 120
378 1089
379 1126
380 232
381 181
382 516
383 859
384 1000
385 453
386 986
387 840
388 268
389 512
390 623
391 256
392 988
393 977
394 446
395 300
396 276
397 876
398 716
399 1004
400 790
401 183
402 113
403 175
404 1027
405 1016
406 765
407 1103
408 655
409 657
410 29
411 66
412 990
413 182
414 961
415 666
416 474
417 110
418 105
419 266
420 1043
421 435
422 147
423 476
424 598
425 897
426 613
427 110
428 171
429 771
430 708
431 269
432 304
433 671
434 934
435 688
436 1087
437 1011
438 910
439 606
440 350
441 617
442 586
443 770
444 90
445 831
446 410
447 578
448 724
449 436
450 814
451 833
452 108
453 427
454 1035
455 163
456 475
457 347
458 274
459 777
460 169
461 1089
462 1087
463 926
464 1122
465 708
466 379
467 45
468 815
469 961
470 446
471 615
472 817
473 396
474 251
475 159
476 695
477 437
478 681
479 401
480 16
481 561
482 364
483 831
484 36
485 1015
486 707
487 473
488 414
489 642
490 442
491 990
492 509
493 1101
494 947
495 923
496 1129
497 540
498 853
499 634
500 572
501 341
502 821
503 546
504 506
505 197
506 1063
507 540
508 912
509 547
510 502
511 383
512 259
513 883
514 45
515 1119
516 678
517 91
518 337
519 245
520 338
521 508
522 589
523 636
524 706
525 341
526 663
527 316
528 145
529 585
530 1104
531 400
532 1112
533 1123
534 1033
535 811
536 381
537 474
538 136
539 596
540 664
541 1001
542 614
543 113
544 728
545 963
546 352
547 936
548 851
549 134
550 569
551 1106
552 227
553 766
554 197
555 975
556 92
557 1063
558 995
559 811
560 997
561 1057
562 523
563 468
564 190
565 1115
566 723
567 938
568 1023
569 77
570 508
571 1088
572 1003
573 878
574 446
575 887
576 705
577 1025
578 1099
579 17
580 1021
581 22
582 385
583 206
584 212
585 264
586 996
587 846
588 177
589 587
590 500
591 434
592 344
593 926
594 848
595 922
596 812
597 114
598 1039
599 317
600 515
601 400
602 1046
603 401
604 694
605 167
606 914
607 455
608 316
609 462
610 787
611 1008
612 1050
613 314
614 334
615 1015
616 527
617 638
618 1024
619 1014
620 356
621 771
622 576
623 386
624 138
625 58
626 781
627 498
628 126
629 175
630 1090
631 532
632 764
633 451
634 941
635 215
636 69
637 317
638 933
639 1117
640 122
641 641
642 671
643 618
644 319
645 291
646 810
647 856
648 210
649 112
650 143
651 229
652 494
653 438
654 908
655 664
656 921
657 1066
658 398
659 1130
660 792
661 366
662 554
663 401
664 55
665 38
666 330
667 1036
668 643
669 1058
670 169
671 311
672 740
673 667
674 824
675 489
676 68
677 626
678 1054
679 281
680 59
681 1034
682 771
683 1058
684 273
685 290
686 104
687 654
688 457
689 1081
690 994
691 588
692 119
693 44
694 248
695 338
696 71
697 631
698 199
699 100
700 527
701 339
702 128
703 637
704 1022
705 970
706 201
707 422
708 471
709 109
710 226
711 370
712 528
713 528
714 606
715 1050
716 44
717 189
718 587
719 681
720 980
721 659
722 557
723 894
724 992
725 978
726 186
727 216
728 504
729 366
730 246
731 909
732 319
733 655
734 814
735 709
736 931
737 41
738 837
739 788
740 54
741 1010
742 534
743 203
744 188
745 665
746 110
747 458
748 229
749 471
750 126
751 115
752 6
753 955
754 1095
755 298
756 825
757 1126
758 538
759 130
760 644
761 186
762 492
763 489
764 984
765 999
766 629
767 355
768 580
769 757
770 544
771 491
772 533
773 304
774 516
775 923
776 237
777 72
778 598
779 42
780 1106
781 279
782 2
783 192
784 683
785 58
786 318
787 738
788 1082
789 1085
790 214
791 31
792 234
793 498
794 821
795 325
796 691
797 29
798 1055
799 512
800 842
801 723
802 396
803 186
804 102
805 1073
806 253
807 251
808 705
809 580
810 514
811 392
812 849
813 218
814 295
815 159
816 460
817 299
818 249
819 1128
820 316
821 72
822 188
823 575
824 197
825 602
826 222
827 213
828 475
829 649
830 1089
831 270
832 33
833 1046
834 675
835 352
836 231
837 331
838 238
839 53
840 230
841 172
842 1055
843 10
844 168
845 874
846 949
847 175
848 429
849 50
850 560
851 95
852 734
853 969
854 1111
855 741
856 165
857 1
858 830
859 516
860 99
861 897
862 179
863 1014
864 76
865 1052
866 536
867 472
868 758
869 621
870 601
871 341
872 564
873 202
874 642
875 45
876 266
877 2
878 71
879 57
880 840
881 1121
882 11
883 786
884 152
885 793
886 900
887 564
888 291
889 874
890 67
891 909
892 746
893 696
894 332
895 736
896 411
897 26
898 645
899 440
900 525
901 823
902 350
903 315
904 91
905 442
906 465
907 613
908 1090
909 490
910 206
911 828
912 148
913 1020
914 334
915 529
916 383
917 25
918 415
919 764
920 264
921 133
922 201
923 184
924 465
925 312
926 89
927 306
928 806
929 485
930 56
931 658
932 896
933 537
934 390
935 925
936 4
937 770
938 1029
939 309
940 373
941 278
942 891
943 369
944 844
945 161
946 721
947 470
948 929
949 814
950 301
951 566
952 70
953 401
954 936
955 953
956 702
957 341
958 191
959 468
960 411
961 1071
962 903
963 21
964 864
965 731
966 278
967 253
968 1001
969 1116
970 750
971 876
972 706
973 741
974 385
975 440
976 783
977 150
978 143
979 177
980 201
981 25
982 911
983 71
984 554
985 94
986 560
987 657
988 900
989 542
990 18
991 945
992 689
993 980
994 444
995 255
996 824
997 597
998 867
999 996
1000 1108
1001 123
1002 248
1003 882
1004 172
1005 108
1006 1077
1007 117
1008 1082
1009 914
1010 211
1011 1010
1012 138
1013 299
1014 1075
1015 622
1016 278
1017 142
1018 879
1019 955
1020 937
1021 416
1022 799
1023 397
1024 1091
1025 1079
1026 737
1027 317
1028 419
1029 992
1030 156
1031 859
1032 283
1033 884
1034 841
1035 111
1036 968
1037 894
1038 965
1039 52
1040 674
1041 975
1042 474
1043 548
1044 271
1045 1023
1046 1109
1047 398
1048 701
1049 197
1050 281
1051 1024
1052 299
1053 635
1054 489
1055 232
1056 629
1057 540
1058 869
1059 560
1060 1073
1061 563
1062 302
1063 201
1064 463
1065 921
1066 675
1067 715
1068 736
1069 247
1070 264
1071 891
1072 16
1073 51
1074 272
1075 73
1076 524
1077 760
1078 714
1079 731
1080 629
1081 741
1082 375
1083 779
1084 275
1085 627
1086 402
1087 355
1088 771
1089 787
1090 1112
1091 355
1092 1039
1093 931
1094 448
1095 542
1096 188
1097 1017
1098 256
1099 412
1100 489
1101 918
1102 1004
1103 719
1104 488
1105 693
1106 790
1107 810
1108 323
1109 104
1110 353
1111 750
1112 214
1113 1111
1114 834
1115 379
1116 1130
1117 1096
1118 1104
1119 1085
1120 301
1121 681
1122 1090
1123 982
1124 419
1125 7
1126 1042
1127 16
1128 94
1129 110
1130 1043
1131 186
0 355
1 939
2 731
3 773
4 580
5 914
6 756
7 388
8 1082
9 219
10 908
11 1050
12 810
13 269
14 423
15 292
16 610
17 1012
18 279
19 417
20 655
21 649
22 401
23 723
24 501
25 287
26 159
27 334
28 1131
29 275
30 353
31 223
32 693
33 673
34 162
35 612
36 612
37 867
38 952
39 1096
40 401
41 459
42 660
43 498
44 106
45 952
46 892
47 647
48 286
49 86
50 428
51 726
52 459
53 261
54 83
55 904
56 796
57 436
58 763
59 841
60 1106
61 869
62 28
63 706
64 1047
65 823
66 169
67 185
68 604
69 689
70 1001
71 1037
72 105
73 757
74 57
75 430
76 777
77 746
78 635
79 993
80 6
81 775
82 539
83 776
84 895
85 482
86 835
87 558
88 1120
89 824
90 580
91 1019
92 225
93 499
94 1098
95 337
96 510
97 363
98 621
99 955
100 163
101 454
102 1037
103 28
104 306
105 15
106 589
107 211
108 462
109 101
110 434
111 405
112 1059
113 960
114 271
115 118
116 865
117 687
118 659
119 719
120 1063
121 406
122 573
123 405
124 630
125 382
126 48
127 1119
128 972
129 737
130 478
131 1050
132 3
133 232
134 486
135 171
136 685
137 390
138 743
139 871
140 859
141 1042
142 933
143 658
144 726
145 1002
146 18
147 74
148 1030
149 1066
150 646
151 980
152 1029
153 12
154 237
155 817
156 638
157 269
158 828
159 1033
160 772
161 1074
162 847
163 947
164 509
165 1097
166 408
167 27
168 640
169 937
170 142
171 691
172 1070
173 963
174 639
175 352
176 1022
177 306
178 65
179 171
180 355
181 557
182 434
183 761
184 374
185 786
186 1085
187 558
188 356
189 968
190 766
191 338
192 1073
193 1013
194 919
195 1130
196 976
197 631
198 0
199 633
200 507
201 44
202 595
203 161
204 490
205 213
206 554
207 208
208 884
209 1025
210 1058
211 1042
212 489
213 451
214 265
215 643
216 118
217 966
218 615
219 426
220 1098
221 280
222 423
223 209
224 165
225 1112
226 1012
227 1129
228 790
229 619
230 904
231 25
232 882
233 526
234 272
235 826
236 1108
237 1007
238 869
239 1030
240 1041
241 561
242 48
243 693
244 1099
245 883
246 464
247 995
248 615
249 98
250 1075
251 661
252 210
253 936
254 36
255 638
256 375
257 540
258 438
259 459
260 111
261 380
262 1097
263 35
264 589
265 412
266 830
267 437
268 688
269 895
270 501
271 358
272 320
273 38
274 783
275 773
276 184
277 198
278 91
279 114
280 130
281 228
282 57
283 652
284 961
285 1054
286 56
287 139
288 725
289 1016
290 578
291 969
292 181
293 200
294 760
295 317
296 145
297 148
298 8
299 624
300 516
301 1043
302 452
303 1062
304 405
305 928
306 500
307 153
308 589
309 513
310 873
311 14
312 528
313 245
314 670
315 979
316 481
317 382
318 364
319 452
320 148
321 506
322 1088
323 187
324 601
325 1038
326 904
327 694
328 628
329 409
330 725
331 751
332 675
333 281
334 835
335 239
336 378
337 1024
338 151
339 597
340 399
341 284
342 733
343 150
344 954
345 704
346 878
347 1086
348 78
349 122
350 185
351 686
352 1
353 725
354 686
355 227
356 768
357 60
358 1092
359 551
360 298
361 295
362 254
363 228
364 43
365 973
366 999
367 587
368 580
369 415
370 661
371 259
372 559
373 448
374 1092
375 665
376 1027
377 692
378 158
379 1126
380 232
381 36
382 516
383 128
384 1093
385 453
386 82
387 345
388 334
389 414
390 898
391 45
392 988
393 977
394 691
395 474
396 215
397 782
398 716
399 1004
400 790
401 495
402 113
403 96
404 682
405 245
406 97
407 1103
408 309
409 635
410 1018
411 368
412 990
413 182
414 961
415 631
416 187
417 110
418 291
419 266
420 699
421 435
422 365
423 476
424 598
425 725
426 613
427 110
428 171
429 939
430 24
431 269
432 304
433 106
434 674
435 491
436 1124
437 377
438 527
439 606
440 350
441 734
442 246
443 770
444 90
445 831
446 117
447 578
448 724
449 1053
450 814
451 1120
452 108
453 885
454 1035
455 163
456 475
457 130
458 865
459 777
460 169
461 1089
462 1087
463 1089
464 1054
465 708
466 379
467 375
468 629
469 802
470 819
471 615
472 806
473 396
474 910
475 159
476 695
477 33
478 164
479 42
480 16
481 561
482 364
483 561
484 532
485 1015
486 866
487 473
488 414
489 449
490 656
491 851
492 509
493 516
494 947
495 923
496 1129
497 964
498 791
499 16
500 572
501 341
502 1084
503 626
504 506
505 724
506 704
507 540
508 132
509 734
510 502
511 1120
512 509
513 324
514 45
515 362
516 678
517 1049
518 257
519 275
520 338
521 956
522 921
523 931
524 706
525 341
526 663
527 44
528 145
529 585
530 180
531 400
532 1112
533 1123
534 1042
535 811
536 176
537 146
538 852
539 596
540 258
541 622
542 912
543 113
544 728
545 963
546 364
547 375
548 452
549 219
550 352
551 950
552 227
553 525
554 987
555 975
556 270
557 1063
558 995
559 47
560 536
561 1057
562 414
563 785
564 63
565 1115
566 723
567 938
568 663
569 533
570 508
571 909
572 1003
573 187
574 674
575 1062
576 1117
577 1025
578 1099
579 459
580 436
581 933
582 268
583 1108
584 690
585 264
586 996
587 67
588 177
589 606
590 500
591 853
592 387
593 926
594 760
595 922
596 251
597 965
598 662
599 617
600 515
601 400
602 643
603 555
604 694
605 701
606 792
607 455
608 841
609 645
610 203
611 565
612 463
613 1070
614 227
615 435
616 527
617 757
618 1024
619 979
620 305
621 771
622 778
623 680
624 138
625 58
626 781
627 498
628 383
629 115
630 1090
631 532
632 758
633 451
634 888
635 215
636 69
637 317
638 933
639 22
640 954
641 6
642 708
643 218
644 319
645 291
646 810
647 856
648 210
649 112
650 143
651 419
652 983
653 438
654 870
655 664
656 921
657 1066
658 498
659 1130
660 792
661 735
662 554
663 401
664 881
665 38
666 939
667 1036
668 374
669 1058
670 169
671 311
672 740
673 338
674 824
675 489
676 68
677 817
678 1054
679 671
680 1118
681 938
682 771
683 1058
684 273
685 670
686 67
687 1072
688 457
689 853
690 412
691 516
692 650
693 1015
694 896
695 180
696 71
697 631
698 199
699 630
700 527
701 339
702 128
703 575
704 1022
705 834
706 201
707 422
708 471
709 258
710 226
711 586
712 511
713 528
714 606
715 721
716 498
717 882
718 30
719 476
720 980
721 659
722 283
723 489
724 1063
725 942
726 32
727 986
728 602
729 22
730 246
731 628
732 319
733 655
734 938
735 709
736 359
737 41
738 837
739 375
740 944
741 747
742 110
743 975
744 188
745 824
746 110
747 52
748 196
749 971
750 776
751 637
752 72
753 696
754 979
755 298
756 1050
757 1070
758 538
759 130
760 495
761 203
762 492
763 402
764 695
765 620
766 350
767 572
768 255
769 879
770 74
771 491
772 310
773 755
774 742
775 923
776 237
777 72
778 675
779 42
780 710
781 279
782 2
783 849
784 763
785 58
786 580
787 248
788 1082
789 741
790 214
791 600
792 990
793 498
794 608
795 865
796 691
797 29
798 1076
799 511
800 490
801 497
802 687
803 278
804 446
805 1073
806 828
807 251
808 534
809 580
810 514
811 351
812 849
813 1095
814 295
815 573
816 458
817 381
818 217
819 1128
820 1080
821 72
822 297
823 575
824 459
825 602
826 268
827 129
828 163
829 1077
830 411
831 551
832 136
833 1046
834 675
835 595
836 679
837 331
838 701
839 15
840 230
841 1000
842 1055
843 686
844 371
845 227
846 949
847 175
848 954
849 50
850 483
851 95
852 35
853 254
854 1111
855 803
856 165
857 443
858 830
859 488
860 280
861 759
862 420
863 733
864 550
865 157
866 1125
867 1061
868 758
869 471
870 136
871 341
872 564
873 1123
874 1059
875 45
876 62
877 2
878 71
879 57
880 540
881 1121
882 552
883 786
884 152
885 793
886 583
887 564
888 291
889 874
890 948
891 909
892 515
893 46
894 332
895 76
896 267
897 330
898 645
899 296
900 525
901 1106
902 45
903 715
904 91
905 713
906 751
907 758
908 1090
909 490
910 937
911 952
912 437
913 188
914 999
915 43
916 383
917 25
918 246
919 99
920 264
921 133
922 113
923 184
924 555
925 998
926 776
927 399
928 806
929 1098
930 56
931 839
932 196
933 252
934 390
935 925
936 1094
937 184
938 650
939 309
940 373
941 817
942 1002
943 975
944 844
945 968
946 494
947 320
948 929
949 814
950 1034
951 566
952 1022
953 401
954 939
955 546
956 422
957 107
958 191
959 468
960 411
961 1071
962 678
963 307
964 926
965 731
966 536
967 122
968 229
969 850
970 750
971 619
972 706
973 741
974 385
975 440
976 819
977 150
978 1104
979 177
980 201
981 327
982 911
983 71
984 963
985 94
986 560
987 1012
988 900
989 461
990 18
991 585
992 234
993 980
994 47
995 443
996 738
997 496
998 711
999 782
1000 1078
1001 435
1002 972
1003 882
1004 172
1005 76
1006 138
1007 117
1008 1082
1009 1067
1010 821
1011 795
1012 327
1013 734
1014 232
1015 510
1016 278
1017 429
1018 887
1019 651
1020 323
1021 416
1022 799
1023 397
1024 487
1025 1094
1026 27
1027 1076
1028 182
1029 992
1030 156
1031 859
1032 226
1033 305
1034 1110
1035 436
1036 338
1037 701
1038 965
1039 69
1040 847
1041 975
1042 99
1043 1006
1044 271
1045 381
1046 239
1047 398
1048 701
1049 197
1050 402
1051 1106
1052 932
1053 547
1054 877
1055 983
1056 773
1057 855
1058 451
1059 456
1060 1073
1061 277
1062 302
1063 683
1064 710
1065 921
1066 427
1067 66
1068 734
1069 33
1070 264
1071 903
1072 1014
1073 53
1074 272
1075 711
1076 524
1077 760
1078 435
1079 96
1080 629
1081 330
1082 375
1083 779
1084 275
1085 644
1086 596
1087 753
1088 771
1089 90
1090 1112
1091 513
1092 52
1093 434
1094 802
1095 1057
1096 188
1097 1008
1098 256
1099 514
1100 489
1101 918
1102 1004
1103 719
1104 764
1105 693
1106 1086
1107 810
1108 417
1109 104
1110 353
1111 930
1112 128
1113 348
1114 458
1115 809
1116 1130
1117 1096
1118 212
1119 1085
1120 385
1121 84
1122 458
1123 37
1124 663
1125 7
1126 1042
1127 887
1128 156
1129 103
1130 330
1131 362
