0 245
1 391
2 741
3 110
4 1089
5 671
6 966
7 49
8 1130
9 250
10 534
11 484
12 599
13 923
14 733
15 732
16 72
17 407
18 1086
19 379
20 576
21 1081
22 712
23 17
24 450
25 665
26 938
27 123
28 1000
29 71
30 1089
31 924
32 1102
33 987
34 863
35 1111
36 543
37 491
38 593
39 582
40 1106
41 1035
42 438
43 1055
44 751
45 1072
46 713
47 694
48 15
49 485
50 561
51 833
52 924
53 94
54 199
55 961
56 920
57 675
58 97
59 543
60 975
61 1112
62 391
63 646
64 577
65 1018
66 156
67 987
68 998
69 40
70 102
71 866
72 867
73 232
74 1036
75 289
76 1011
77 323
78 569
79 1047
80 909
81 188
82 469
83 519
84 275
85 1017
86 795
87 512
88 277
89 164
90 776
91 13
92 554
93 894
94 1104
95 952
96 16
97 237
98 1062
99 873
100 934
101 912
102 366
103 886
104 630
105 880
106 55
107 26
108 287
109 166
110 980
111 868
112 690
113 623
114 41
115 603
116 1065
117 858
118 686
119 627
120 872
121 12
122 78
123 722
124 131
125 782
126 895
127 1036
128 950
129 29
130 1038
131 452
132 910
133 56
134 585
135 24
136 899
137 917
138 709
139 91
140 747
141 255
142 74
143 790
144 639
145 389
146 565
147 1026
148 583
149 152
150 659
151 928
152 263
153 580
154 1087
155 946
156 468
157 651
158 409
159 123
160 992
161 896
162 253
163 560
164 642
165 991
166 1101
167 722
168 212
169 278
170 931
171 540
172 145
173 1083
174 535
175 276
176 945
177 412
178 474
179 310
180 160
181 825
182 863
183 377
184 10
185 919
186 377
187 772
188 418
189 793
190 790
191 168
192 623
193 584
194 441
195 301
196 942
197 613
198 590
199 64
200 72
201 1063
202 147
203 646
204 522
205 167
206 947
207 1007
208 497
209 997
210 667
211 1090
212 140
213 1063
214 415
215 602
216 6
217 426
218 1054
219 544
220 841
221 255
222 94
223 139
224 302
225 722
226 1104
227 97
228 704
229 845
230 477
231 114
232 268
233 215
234 158
235 778
236 195
237 49
238 343
239 423
240 777
241 489
242 343
243 1088
244 386
245 129
246 446
247 445
248 760
249 890
250 566
251 16
252 653
253 999
254 24
255 420
256 828
257 428
258 83
259 829
260 831
261 72
262 161
263 971
264 97
265 855
266 1025
267 570
268 736
269 107
270 589
271 1024
272 124
273 253
274 68
275 649
276 992
277 264
278 515
279 343
280 630
281 212
282 743
283 262
284 168
285 1078
286 847
287 182
288 486
289 204
290 772
291 572
292 463
293 590
294 566
295 262
296 682
297 298
298 703
299 331
300 448
301 434
302 1029
303 511
304 699
305 486
306 437
307 468
308 240
309 26
310 1012
311 387
312 986
313 1122
314 791
315 910
316 226
317 428
318 349
319 105
320 405
321 221
322 712
323 1060
324 12
325 191
326 665
327 446
328 265
329 1046
330 13
331 971
332 818
333 473
334 509
335 346
336 595
337 40
338 475
339 1114
340 390
341 889
342 214
343 652
344 42
345 648
346 519
347 834
348 355
349 668
350 628
351 727
352 456
353 612
354 816
355 457
356 762
357 977
358 294
359 49
360 47
361 1104
362 459
363 735
364 580
365 767
366 941
367 232
368 933
369 836
370 826
371 565
372 491
373 498
374 795
375 440
376 816
377 417
378 951
379 657
380 653
381 1122
382 1100
383 854
384 537
385 217
386 249
387 385
388 606
389 923
390 97
391 703
392 173
393 298
394 201
395 574
396 588
397 67
398 542
399 592
400 1082
401 269
402 798
403 846
404 724
405 693
406 110
407 276
408 192
409 312
410 589
411 1099
412 1107
413 174
414 605
415 58
416 478
417 886
418 984
419 694
420 391
421 985
422 471
423 638
424 95
425 559
426 604
427 954
428 638
429 952
430 884
431 636
432 951
433 894
434 1104
435 651
436 362
437 268
438 676
439 903
440 523
441 959
442 867
443 195
444 271
445 439
446 710
447 928
448 639
449 334
450 770
451 479
452 991
453 692
454 294
455 754
456 831
457 801
458 187
459 346
460 12
461 771
462 346
463 94
464 563
465 201
466 379
467 9
468 832
469 976
470 376
471 1026
472 390
473 509
474 1123
475 524
476 494
477 124
478 194
479 855
480 6
481 193
482 345
483 436
484 984
485 279
486 7
487 621
488 112
489 831
490 949
491 248
492 645
493 572
494 307
495 651
496 899
497 772
498 663
499 551
500 407
501 1104
502 275
503 923
504 1011
505 13
506 1023
507 4
508 99
509 709
510 784
511 585
512 60
513 389
514 970
515 545
516 912
517 843
518 2
519 251
520 956
521 380
522 607
523 982
524 789
525 174
526 508
527 503
528 249
529 559
530 1113
531 1035
532 276
533 430
534 331
535 399
536 689
537 864
538 1013
539 1080
540 868
541 243
542 188
543 954
544 633
545 513
546 1108
547 518
548 58
549 62
550 27
551 1068
552 173
553 456
554 901
555 894
556 238
557 582
558 664
559 878
560 1121
561 712
562 805
563 715
564 499
565 723
566 582
567 260
568 190
569 898
570 589
571 1067
572 758
573 297
574 708
575 585
576 783
577 319
578 1048
579 336
580 642
581 908
582 796
583 87
584 563
585 1107
586 234
587 1032
588 546
589 205
590 787
591 839
592 955
593 620
594 345
595 304
596 224
597 540
598 949
599 74
600 68
601 189
602 292
603 1064
604 751
605 116
606 957
607 20
608 611
609 323
610 665
611 161
612 646
613 556
614 588
615 490
616 74
617 343
618 351
619 577
620 325
621 332
622 854
623 686
624 1057
625 1055
626 313
627 387
628 1071
629 1000
630 364
631 748
632 432
633 196
634 47
635 184
636 388
637 591
638 552
639 672
640 281
641 788
642 226
643 270
644 514
645 663
646 1064
647 790
648 838
649 446
650 947
651 633
652 213
653 445
654 493
655 913
656 281
657 402
658 239
659 233
660 253
661 292
662 1116
663 581
664 36
665 753
666 1051
667 30
668 186
669 254
670 628
671 918
672 672
673 591
674 703
675 1097
676 838
677 570
678 761
679 746
680 495
681 612
682 731
683 821
684 767
685 1002
686 630
687 497
688 700
689 1017
690 186
691 950
692 557
693 668
694 85
695 875
696 257
697 234
698 1052
699 638
700 686
701 144
702 682
703 1122
704 61
705 950
706 1040
707 742
708 1126
709 444
710 233
711 844
712 308
713 1009
714 149
715 115
716 404
717 95
718 458
719 227
720 438
721 883
722 1079
723 1005
724 752
725 158
726 815
727 1056
728 594
729 690
730 223
731 613
732 545
733 921
734 481
735 615
736 736
737 603
738 477
739 521
740 361
741 831
742 229
743 260
744 18
745 323
746 420
747 655
748 630
749 442
750 917
751 66
752 614
753 896
754 376
755 790
756 529
757 889
758 559
759 914
760 194
761 156
762 265
763 876
764 463
765 1113
766 801
767 561
768 763
769 854
770 157
771 192
772 522
773 57
774 778
775 1002
776 646
777 998
778 418
779 446
780 772
781 704
782 207
783 293
784 995
785 1077
786 1066
787 988
788 797
789 661
790 647
791 472
792 230
793 1032
794 67
795 191
796 873
797 255
798 482
799 986
800 140
801 1064
802 972
803 956
804 80
805 14
806 1060
807 909
808 434
809 336
810 497
811 371
812 91
813 839
814 1054
815 304
816 1009
817 901
818 107
819 588
820 661
821 420
822 448
823 1005
824 863
825 699
826 760
827 401
828 1049
829 702
830 37
831 626
832 1050
833 970
834 898
835 934
836 602
837 185
838 620
839 142
840 9
841 628
842 63
843 428
844 775
845 1118
846 227
847 395
848 801
849 1103
850 354
851 562
852 782
853 222
854 844
855 346
856 256
857 1077
858 459
859 448
860 83
861 577
862 1004
863 940
864 689
865 944
866 973
867 334
868 720
869 721
870 394
871 760
872 309
873 964
874 838
875 304
876 1078
877 196
878 281
879 226
880 68
881 596
882 207
883 1004
884 62
885 507
886 411
887 845
888 331
889 486
890 241
891 46
892 1090
893 469
894 750
895 822
896 446
897 560
898 692
899 1033
900 741
901 981
902 458
903 461
904 911
905 983
906 396
907 689
908 493
909 871
910 857
911 68
912 982
913 641
914 150
915 428
916 440
917 980
918 287
919 515
920 844
921 149
922 735
923 498
924 374
925 133
926 713
927 587
928 737
929 51
930 851
931 904
932 375
933 3
934 39
935 526
936 414
937 1033
938 1076
939 228
940 207
941 328
942 437
943 31
944 761
945 227
946 385
947 593
948 228
949 84
950 936
951 219
952 359
953 590
954 625
955 476
956 1122
957 131
958 1026
959 62
960 68
961 236
962 331
963 51
964 3
965 49
966 256
967 212
968 1065
969 325
970 435
971 345
972 1124
973 643
974 643
975 490
976 568
977 396
978 221
979 652
980 1111
981 127
982 495
983 273
984 945
985 490
986 402
987 364
988 70
989 658
990 248
991 420
992 553
993 69
994 250
995 117
996 127
997 428
998 870
999 29
1000 983
1001 631
1002 381
1003 1060
1004 643
1005 1114
1006 23
1007 548
1008 815
1009 647
1010 406
1011 1059
1012 1018
1013 427
1014 1050
1015 194
1016 996
1017 243
1018 1069
1019 105
1020 148
1021 87
1022 1108
1023 1052
1024 480
1025 226
1026 834
1027 1048
1028 317
1029 355
1030 363
1031 143
1032 294
1033 859
1034 568
1035 948
1036 66
1037 540
1038 842
1039 936
1040 670
1041 281
1042 450
1043 937
1044 372
1045 628
1046 106
1047 802
1048 791
1049 247
1050 63
1051 751
1052 1061
1053 407
1054 410
1055 166
1056 659
1057 263
1058 856
1059 578
1060 966
1061 204
1062 709
1063 434
1064 645
1065 356
1066 7
1067 739
1068 1100
1069 670
1070 250
1071 906
1072 814
1073 457
1074 477
1075 196
1076 1105
1077 866
1078 166
1079 528
1080 799
1081 197
1082 1124
1083 294
1084 205
1085 335
1086 13
1087 769
1088 285
1089 199
1090 301
1091 19
1092 238
1093 1117
1094 999
1095 588
1096 1080
1097 114
1098 480
1099 182
1100 735
1101 1029
1102 68
1103 890
1104 206
1105 1041
1106 878
1107 560
1108 174
1109 465
1110 357
1111 449
1112 885
1113 342
1114 952
1115 1077
1116 655
1117 760
1118 173
1119 468
1120 174
1121 292
1122 712
1123 64
1124 944
1125 613
1126 423
1127 454
1128 135
1129 482
1130 712
1131 595
0 352
1 949
2 741
3 362
4 285
5 777
6 725
7 1018
8 1130
9 891
10 425
11 484
12 536
13 923
14 902
15 732
16 965
17 13
18 629
19 241
20 79
21 1081
22 712
23 398
24 450
25 887
26 943
27 123
28 1000
29 47
30 1089
31 787
32 1102
33 401
34 863
35 1111
36 80
37 491
38 433
39 713
40 1106
41 1033
42 1068
43 1100
44 630
45 1072
46 554
47 346
48 15
49 125
50 561
51 860
52 924
53 492
54 537
55 667
56 920
57 675
58 97
59 412
60 975
61 284
62 335
63 240
64 577
65 245
66 156
67 1058
68 743
69 573
70 1019
71 866
72 867
73 219
74 569
75 289
76 84
77 323
78 391
79 624
80 257
81 1099
82 469
83 408
84 1062
85 660
86 795
87 512
88 949
89 976
90 1028
91 164
92 127
93 894
94 900
95 952
96 16
97 237
98 875
99 978
100 599
101 608
102 366
103 904
104 567
105 880
106 55
107 26
108 817
109 166
110 166
111 263
112 690
113 341
114 953
115 953
116 855
117 858
118 686
119 627
120 878
121 661
122 132
123 219
124 131
125 283
126 888
127 184
128 950
129 29
130 1038
131 147
132 910
133 744
134 997
135 357
136 326
137 917
138 172
139 747
140 69
141 740
142 98
143 790
144 548
145 389
146 34
147 486
148 172
149 152
150 829
151 613
152 263
153 323
154 68
155 1031
156 468
157 879
158 118
159 283
160 1080
161 896
162 697
163 560
164 99
165 285
166 471
167 722
168 1084
169 838
170 318
171 307
172 711
173 958
174 1112
175 276
176 1010
177 412
178 71
179 310
180 160
181 504
182 863
183 515
184 10
185 919
186 377
187 1067
188 1091
189 793
190 790
191 257
192 227
193 584
194 441
195 47
196 942
197 351
198 161
199 64
200 196
201 1112
202 464
203 937
204 532
205 457
206 738
207 1007
208 497
209 882
210 1002
211 1090
212 140
213 1063
214 953
215 232
216 6
217 470
218 857
219 544
220 841
221 255
222 94
223 13
224 245
225 722
226 1104
227 97
228 488
229 970
230 335
231 114
232 742
233 400
234 158
235 576
236 943
237 1040
238 931
239 354
240 194
241 713
242 343
243 877
244 417
245 927
246 322
247 445
248 1016
249 916
250 496
251 67
252 452
253 999
254 835
255 420
256 828
257 428
258 828
259 893
260 832
261 906
262 140
263 358
264 811
265 745
266 48
267 718
268 124
269 559
270 257
271 1024
272 759
273 253
274 744
275 1074
276 657
277 430
278 352
279 331
280 229
281 251
282 843
283 915
284 1059
285 1078
286 396
287 182
288 463
289 204
290 772
291 272
292 262
293 590
294 684
295 356
296 1038
297 298
298 447
299 331
300 587
301 434
302 1077
303 511
304 784
305 940
306 302
307 468
308 240
309 794
310 504
311 1011
312 986
313 921
314 272
315 910
316 813
317 875
318 349
319 105
320 405
321 724
322 583
323 21
324 12
325 191
326 773
327 446
328 265
329 134
330 150
331 224
332 163
333 607
334 1072
335 407
336 403
337 375
338 475
339 1114
340 887
341 889
342 461
343 652
344 42
345 1076
346 519
347 834
348 355
349 366
350 628
351 1012
352 963
353 612
354 454
355 1016
356 1079
357 147
358 1020
359 49
360 701
361 341
362 459
363 966
364 1081
365 263
366 428
367 232
368 717
369 1128
370 92
371 827
372 5
373 135
374 328
375 422
376 909
377 417
378 404
379 657
380 653
381 970
382 673
383 854
384 686
385 157
386 637
387 509
388 615
389 1015
390 772
391 531
392 284
393 298
394 201
395 563
396 256
397 67
398 542
399 392
400 1082
401 269
402 590
403 846
404 724
405 693
406 110
407 669
408 661
409 545
410 589
411 713
412 1107
413 174
414 153
415 23
416 614
417 886
418 325
419 1068
420 397
421 985
422 1010
423 638
424 95
425 559
426 604
427 592
428 607
429 885
430 884
431 636
432 95
433 894
434 525
435 1087
436 362
437 156
438 744
439 244
440 206
441 959
442 112
443 813
444 271
445 439
446 357
447 928
448 207
449 878
450 770
451 479
452 991
453 874
454 294
455 157
456 831
457 465
458 187
459 1128
460 575
461 940
462 346
463 94
464 488
465 849
466 332
467 230
468 832
469 976
470 376
471 979
472 438
473 584
474 354
475 327
476 494
477 124
478 529
479 194
480 473
481 986
482 68
483 393
484 240
485 1038
486 7
487 594
488 112
489 694
490 949
491 701
492 894
493 572
494 307
495 811
496 899
497 221
498 557
499 366
500 721
501 1104
502 265
503 923
504 12
505 295
506 1023
507 0
508 99
509 461
510 784
511 874
512 460
513 984
514 699
515 592
516 783
517 843
518 2
519 251
520 956
521 1086
522 607
523 982
524 241
525 118
526 156
527 500
528 249
529 237
530 1113
531 1035
532 896
533 430
534 331
535 776
536 689
537 864
538 11
539 1111
540 868
541 412
542 188
543 954
544 633
545 706
546 325
547 379
548 58
549 238
550 27
551 1077
552 173
553 985
554 860
555 894
556 238
557 1101
558 932
559 878
560 1121
561 712
562 805
563 715
564 499
565 220
566 141
567 409
568 190
569 667
570 796
571 169
572 146
573 885
574 748
575 585
576 785
577 538
578 523
579 971
580 642
581 908
582 1070
583 1065
584 658
585 582
586 931
587 1032
588 546
589 205
590 493
591 558
592 955
593 709
594 345
595 390
596 887
597 729
598 949
599 74
600 245
601 189
602 161
603 1064
604 751
605 116
606 867
607 761
608 611
609 148
610 1097
611 161
612 646
613 574
614 588
615 733
616 74
617 599
618 351
619 577
620 325
621 332
622 955
623 686
624 1057
625 440
626 313
627 759
628 1071
629 1000
630 409
631 949
632 806
633 634
634 47
635 184
636 388
637 781
638 188
639 368
640 261
641 64
642 226
643 270
644 188
645 663
646 138
647 790
648 838
649 814
650 1011
651 633
652 352
653 790
654 493
655 913
656 1056
657 402
658 239
659 233
660 253
661 292
662 245
663 581
664 36
665 411
666 373
667 214
668 210
669 254
670 628
671 526
672 246
673 300
674 703
675 1097
676 274
677 95
678 546
679 988
680 412
681 612
682 955
683 821
684 767
685 11
686 630
687 788
688 161
689 1017
690 186
691 950
692 663
693 1095
694 85
695 660
696 257
697 234
698 238
699 139
700 285
701 235
702 682
703 1081
704 466
705 950
706 957
707 540
708 1126
709 493
710 233
711 844
712 761
713 554
714 996
715 683
716 533
717 1046
718 458
719 227
720 1117
721 860
722 588
723 354
724 233
725 872
726 341
727 1086
728 786
729 690
730 400
731 472
732 545
733 921
734 481
735 1010
736 736
737 603
738 185
739 521
740 94
741 88
742 664
743 260
744 711
745 326
746 56
747 452
748 236
749 893
750 19
751 66
752 614
753 484
754 448
755 1003
756 529
757 889
758 850
759 87
760 619
761 156
762 1051
763 1094
764 202
765 613
766 801
767 1036
768 498
769 854
770 157
771 123
772 522
773 306
774 778
775 775
776 646
777 805
778 441
779 968
780 323
781 509
782 207
783 59
784 799
785 1077
786 215
787 988
788 732
789 44
790 477
791 614
792 230
793 1032
794 67
795 779
796 873
797 255
798 482
799 986
800 140
801 1064
802 1095
803 690
804 80
805 134
806 1060
807 78
808 55
809 461
810 497
811 371
812 506
813 211
814 658
815 304
816 293
817 217
818 107
819 511
820 661
821 261
822 507
823 1005
824 863
825 699
826 760
827 401
828 1049
829 702
830 405
831 1122
832 615
833 970
834 93
835 934
836 602
837 185
838 373
839 824
840 9
841 152
842 301
843 428
844 449
845 975
846 227
847 744
848 179
849 46
850 367
851 562
852 782
853 56
854 497
855 815
856 1051
857 1077
858 459
859 448
860 261
861 890
862 1004
863 940
864 763
865 944
866 147
867 360
868 159
869 721
870 963
871 760
872 576
873 221
874 838
875 715
876 1078
877 312
878 114
879 632
880 634
881 417
882 207
883 1004
884 232
885 456
886 574
887 991
888 331
889 486
890 241
891 46
892 1090
893 469
894 698
895 822
896 446
897 254
898 692
899 697
900 267
901 128
902 560
903 461
904 911
905 125
906 793
907 558
908 493
909 163
910 857
911 533
912 1074
913 594
914 150
915 428
916 669
917 867
918 287
919 515
920 911
921 887
922 263
923 498
924 919
925 133
926 684
927 587
928 737
929 116
930 468
931 904
932 375
933 510
934 933
935 718
936 414
937 1033
938 658
939 1121
940 41
941 759
942 325
943 31
944 761
945 227
946 385
947 703
948 987
949 84
950 991
951 226
952 359
953 590
954 434
955 476
956 1122
957 131
958 98
959 62
960 970
961 236
962 875
963 570
964 80
965 213
966 256
967 376
968 1065
969 325
970 374
971 345
972 1124
973 643
974 643
975 490
976 568
977 396
978 221
979 652
980 1111
981 730
982 463
983 273
984 945
985 490
986 402
987 521
988 70
989 791
990 1
991 420
992 553
993 69
994 388
995 200
996 583
997 796
998 870
999 29
1000 983
1001 142
1002 1093
1003 1060
1004 643
1005 1126
1006 23
1007 424
1008 88
1009 647
1010 406
1011 1059
1012 1018
1013 427
1014 1050
1015 194
1016 268
1017 501
1018 1080
1019 105
1020 148
1021 87
1022 603
1023 1097
1024 480
1025 592
1026 834
1027 841
1028 317
1029 201
1030 363
1031 143
1032 294
1033 859
1034 958
1035 510
1036 66
1037 540
1038 334
1039 936
1040 412
1041 20
1042 450
1043 926
1044 1036
1045 472
1046 106
1047 770
1048 601
1049 247
1050 63
1051 15
1052 974
1053 407
1054 853
1055 16
1056 1031
1057 263
1058 856
1059 874
1060 966
1061 204
1062 709
1063 434
1064 747
1065 356
1066 264
1067 739
1068 1100
1069 3
1070 823
1071 824
1072 528
1073 263
1074 477
1075 196
1076 539
1077 866
1078 166
1079 329
1080 799
1081 425
1082 1124
1083 294
1084 205
1085 335
1086 13
1087 769
1088 285
1089 199
1090 769
1091 1119
1092 1117
1093 543
1094 999
1095 588
1096 1080
1097 944
1098 480
1099 182
1100 457
1101 87
1102 68
1103 890
1104 386
1105 1041
1106 878
1107 697
1108 977
1109 1044
1110 357
1111 918
1112 914
1113 342
1114 952
1115 1077
1116 655
1117 695
1118 173
1119 468
1120 588
1121 2
1122 110
1123 64
1124 848
1125 408
1126 423
1127 454
1128 981
1129 28
1130 712
1131 668
