0 752
1 721
2 438
3 561
4 273
5 931
6 109
7 207
8 551
9 597
10 269
11 777
12 929
13 807
14 795
15 1048
16 92
17 70
18 258
19 920
20 859
21 270
22 882
23 714
24 223
25 269
26 747
27 170
28 687
29 1080
30 78
31 280
32 1082
33 891
34 506
35 782
36 29
37 1105
38 783
39 490
40 27
41 384
42 110
43 943
44 690
45 1053
46 591
47 26
48 870
49 423
50 1112
51 833
52 938
53 797
54 1118
55 440
56 648
57 39
58 13
59 312
60 634
61 163
62 1107
63 614
64 1067
65 851
66 774
67 312
68 1064
69 278
70 808
71 140
72 1040
73 353
74 414
75 511
76 364
77 128
78 671
79 568
80 194
81 96
82 692
83 296
84 1035
85 722
86 232
87 865
88 260
89 1032
90 623
91 801
92 874
93 497
94 228
95 678
96 325
97 162
98 991
99 585
100 101
101 516
102 685
103 27
104 566
105 46
106 846
107 1021
108 1025
109 585
110 86
111 1101
112 323
113 243
114 394
115 674
116 1053
117 400
118 183
119 457
120 1112
121 1117
122 770
123 1067
124 569
125 677
126 768
127 917
128 897
129 640
130 803
131 1129
132 17
133 344
134 1043
135 962
136 698
137 595
138 42
139 565
140 1101
141 809
142 925
143 709
144 971
145 1126
146 811
147 670
148 619
149 317
150 910
151 162
152 1130
153 490
154 691
155 579
156 1046
157 254
158 482
159 621
160 943
161 665
162 817
163 685
164 288
165 541
166 560
167 532
168 953
169 57
170 875
171 447
172 406
173 81
174 78
175 585
176 254
177 497
178 673
179 980
180 564
181 485
182 614
183 734
184 607
185 645
186 65
187 821
188 619
189 761
190 16
191 597
192 865
193 532
194 120
195 414
196 184
197 149
198 927
199 124
200 434
201 364
202 388
203 290
204 966
205 917
206 421
207 371
208 520
209 150
210 129
211 738
212 672
213 861
214 518
215 1112
216 362
217 657
218 556
219 100
220 157
221 51
222 99
223 532
224 592
225 124
226 670
227 566
228 234
229 586
230 620
231 220
232 302
233 148
234 739
235 539
236 790
237 751
238 34
239 153
240 733
241 931
242 250
243 202
244 412
245 1035
246 765
247 1118
248 532
249 329
250 859
251 650
252 322
253 627
254 1126
255 698
256 135
257 642
258 714
259 167
260 468
261 1055
262 132
263 561
264 762
265 416
266 815
267 654
268 993
269 771
270 350
271 702
272 294
273 805
274 790
275 466
276 163
277 333
278 683
279 410
280 538
281 313
282 140
283 1014
284 815
285 72
286 1129
287 991
288 729
289 101
290 1129
291 392
292 388
293 839
294 939
295 134
296 333
297 861
298 18
299 975
300 994
301 107
302 244
303 1065
304 223
305 193
306 780
307 989
308 188
309 774
310 314
311 153
312 379
313 502
314 394
315 433
316 276
317 910
318 1077
319 816
320 107
321 392
322 1083
323 285
324 331
325 733
326 429
327 469
328 549
329 593
330 813
331 225
332 651
333 818
334 765
335 117
336 230
337 981
338 431
339 423
340 34
341 746
342 286
343 795
344 583
345 775
346 886
347 463
348 759
349 735
350 615
351 1008
352 326
353 567
354 611
355 566
356 1057
357 403
358 534
359 883
360 365
361 190
362 687
363 927
364 45
365 1122
366 375
367 1109
368 286
369 898
370 983
371 340
372 651
373 27
374 688
375 54
376 762
377 8
378 685
379 228
380 161
381 773
382 208
383 485
384 426
385 753
386 591
387 1078
388 893
389 1011
390 517
391 851
392 162
393 378
394 578
395 625
396 1
397 788
398 128
399 497
400 136
401 821
402 495
403 429
404 335
405 578
406 1086
407 689
408 1001
409 688
410 547
411 856
412 723
413 947
414 103
415 768
416 275
417 621
418 297
419 1041
420 487
421 96
422 780
423 454
424 864
425 1007
426 787
427 451
428 166
429 1100
430 79
431 541
432 962
433 380
434 948
435 797
436 355
437 794
438 550
439 584
440 673
441 405
442 348
443 1038
444 951
445 586
446 1015
447 232
448 889
449 434
450 714
451 333
452 1077
453 317
454 1022
455 424
456 626
457 137
458 1083
459 561
460 835
461 1080
462 207
463 798
464 427
465 435
466 340
467 294
468 121
469 766
470 726
471 90
472 24
473 77
474 55
475 1109
476 1097
477 959
478 968
479 769
480 598
481 406
482 1008
483 815
484 465
485 872
486 652
487 1050
488 660
489 167
490 204
491 246
492 162
493 763
494 1101
495 74
496 94
497 76
498 351
499 493
500 849
501 481
502 449
503 100
504 1001
505 870
506 837
507 356
508 818
509 285
510 173
511 110
512 82
513 1041
514 505
515 634
516 1093
517 1048
518 664
519 908
520 77
521 690
522 182
523 796
524 672
525 155
526 737
527 822
528 276
529 1018
530 282
531 957
532 221
533 914
534 673
535 387
536 487
537 244
538 651
539 1032
540 997
541 761
542 451
543 501
544 149
545 130
546 584
547 630
548 281
549 391
550 219
551 130
552 181
553 248
554 837
555 530
556 690
557 36
558 280
559 177
560 99
561 712
562 272
563 974
564 420
565 1029
566 929
567 294
568 849
569 738
570 845
571 511
572 679
573 344
574 613
575 364
576 183
577 268
578 962
579 666
580 724
581 83
582 216
583 494
584 284
585 411
586 731
587 82
588 214
589 829
590 736
591 713
592 1077
593 1054
594 102
595 233
596 15
597 76
598 567
599 251
600 447
601 117
602 605
603 653
604 722
605 544
606 113
607 362
608 719
609 656
610 93
611 1036
612 1043
613 1060
614 640
615 483
616 162
617 61
618 744
619 543
620 695
621 1110
622 505
623 788
624 873
625 523
626 1112
627 223
628 592
629 299
630 406
631 677
632 1123
633 180
634 943
635 304
636 1122
637 781
638 625
639 799
640 624
641 109
642 688
643 931
644 923
645 405
646 505
647 292
648 783
649 415
650 72
651 693
652 928
653 1023
654 484
655 267
656 1037
657 1129
658 496
659 1007
660 1119
661 983
662 85
663 107
664 712
665 980
666 1130
667 381
668 1107
669 667
670 775
671 656
672 522
673 94
674 1087
675 346
676 536
677 105
678 495
679 892
680 286
681 804
682 1003
683 318
684 485
685 503
686 41
687 793
688 288
689 918
690 9
691 453
692 475
693 389
694 705
695 451
696 384
697 827
698 950
699 215
700 925
701 277
702 805
703 464
704 507
705 420
706 129
707 868
708 257
709 79
710 467
711 91
712 1096
713 17
714 87
715 201
716 753
717 1081
718 730
719 453
720 201
721 659
722 1045
723 388
724 406
725 285
726 705
727 873
728 422
729 941
730 175
731 154
732 672
733 1113
734 788
735 853
736 197
737 148
738 968
739 780
740 864
741 127
742 477
743 954
744 766
745 826
746 433
747 994
748 97
749 116
750 93
751 715
752 105
753 231
754 996
755 746
756 285
757 497
758 233
759 535
760 862
761 549
762 1078
763 247
764 778
765 277
766 268
767 12
768 1074
769 629
770 1100
771 588
772 562
773 431
774 665
775 701
776 747
777 169
778 349
779 792
780 293
781 211
782 137
783 595
784 540
785 530
786 547
787 680
788 38
789 292
790 228
791 114
792 105
793 340
794 133
795 166
796 982
797 700
798 497
799 943
800 498
801 269
802 374
803 428
804 454
805 646
806 986
807 697
808 1115
809 660
810 517
811 275
812 308
813 732
814 254
815 710
816 488
817 1006
818 446
819 180
820 329
821 1031
822 81
823 206
824 1105
825 1127
826 143
827 175
828 780
829 306
830 703
831 341
832 187
833 729
834 1
835 633
836 172
837 942
838 324
839 901
840 441
841 531
842 14
843 1093
844 1105
845 417
846 252
847 488
848 844
849 970
850 849
851 921
852 239
853 854
854 1115
855 665
856 1072
857 348
858 710
859 521
860 1081
861 87
862 156
863 893
864 638
865 390
866 753
867 1125
868 414
869 984
870 229
871 174
872 875
873 1022
874 984
875 325
876 1045
877 409
878 752
879 689
880 627
881 634
882 1084
883 916
884 214
885 762
886 410
887 1082
888 320
889 461
890 905
891 807
892 750
893 203
894 639
895 933
896 716
897 266
898 116
899 521
900 279
901 600
902 1067
903 404
904 76
905 54
906 951
907 144
908 482
909 814
910 896
911 725
912 709
913 942
914 232
915 224
916 427
917 1007
918 971
919 187
920 321
921 1052
922 764
923 904
924 351
925 923
926 1093
927 650
928 743
929 313
930 1130
931 362
932 103
933 213
934 714
935 124
936 793
937 772
938 564
939 258
940 647
941 727
942 322
943 315
944 160
945 220
946 542
947 531
948 101
949 353
950 753
951 953
952 729
953 290
954 729
955 746
956 130
957 367
958 1091
959 947
960 717
961 447
962 830
963 199
964 739
965 1052
966 605
967 347
968 1085
969 1043
970 439
971 523
972 568
973 1034
974 166
975 1017
976 402
977 1055
978 103
979 551
980 333
981 894
982 821
983 766
984 293
985 1108
986 286
987 809
988 705
989 1055
990 172
991 1091
992 438
993 1027
994 485
995 105
996 520
997 963
998 625
999 236
1000 1102
1001 858
1002 107
1003 797
1004 471
1005 200
1006 532
1007 805
1008 327
1009 421
1010 422
1011 21
1012 761
1013 661
1014 701
1015 959
1016 318
1017 710
1018 602
1019 854
1020 90
1021 1099
1022 1079
1023 844
1024 437
1025 638
1026 299
1027 987
1028 804
1029 539
1030 152
1031 37
1032 375
1033 958
1034 480
1035 430
1036 454
1037 411
1038 846
1039 343
1040 451
1041 249
1042 678
1043 563
1044 444
1045 334
1046 3
1047 379
1048 1094
1049 581
1050 446
1051 715
1052 113
1053 369
1054 669
1055 611
1056 1054
1057 443
1058 378
1059 1076
1060 1008
1061 57
1062 569
1063 473
1064 460
1065 922
1066 38
1067 850
1068 790
1069 544
1070 727
1071 771
1072 991
1073 236
1074 187
1075 600
1076 100
1077 154
1078 303
1079 350
1080 952
1081 1089
1082 1053
1083 566
1084 936
1085 712
1086 803
1087 794
1088 70
1089 540
1090 1028
1091 805
1092 66
1093 1008
1094 1078
1095 508
1096 131
1097 1017
1098 142
1099 91
1100 138
1101 297
1102 1100
1103 394
1104 652
1105 443
1106 847
1107 1044
1108 445
1109 193
1110 431
1111 457
1112 12
1113 856
1114 232
1115 652
1116 753
1117 201
1118 622
1119 362
1120 1066
1121 227
1122 984
1123 165
1124 94
1125 282
1126 410
1127 1120
1128 617
1129 81
1130 444
1131 772
0 222
1 889
2 438
3 356
4 402
5 931
6 458
7 766
8 413
9 6
10 474
11 211
12 18
13 1060
14 722
15 676
16 616
17 250
18 47
19 34
20 492
21 1017
22 209
23 185
24 596
25 715
26 265
27 828
28 708
29 748
30 78
31 664
32 1082
33 301
34 506
35 782
36 29
37 742
38 347
39 490
40 803
41 384
42 80
43 712
44 690
45 1053
46 1053
47 81
48 870
49 149
50 661
51 833
52 83
53 797
54 476
55 881
56 648
57 39
58 13
59 866
60 634
61 163
62 329
63 1026
64 563
65 303
66 557
67 663
68 1064
69 595
70 548
71 210
72 1040
73 41
74 132
75 477
76 1115
77 707
78 671
79 128
80 194
81 226
82 692
83 296
84 1035
85 722
86 232
87 409
88 260
89 536
90 367
91 801
92 874
93 70
94 228
95 678
96 325
97 99
98 510
99 136
100 327
101 408
102 685
103 27
104 828
105 46
106 438
107 590
108 1025
109 859
110 101
111 1101
112 323
113 1108
114 771
115 420
116 969
117 400
118 410
119 37
120 213
121 23
122 1111
123 900
124 569
125 928
126 1076
127 1125
128 897
129 230
130 52
131 73
132 17
133 310
134 663
135 962
136 735
137 89
138 212
139 279
140 1101
141 1016
142 925
143 657
144 971
145 571
146 811
147 421
148 640
149 1080
150 965
151 116
152 1130
153 490
154 691
155 980
156 1051
157 254
158 252
159 621
160 1087
161 849
162 525
163 19
164 1127
165 541
166 1043
167 529
168 953
169 57
170 537
171 58
172 449
173 1041
174 1095
175 303
176 470
177 328
178 370
179 980
180 564
181 485
182 268
183 734
184 607
185 645
186 65
187 684
188 769
189 1009
190 16
191 597
192 1063
193 1038
194 1107
195 377
196 172
197 149
198 66
199 1074
200 434
201 364
202 913
203 810
204 664
205 762
206 421
207 371
208 258
209 150
210 325
211 457
212 1040
213 660
214 811
215 481
216 450
217 39
218 556
219 777
220 157
221 51
222 419
223 106
224 592
225 48
226 893
227 1037
228 234
229 586
230 620
231 978
232 302
233 824
234 739
235 241
236 1054
237 658
238 34
239 696
240 733
241 931
242 930
243 166
244 412
245 872
246 765
247 1097
248 403
249 329
250 932
251 650
252 322
253 778
254 1126
255 698
256 851
257 642
258 714
259 1009
260 964
261 402
262 132
263 767
264 528
265 416
266 642
267 682
268 993
269 1118
270 886
271 702
272 112
273 805
274 37
275 667
276 163
277 337
278 718
279 763
280 404
281 1057
282 140
283 1014
284 63
285 123
286 1129
287 991
288 483
289 101
290 790
291 392
292 418
293 839
294 939
295 134
296 1071
297 732
298 973
299 841
300 118
301 525
302 244
303 207
304 223
305 727
306 940
307 989
308 700
309 405
310 314
311 153
312 823
313 502
314 215
315 467
316 135
317 910
318 1077
319 816
320 1033
321 490
322 1095
323 285
324 331
325 733
326 971
327 1085
328 778
329 593
330 813
331 225
332 651
333 818
334 42
335 611
336 429
337 653
338 431
339 864
340 34
341 746
342 465
343 795
344 583
345 41
346 886
347 463
348 385
349 735
350 949
351 854
352 141
353 567
354 151
355 566
356 1057
357 1089
358 790
359 515
360 365
361 190
362 111
363 665
364 960
365 1122
366 1015
367 732
368 647
369 446
370 477
371 935
372 651
373 27
374 656
375 412
376 939
377 8
378 658
379 228
380 362
381 240
382 816
383 485
384 130
385 132
386 1074
387 592
388 893
389 950
390 504
391 117
392 678
393 134
394 578
395 625
396 1
397 2
398 442
399 183
400 136
401 790
402 696
403 264
404 610
405 578
406 1086
407 689
408 1001
409 688
410 882
411 856
412 723
413 950
414 698
415 242
416 56
417 621
418 455
419 1041
420 487
421 56
422 1092
423 454
424 864
425 1007
426 102
427 598
428 540
429 317
430 79
431 964
432 1086
433 256
434 419
435 797
436 355
437 794
438 550
439 584
440 673
441 405
442 328
443 1038
444 1127
445 21
446 1015
447 323
448 523
449 120
450 382
451 40
452 506
453 317
454 1022
455 1115
456 626
457 830
458 383
459 481
460 363
461 906
462 1110
463 798
464 730
465 753
466 78
467 268
468 322
469 222
470 427
471 90
472 24
473 895
474 650
475 573
476 556
477 959
478 968
479 769
480 598
481 406
482 1008
483 628
484 278
485 872
486 652
487 258
488 660
489 167
490 204
491 171
492 122
493 241
494 109
495 74
496 94
497 76
498 25
499 788
500 237
501 481
502 426
503 100
504 843
505 870
506 837
507 1047
508 818
509 59
510 2
511 110
512 418
513 1041
514 670
515 950
516 731
517 887
518 602
519 908
520 884
521 960
522 182
523 796
524 294
525 617
526 397
527 1013
528 671
529 109
530 282
531 15
532 221
533 264
534 900
535 387
536 901
537 742
538 934
539 156
540 859
541 744
542 451
543 194
544 251
545 130
546 584
547 925
548 159
549 4
550 635
551 130
552 181
553 411
554 837
555 530
556 690
557 626
558 280
559 208
560 74
561 738
562 272
563 106
564 555
565 1029
566 929
567 959
568 949
569 738
570 165
571 511
572 609
573 1035
574 201
575 1119
576 916
577 268
578 278
579 666
580 724
581 83
582 576
583 494
584 601
585 411
586 171
587 208
588 996
589 829
590 736
591 754
592 95
593 393
594 102
595 99
596 91
597 1075
598 567
599 392
600 193
601 117
602 605
603 440
604 722
605 544
606 113
607 311
608 719
609 1020
610 524
611 1036
612 635
613 1060
614 181
615 483
616 162
617 639
618 366
619 543
620 695
621 129
622 311
623 788
624 264
625 276
626 385
627 838
628 592
629 299
630 406
631 454
632 898
633 180
634 109
635 304
636 1122
637 781
638 1087
639 799
640 981
641 109
642 744
643 384
644 923
645 405
646 467
647 327
648 783
649 813
650 72
651 1116
652 837
653 268
654 43
655 1057
656 1037
657 680
658 496
659 1007
660 1088
661 983
662 85
663 847
664 492
665 91
666 266
667 400
668 642
669 976
670 775
671 655
672 220
673 94
674 288
675 115
676 87
677 1028
678 254
679 892
680 1086
681 833
682 945
683 1128
684 485
685 503
686 41
687 539
688 288
689 16
690 9
691 196
692 1096
693 433
694 1101
695 451
696 1084
697 742
698 950
699 806
700 925
701 277
702 805
703 464
704 507
705 752
706 129
707 369
708 744
709 79
710 467
711 91
712 1096
713 37
714 247
715 201
716 753
717 1081
718 730
719 453
720 50
721 987
722 1045
723 388
724 652
725 285
726 960
727 817
728 1052
729 407
730 546
731 154
732 462
733 1113
734 525
735 853
736 930
737 148
738 801
739 705
740 864
741 259
742 857
743 673
744 736
745 826
746 328
747 994
748 97
749 116
750 667
751 715
752 677
753 168
754 110
755 223
756 131
757 497
758 233
759 737
760 228
761 549
762 1078
763 247
764 1040
765 277
766 578
767 12
768 481
769 629
770 474
771 347
772 430
773 431
774 665
775 799
776 418
777 398
778 305
779 792
780 293
781 211
782 137
783 438
784 932
785 530
786 877
787 680
788 38
789 292
790 228
791 114
792 105
793 340
794 917
795 166
796 790
797 700
798 929
799 276
800 498
801 269
802 374
803 428
804 435
805 646
806 92
807 416
808 1115
809 301
810 738
811 1116
812 308
813 732
814 765
815 573
816 488
817 447
818 446
819 883
820 384
821 1031
822 247
823 206
824 425
825 100
826 233
827 235
828 779
829 1075
830 703
831 122
832 1071
833 729
834 1
835 32
836 172
837 60
838 930
839 1081
840 316
841 531
842 744
843 1093
844 1105
845 417
846 252
847 488
848 844
849 171
850 207
851 929
852 239
853 824
854 509
855 665
856 13
857 348
858 636
859 991
860 442
861 87
862 404
863 83
864 638
865 484
866 180
867 226
868 682
869 960
870 588
871 174
872 875
873 1022
874 984
875 325
876 1045
877 944
878 417
879 111
880 246
881 634
882 916
883 916
884 214
885 314
886 410
887 425
888 238
889 461
890 905
891 807
892 96
893 663
894 468
895 933
896 716
897 266
898 579
899 593
900 488
901 600
902 345
903 50
904 469
905 54
906 100
907 144
908 482
909 814
910 902
911 978
912 151
913 942
914 232
915 224
916 72
917 1007
918 971
919 406
920 663
921 86
922 897
923 904
924 351
925 518
926 1093
927 24
928 383
929 313
930 184
931 362
932 682
933 213
934 1078
935 739
936 793
937 466
938 564
939 258
940 1061
941 990
942 888
943 315
944 944
945 220
946 288
947 531
948 101
949 578
950 1110
951 336
952 88
953 1073
954 32
955 304
956 130
957 315
958 1091
959 648
960 2
961 422
962 606
963 728
964 739
965 878
966 474
967 512
968 196
969 234
970 439
971 752
972 986
973 1034
974 166
975 1041
976 258
977 436
978 103
979 551
980 526
981 894
982 821
983 719
984 183
985 158
986 286
987 947
988 1013
989 1055
990 220
991 1091
992 438
993 489
994 285
995 755
996 996
997 963
998 936
999 423
1000 1102
1001 1068
1002 764
1003 518
1004 152
1005 200
1006 532
1007 805
1008 483
1009 421
1010 422
1011 940
1012 761
1013 926
1014 701
1015 99
1016 318
1017 1062
1018 705
1019 534
1020 187
1021 1099
1022 917
1023 844
1024 437
1025 150
1026 299
1027 960
1028 229
1029 176
1030 152
1031 716
1032 351
1033 1001
1034 480
1035 42
1036 736
1037 411
1038 76
1039 340
1040 451
1041 44
1042 522
1043 175
1044 213
1045 1007
1046 371
1047 915
1048 472
1049 581
1050 952
1051 421
1052 113
1053 832
1054 669
1055 516
1056 1054
1057 315
1058 378
1059 1076
1060 1008
1061 933
1062 569
1063 889
1064 460
1065 922
1066 38
1067 441
1068 790
1069 237
1070 451
1071 626
1072 991
1073 741
1074 364
1075 22
1076 17
1077 362
1078 303
1079 350
1080 795
1081 48
1082 757
1083 989
1084 1047
1085 712
1086 498
1087 681
1088 70
1089 925
1090 883
1091 805
1092 66
1093 971
1094 1078
1095 508
1096 131
1097 248
1098 142
1099 91
1100 138
1101 407
1102 1071
1103 394
1104 652
1105 1042
1106 847
1107 1044
1108 1054
1109 468
1110 431
1111 1018
1112 34
1113 856
1114 138
1115 797
1116 753
1117 201
1118 227
1119 362
1120 950
1121 675
1122 984
1123 247
1124 94
1125 282
1126 410
1127 1120
1128 1065
1129 946
1130 950
1131 880
