0 1076
1 91
2 506
3 104
4 446
5 393
6 603
7 970
8 867
9 709
10 41
11 663
12 323
13 1085
14 830
15 1009
16 995
17 728
18 985
19 306
20 562
21 368
22 151
23 771
24 840
25 43
26 222
27 214
28 198
29 909
30 98
31 925
32 566
33 1075
34 1071
35 30
36 858
37 842
38 836
39 716
40 687
41 923
42 196
43 1106
44 332
45 212
46 585
47 526
48 1089
49 508
50 989
51 602
52 1027
53 653
54 1059
55 454
56 210
57 46
58 942
59 249
60 473
61 727
62 542
63 323
64 656
65 621
66 738
67 832
68 564
69 307
70 709
71 840
72 285
73 587
74 646
75 734
76 473
77 247
78 126
79 998
80 281
81 759
82 1058
83 594
84 1120
85 448
86 333
87 322
88 549
89 670
90 385
91 300
92 87
93 1034
94 742
95 251
96 717
97 699
98 605
99 268
100 433
101 131
102 695
103 112
104 432
105 550
106 878
107 281
108 361
109 1069
110 754
111 481
112 696
113 312
114 176
115 129
116 288
117 849
118 186
119 1108
120 1019
121 948
122 768
123 664
124 20
125 263
126 790
127 1028
128 703
129 330
130 1080
131 923
132 1004
133 1000
134 550
135 379
136 115
137 632
138 88
139 427
140 901
141 562
142 652
143 1096
144 817
145 1041
146 773
147 306
148 956
149 463
150 795
151 872
152 372
153 833
154 888
155 112
156 1022
157 1004
158 172
159 894
160 573
161 316
162 197
163 48
164 612
165 1086
166 309
167 103
168 674
169 411
170 27
171 96
172 403
173 943
174 929
175 98
176 719
177 677
178 544
179 1104
180 385
181 508
182 438
183 146
184 1068
185 451
186 838
187 400
188 109
189 191
190 43
191 500
192 956
193 941
194 605
195 528
196 60
197 320
198 360
199 188
200 273
201 679
202 951
203 12
204 486
205 447
206 463
207 1073
208 16
209 182
210 578
211 893
212 865
213 62
214 277
215 284
216 876
217 299
218 108
219 851
220 823
221 761
222 262
223 844
224 1046
225 774
226 865
227 371
228 206
229 87
230 1081
231 68
232 188
233 231
234 1058
235 787
236 890
237 655
238 962
239 920
240 961
241 501
242 351
243 225
244 625
245 1121
246 930
247 671
248 849
249 711
250 1126
251 949
252 553
253 125
254 107
255 382
256 1074
257 924
258 284
259 209
260 26
261 137
262 552
263 773
264 335
265 1019
266 412
267 959
268 950
269 469
270 526
271 354
272 316
273 47
274 688
275 29
276 449
277 1020
278 405
279 606
280 928
281 441
282 898
283 333
284 360
285 407
286 469
287 311
288 693
289 540
290 1084
291 538
292 782
293 301
294 907
295 340
296 362
297 944
298 51
299 7
300 311
301 622
302 936
303 1130
304 123
305 237
306 793
307 877
308 1006
309 319
310 448
311 959
312 705
313 710
314 1049
315 987
316 439
317 450
318 588
319 1095
320 768
321 800
322 814
323 569
324 1126
325 61
326 1083
327 455
328 876
329 150
330 641
331 704
332 138
333 724
334 448
335 149
336 681
337 756
338 990
339 715
340 978
341 994
342 1121
343 280
344 47
345 1016
346 639
347 1130
348 711
349 102
350 399
351 705
352 879
353 959
354 440
355 447
356 353
357 826
358 873
359 807
360 674
361 401
362 492
363 345
364 344
365 118
366 419
367 128
368 733
369 520
370 435
371 363
372 318
373 714
374 74
375 750
376 453
377 492
378 1072
379 160
380 949
381 1005
382 209
383 311
384 868
385 444
386 863
387 535
388 617
389 956
390 900
391 459
392 314
393 793
394 622
395 401
396 906
397 578
398 757
399 913
400 1117
401 837
402 207
403 484
404 929
405 571
406 961
407 1106
408 356
409 190
410 809
411 949
412 899
413 384
414 461
415 1068
416 423
417 435
418 998
419 487
420 1019
421 289
422 1059
423 307
424 57
425 143
426 129
427 657
428 299
429 709
430 526
431 720
432 787
433 579
434 427
435 5
436 819
437 692
438 1094
439 339
440 757
441 1019
442 501
443 211
444 580
445 181
446 983
447 1022
448 700
449 362
450 723
451 344
452 700
453 394
454 398
455 106
456 48
457 348
458 176
459 499
460 1112
461 277
462 369
463 577
464 838
465 761
466 562
467 735
468 1046
469 920
470 794
471 259
472 1027
473 1083
474 768
475 469
476 900
477 398
478 605
479 337
480 541
481 31
482 757
483 189
484 20
485 552
486 918
487 280
488 1064
489 741
490 813
491 67
492 67
493 768
494 342
495 1026
496 252
497 1122
498 480
499 653
500 359
501 510
502 792
503 634
504 640
505 354
506 160
507 980
508 395
509 22
510 484
511 177
512 700
513 3
514 675
515 22
516 326
517 291
518 686
519 816
520 411
521 729
522 662
523 456
524 237
525 1003
526 1075
527 583
528 446
529 259
530 943
531 652
532 75
533 1108
534 375
535 474
536 389
537 830
538 251
539 472
540 387
541 1114
542 440
543 394
544 1092
545 893
546 695
547 491
548 1062
549 3
550 993
551 958
552 271
553 82
554 580
555 707
556 223
557 379
558 703
559 574
560 161
561 1007
562 329
563 730
564 979
565 724
566 718
567 318
568 848
569 1042
570 731
571 673
572 908
573 780
574 556
575 479
576 219
577 777
578 137
579 628
580 984
581 489
582 801
583 797
584 491
585 133
586 770
587 898
588 1020
589 284
590 617
591 393
592 754
593 839
594 1025
595 207
596 743
597 11
598 82
599 713
600 487
601 1102
602 499
603 304
604 29
605 389
606 1113
607 610
608 727
609 241
610 275
611 471
612 599
613 468
614 638
615 58
616 678
617 187
618 790
619 634
620 95
621 775
622 95
623 58
624 408
625 557
626 1101
627 1069
628 925
629 402
630 238
631 768
632 981
633 667
634 578
635 486
636 137
637 433
638 312
639 888
640 1013
641 850
642 261
643 927
644 789
645 326
646 215
647 1033
648 103
649 810
650 337
651 422
652 589
653 653
654 512
655 497
656 985
657 606
658 488
659 50
660 928
661 974
662 357
663 232
664 612
665 675
666 1097
667 560
668 213
669 271
670 964
671 475
672 1053
673 242
674 981
675 120
676 566
677 878
678 609
679 1062
680 577
681 424
682 711
683 521
684 747
685 357
686 15
687 376
688 646
689 1006
690 1015
691 104
692 18
693 1019
694 945
695 983
696 1087
697 236
698 750
699 454
700 1061
701 991
702 493
703 432
704 1010
705 869
706 57
707 1085
708 240
709 1047
710 723
711 908
712 588
713 520
714 1063
715 243
716 138
717 428
718 723
719 96
720 838
721 1023
722 739
723 235
724 664
725 908
726 568
727 607
728 809
729 1103
730 1005
731 615
732 358
733 383
734 610
735 527
736 959
737 243
738 1020
739 1058
740 878
741 1062
742 1079
743 305
744 716
745 74
746 754
747 1030
748 155
749 249
750 283
751 861
752 447
753 348
754 1026
755 2
756 304
757 261
758 1062
759 153
760 250
761 959
762 255
763 5
764 890
765 870
766 703
767 882
768 695
769 660
770 866
771 90
772 979
773 13
774 727
775 665
776 369
777 185
778 84
779 880
780 53
781 131
782 277
783 53
784 245
785 926
786 1118
787 110
788 1037
789 717
790 579
791 1089
792 188
793 830
794 354
795 301
796 497
797 1076
798 206
799 409
800 15
801 162
802 795
803 1040
804 172
805 1008
806 74
807 260
808 206
809 870
810 942
811 15
812 1084
813 1072
814 53
815 803
816 548
817 996
818 117
819 545
820 486
821 684
822 772
823 189
824 617
825 663
826 741
827 745
828 183
829 200
830 379
831 519
832 417
833 713
834 1126
835 534
836 637
837 299
838 881
839 279
840 40
841 538
842 600
843 304
844 816
845 452
846 480
847 657
848 293
849 453
850 343
851 131
852 1077
853 235
854 108
855 536
856 927
857 540
858 481
859 696
860 1125
861 247
862 50
863 568
864 206
865 447
866 843
867 433
868 1028
869 1040
870 8
871 1036
872 282
873 497
874 211
875 546
876 25
877 1064
878 1041
879 266
880 773
881 842
882 467
883 1113
884 794
885 1093
886 648
887 541
888 954
889 343
890 677
891 801
892 495
893 989
894 1032
895 124
896 9
897 126
898 378
899 307
900 808
901 477
902 774
903 374
904 123
905 710
906 523
907 560
908 77
909 723
910 437
911 437
912 1063
913 994
914 200
915 146
916 830
917 282
918 530
919 620
920 328
921 61
922 523
923 381
924 79
925 197
926 721
927 328
928 1101
929 106
930 296
931 495
932 365
933 581
934 45
935 136
936 579
937 222
938 71
939 650
940 707
941 442
942 198
943 589
944 983
945 38
946 118
947 976
948 449
949 805
950 261
951 542
952 1015
953 881
954 126
955 526
956 452
957 534
958 314
959 952
960 755
961 405
962 256
963 0
964 912
965 997
966 159
967 489
968 458
969 689
970 415
971 718
972 887
973 360
974 323
975 38
976 504
977 427
978 877
979 457
980 340
981 1094
982 308
983 763
984 336
985 908
986 834
987 1076
988 639
989 331
990 894
991 1058
992 106
993 962
994 1094
995 182
996 547
997 532
998 707
999 699
1000 857
1001 230
1002 490
1003 326
1004 133
1005 989
1006 432
1007 643
1008 179
1009 109
1010 1037
1011 42
1012 782
1013 646
1014 648
1015 64
1016 984
1017 493
1018 15
1019 950
1020 1011
1021 382
1022 47
1023 1091
1024 906
1025 832
1026 687
1027 358
1028 782
1029 768
1030 606
1031 207
1032 10
1033 540
1034 185
1035 644
1036 422
1037 79
1038 147
1039 150
1040 421
1041 850
1042 300
1043 431
1044 274
1045 674
1046 473
1047 600
1048 791
1049 962
1050 711
1051 311
1052 2
1053 746
1054 747
1055 923
1056 442
1057 983
1058 93
1059 527
1060 77
1061 709
1062 56
1063 650
1064 475
1065 1015
1066 364
1067 925
1068 839
1069 216
1070 696
1071 908
1072 947
1073 164
1074 207
1075 570
1076 141
1077 335
1078 837
1079 618
1080 533
1081 458
1082 854
1083 349
1084 179
1085 517
1086 424
1087 550
1088 1036
1089 204
1090 408
1091 116
1092 618
1093 666
1094 697
1095 12
1096 635
1097 812
1098 709
1099 1065
1100 362
1101 1079
1102 646
1103 876
1104 265
1105 669
1106 610
1107 1101
1108 256
1109 994
1110 108
1111 460
1112 545
1113 1075
1114 114
1115 885
1116 1008
1117 501
1118 593
1119 387
1120 242
1121 777
1122 465
1123 980
1124 591
1125 461
1126 1099
1127 666
1128 592
1129 740
1130 847
1131 756
0 659
1 400
2 402
3 230
4 446
5 393
6 603
7 136
8 170
9 709
10 1092
11 663
12 1131
13 192
14 830
15 1009
16 630
17 728
18 985
19 685
20 900
21 393
22 151
23 771
24 802
25 1049
26 942
27 865
28 487
29 967
30 914
31 925
32 334
33 573
34 1071
35 769
36 858
37 1125
38 748
39 716
40 687
41 923
42 196
43 248
44 851
45 510
46 585
47 526
48 1089
49 209
50 989
51 695
52 1027
53 653
54 1059
55 755
56 210
57 46
58 224
59 249
60 473
61 66
62 1119
63 16
64 84
65 621
66 1065
67 446
68 564
69 307
70 84
71 840
72 285
73 587
74 646
75 734
76 668
77 247
78 977
79 213
80 281
81 759
82 1032
83 594
84 799
85 411
86 333
87 322
88 549
89 670
90 385
91 341
92 87
93 60
94 742
95 251
96 950
97 765
98 605
99 1032
100 433
101 1125
102 695
103 112
104 432
105 664
106 878
107 256
108 1095
109 797
110 26
111 1019
112 621
113 741
114 176
115 324
116 288
117 849
118 186
119 34
120 126
121 948
122 768
123 664
124 20
125 562
126 255
127 185
128 244
129 214
130 849
131 364
132 870
133 946
134 466
135 744
136 115
137 161
138 543
139 427
140 901
141 239
142 652
143 1096
144 978
145 1041
146 746
147 306
148 343
149 463
150 795
151 872
152 372
153 833
154 983
155 112
156 1022
157 1004
158 172
159 894
160 573
161 316
162 197
163 48
164 612
165 610
166 309
167 103
168 674
169 618
170 1066
171 444
172 403
173 943
174 929
175 358
176 719
177 374
178 904
179 1104
180 458
181 508
182 135
183 146
184 1068
185 823
186 544
187 528
188 109
189 365
190 43
191 877
192 497
193 316
194 605
195 745
196 513
197 320
198 360
199 188
200 391
201 679
202 319
203 979
204 117
205 447
206 463
207 338
208 16
209 182
210 113
211 862
212 248
213 209
214 277
215 400
216 1095
217 299
218 316
219 62
220 823
221 1089
222 262
223 921
224 1046
225 774
226 964
227 371
228 587
229 956
230 1079
231 68
232 188
233 154
234 1058
235 805
236 323
237 655
238 962
239 435
240 961
241 54
242 351
243 204
244 483
245 1121
246 930
247 723
248 136
249 603
250 1126
251 728
252 1094
253 125
254 696
255 382
256 880
257 385
258 947
259 209
260 866
261 606
262 552
263 922
264 408
265 973
266 412
267 959
268 950
269 469
270 526
271 354
272 422
273 366
274 688
275 479
276 12
277 720
278 9
279 606
280 292
281 441
282 898
283 333
284 1105
285 515
286 469
287 311
288 238
289 540
290 318
291 538
292 169
293 124
294 907
295 340
296 362
297 622
298 359
299 7
300 311
301 622
302 487
303 40
304 123
305 237
306 801
307 877
308 140
309 613
310 1119
311 227
312 705
313 710
314 985
315 987
316 439
317 868
318 588
319 297
320 768
321 800
322 1007
323 932
324 888
325 1085
326 1083
327 469
328 876
329 981
330 641
331 704
332 138
333 513
334 784
335 149
336 1022
337 1087
338 990
339 496
340 902
341 994
342 73
343 1065
344 797
345 302
346 781
347 853
348 671
349 102
350 292
351 705
352 922
353 959
354 440
355 447
356 573
357 860
358 873
359 568
360 248
361 401
362 134
363 499
364 39
365 118
366 419
367 128
368 359
369 430
370 693
371 787
372 318
373 714
374 74
375 953
376 350
377 346
378 1072
379 160
380 291
381 633
382 741
383 311
384 283
385 879
386 863
387 873
388 617
389 956
390 674
391 532
392 677
393 793
394 622
395 52
396 678
397 1038
398 8
399 697
400 1117
401 837
402 711
403 484
404 755
405 571
406 961
407 756
408 807
409 48
410 809
411 16
412 899
413 449
414 828
415 1062
416 423
417 435
418 508
419 237
420 436
421 289
422 824
423 307
424 57
425 404
426 403
427 657
428 735
429 100
430 798
431 673
432 194
433 187
434 644
435 547
436 819
437 1062
438 555
439 339
440 757
441 611
442 952
443 193
444 580
445 1089
446 418
447 200
448 733
449 23
450 618
451 253
452 506
453 394
454 676
455 945
456 361
457 220
458 176
459 499
460 1112
461 855
462 748
463 1042
464 838
465 1029
466 562
467 520
468 599
469 920
470 749
471 259
472 248
473 1083
474 768
475 469
476 900
477 398
478 605
479 337
480 541
481 267
482 757
483 189
484 20
485 552
486 1074
487 28
488 1064
489 976
490 813
491 123
492 67
493 768
494 497
495 382
496 252
497 1122
498 480
499 40
500 441
501 181
502 792
503 634
504 640
505 268
506 160
507 579
508 422
509 337
510 484
511 800
512 771
513 457
514 675
515 436
516 376
517 663
518 708
519 816
520 411
521 491
522 992
523 456
524 143
525 1003
526 953
527 583
528 209
529 259
530 471
531 178
532 131
533 621
534 375
535 1108
536 389
537 830
538 251
539 472
540 387
541 1114
542 863
543 394
544 419
545 893
546 739
547 976
548 1062
549 503
550 993
551 1129
552 424
553 795
554 598
555 713
556 487
557 379
558 265
559 574
560 465
561 1007
562 329
563 730
564 979
565 932
566 539
567 71
568 757
569 555
570 192
571 290
572 1021
573 780
574 877
575 522
576 219
577 944
578 0
579 628
580 656
581 489
582 801
583 797
584 491
585 323
586 770
587 1100
588 437
589 1025
590 708
591 393
592 754
593 839
594 584
595 207
596 743
597 11
598 82
599 713
600 257
601 1091
602 635
603 304
604 29
605 601
606 1113
607 718
608 65
609 241
610 416
611 604
612 599
613 468
614 502
615 58
616 27
617 187
618 813
619 634
620 95
621 775
622 95
623 279
624 408
625 557
626 175
627 1069
628 925
629 756
630 121
631 563
632 673
633 148
634 570
635 486
636 505
637 753
638 540
639 888
640 1072
641 850
642 323
643 475
644 789
645 326
646 952
647 1033
648 403
649 1061
650 337
651 422
652 80
653 50
654 57
655 497
656 985
657 606
658 262
659 50
660 8
661 974
662 357
663 878
664 814
665 675
666 448
667 715
668 160
669 669
670 658
671 874
672 1053
673 242
674 599
675 564
676 632
677 858
678 609
679 1062
680 140
681 638
682 711
683 521
684 747
685 696
686 737
687 1055
688 267
689 479
690 881
691 104
692 33
693 1019
694 39
695 983
696 1087
697 466
698 750
699 820
700 871
701 991
702 493
703 432
704 1010
705 488
706 853
707 615
708 240
709 148
710 1093
711 73
712 588
713 520
714 1040
715 243
716 862
717 302
718 353
719 649
720 792
721 972
722 136
723 931
724 664
725 908
726 857
727 607
728 803
729 1103
730 516
731 615
732 594
733 469
734 778
735 859
736 959
737 592
738 445
739 1058
740 66
741 1026
742 857
743 1055
744 216
745 74
746 923
747 1030
748 1083
749 187
750 283
751 499
752 509
753 348
754 1121
755 336
756 761
757 261
758 1091
759 153
760 358
761 509
762 412
763 885
764 890
765 870
766 703
767 882
768 232
769 994
770 866
771 90
772 979
773 13
774 323
775 665
776 369
777 185
778 389
779 880
780 624
781 517
782 391
783 53
784 245
785 926
786 9
787 110
788 1099
789 717
790 1125
791 1089
792 188
793 830
794 355
795 301
796 400
797 1076
798 808
799 480
800 435
801 162
802 795
803 1040
804 874
805 1008
806 74
807 443
808 1006
809 118
810 97
811 681
812 1084
813 339
814 53
815 767
816 1006
817 431
818 859
819 736
820 486
821 684
822 772
823 189
824 617
825 948
826 826
827 763
828 592
829 278
830 1128
831 446
832 417
833 48
834 719
835 426
836 1075
837 910
838 365
839 279
840 1087
841 538
842 856
843 711
844 1115
845 911
846 1009
847 867
848 293
849 208
850 1006
851 927
852 88
853 235
854 65
855 796
856 927
857 540
858 1069
859 1105
860 806
861 724
862 698
863 1092
864 551
865 451
866 843
867 869
868 1028
869 1007
870 15
871 171
872 218
873 1082
874 75
875 546
876 579
877 522
878 776
879 104
880 425
881 842
882 332
883 1113
884 794
885 352
886 909
887 87
888 954
889 998
890 196
891 510
892 764
893 688
894 1032
895 124
896 190
897 703
898 887
899 942
900 268
901 945
902 1124
903 374
904 217
905 66
906 219
907 560
908 235
909 723
910 437
911 167
912 832
913 994
914 200
915 449
916 458
917 728
918 530
919 620
920 1023
921 61
922 523
923 374
924 194
925 197
926 448
927 1114
928 142
929 400
930 671
931 424
932 518
933 581
934 45
935 136
936 595
937 981
938 408
939 1026
940 659
941 438
942 82
943 589
944 500
945 38
946 801
947 976
948 449
949 805
950 149
951 542
952 1015
953 319
954 126
955 526
956 718
957 976
958 397
959 1073
960 521
961 1007
962 256
963 823
964 1051
965 997
966 1073
967 659
968 1012
969 246
970 223
971 718
972 845
973 751
974 323
975 92
976 745
977 49
978 1047
979 402
980 828
981 390
982 19
983 583
984 336
985 908
986 834
987 1084
988 113
989 175
990 894
991 1058
992 106
993 348
994 1094
995 650
996 720
997 532
998 707
999 191
1000 690
1001 963
1002 113
1003 326
1004 250
1005 556
1006 1031
1007 139
1008 179
1009 122
1010 61
1011 65
1012 782
1013 646
1014 648
1015 795
1016 984
1017 507
1018 501
1019 33
1020 199
1021 382
1022 296
1023 1091
1024 476
1025 575
1026 789
1027 358
1028 341
1029 64
1030 606
1031 850
1032 10
1033 603
1034 185
1035 644
1036 476
1037 907
1038 759
1039 150
1040 221
1041 850
1042 300
1043 431
1044 572
1045 793
1046 473
1047 600
1048 409
1049 223
1050 389
1051 311
1052 2
1053 746
1054 747
1055 923
1056 442
1057 506
1058 923
1059 527
1060 418
1061 981
1062 56
1063 212
1064 475
1065 111
1066 364
1067 104
1068 839
1069 216
1070 696
1071 908
1072 644
1073 164
1074 1068
1075 650
1076 921
1077 335
1078 837
1079 618
1080 197
1081 131
1082 1029
1083 349
1084 179
1085 469
1086 159
1087 550
1088 354
1089 204
1090 408
1091 317
1092 903
1093 666
1094 697
1095 78
1096 154
1097 812
1098 438
1099 588
1100 140
1101 922
1102 44
1103 876
1104 116
1105 555
1106 1103
1107 980
1108 398
1109 994
1110 319
1111 16
1112 388
1113 1009
1114 761
1115 776
1116 1008
1117 728
1118 593
1119 387
1120 242
1121 296
1122 465
1123 1019
1124 816
1125 102
1126 718
1127 666
1128 592
1129 121
1130 106
1131 756
