0 740
1 249
2 883
3 284
4 985
5 477
6 175
7 358
8 104
9 64
10 1016
11 454
12 801
13 794
14 536
15 53
16 828
17 1053
18 866
19 782
20 969
21 648
22 967
23 118
24 783
25 1128
26 936
27 857
28 286
29 590
30 410
31 435
32 433
33 724
34 556
35 734
36 49
37 314
38 652
39 179
40 767
41 987
42 425
43 1037
44 621
45 441
46 1039
47 1042
48 874
49 861
50 396
51 930
52 660
53 39
54 978
55 419
56 356
57 38
58 162
59 1043
60 292
61 715
62 136
63 78
64 115
65 610
66 903
67 415
68 838
69 825
70 931
71 234
72 539
73 396
74 423
75 1102
76 1048
77 299
78 93
79 637
80 780
81 39
82 460
83 803
84 355
85 370
86 858
87 494
88 53
89 149
90 1034
91 1118
92 695
93 50
94 120
95 440
96 1089
97 900
98 648
99 16
100 929
101 255
102 187
103 36
104 138
105 359
106 276
107 607
108 850
109 372
110 922
111 689
112 597
113 994
114 91
115 625
116 932
117 1043
118 1011
119 598
120 322
121 101
122 193
123 608
124 191
125 99
126 802
127 67
128 710
129 66
130 886
131 285
132 761
133 168
134 1014
135 892
136 710
137 515
138 95
139 665
140 813
141 870
142 1035
143 511
144 446
145 263
146 410
147 185
148 840
149 564
150 153
151 661
152 82
153 403
154 87
155 553
156 333
157 645
158 527
159 645
160 947
161 278
162 1080
163 357
164 163
165 359
166 1008
167 413
168 204
169 411
170 197
171 931
172 19
173 413
174 967
175 46
176 1038
177 138
178 737
179 182
180 120
181 197
182 1060
183 537
184 591
185 638
186 922
187 1099
188 273
189 1024
190 448
191 1117
192 378
193 190
194 476
195 718
196 159
197 122
198 866
199 40
200 573
201 919
202 636
203 145
204 576
205 947
206 794
207 1058
208 805
209 805
210 378
211 1039
212 201
213 802
214 912
215 295
216 57
217 757
218 265
219 177
220 449
221 357
222 766
223 858
224 1091
225 945
226 1052
227 197
228 302
229 358
230 396
231 931
232 380
233 184
234 834
235 270
236 359
237 354
238 42
239 756
240 119
241 633
242 275
243 469
244 362
245 771
246 428
247 755
248 5
249 542
250 278
251 955
252 549
253 732
254 496
255 486
256 284
257 765
258 379
259 324
260 750
261 748
262 640
263 550
264 759
265 411
266 1084
267 108
268 638
269 599
270 178
271 891
272 878
273 1037
274 654
275 834
276 883
277 268
278 148
279 45
280 41
281 469
282 823
283 186
284 986
285 349
286 796
287 977
288 1016
289 994
290 229
291 1026
292 26
293 781
294 656
295 644
296 440
297 43
298 905
299 908
300 314
301 1006
302 897
303 415
304 899
305 567
306 747
307 79
308 402
309 258
310 837
311 539
312 1114
313 379
314 97
315 446
316 774
317 735
318 245
319 79
320 375
321 402
322 464
323 289
324 552
325 378
326 306
327 277
328 677
329 807
330 298
331 1004
332 554
333 1037
334 610
335 217
336 824
337 8
338 136
339 869
340 748
341 246
342 626
343 1068
344 257
345 894
346 922
347 257
348 894
349 46
350 523
351 450
352 560
353 1015
354 386
355 232
356 1092
357 984
358 767
359 753
360 345
361 477
362 1049
363 632
364 111
365 1104
366 154
367 1094
368 333
369 1016
370 698
371 234
372 800
373 20
374 854
375 1124
376 359
377 504
378 505
379 958
380 46
381 682
382 32
383 947
384 40
385 534
386 960
387 801
388 177
389 991
390 489
391 159
392 1089
393 1122
394 724
395 843
396 513
397 299
398 315
399 119
400 818
401 83
402 689
403 877
404 371
405 1086
406 641
407 562
408 1065
409 312
410 304
411 610
412 71
413 164
414 103
415 779
416 866
417 807
418 438
419 1069
420 964
421 1073
422 354
423 1122
424 340
425 99
426 349
427 598
428 154
429 382
430 139
431 351
432 807
433 888
434 920
435 998
436 470
437 608
438 406
439 6
440 779
441 924
442 904
443 116
444 500
445 512
446 786
447 1050
448 84
449 868
450 543
451 1054
452 785
453 889
454 1070
455 546
456 762
457 930
458 997
459 675
460 195
461 587
462 845
463 535
464 386
465 793
466 888
467 632
468 825
469 251
470 891
471 230
472 113
473 868
474 830
475 982
476 117
477 133
478 557
479 830
480 130
481 307
482 505
483 340
484 29
485 938
486 473
487 460
488 466
489 864
490 58
491 903
492 657
493 25
494 558
495 1125
496 340
497 187
498 140
499 388
500 902
501 273
502 1036
503 354
504 148
505 8
506 576
507 168
508 30
509 726
510 474
511 198
512 8
513 254
514 843
515 894
516 946
517 861
518 528
519 580
520 1
521 389
522 667
523 246
524 134
525 747
526 547
527 220
528 117
529 1023
530 1039
531 225
532 528
533 918
534 150
535 27
536 283
537 385
538 373
539 459
540 839
541 1012
542 438
543 629
544 617
545 619
546 971
547 989
548 818
549 628
550 369
551 770
552 258
553 1027
554 918
555 446
556 959
557 35
558 835
559 966
560 256
561 664
562 2
563 766
564 1111
565 876
566 1015
567 903
568 917
569 693
570 468
571 184
572 1001
573 766
574 215
575 1074
576 479
577 850
578 367
579 56
580 1043
581 728
582 774
583 31
584 869
585 145
586 612
587 406
588 183
589 741
590 859
591 505
592 657
593 146
594 566
595 765
596 395
597 623
598 445
599 889
600 636
601 937
602 56
603 642
604 851
605 667
606 1056
607 605
608 335
609 543
610 382
611 138
612 789
613 538
614 710
615 495
616 633
617 704
618 567
619 921
620 1062
621 977
622 792
623 1027
624 1113
625 242
626 516
627 1004
628 249
629 613
630 236
631 155
632 664
633 161
634 203
635 448
636 913
637 538
638 467
639 236
640 212
641 705
642 522
643 473
644 936
645 415
646 175
647 676
648 1029
649 1073
650 777
651 889
652 103
653 809
654 1045
655 761
656 565
657 378
658 518
659 707
660 969
661 1028
662 860
663 235
664 731
665 516
666 370
667 1023
668 921
669 615
670 89
671 230
672 607
673 19
674 513
675 92
676 956
677 485
678 1115
679 468
680 982
681 849
682 802
683 288
684 963
685 258
686 797
687 921
688 578
689 385
690 379
691 424
692 327
693 331
694 372
695 1131
696 193
697 217
698 950
699 189
700 923
701 645
702 347
703 675
704 697
705 857
706 986
707 1064
708 971
709 376
710 108
711 414
712 283
713 836
714 1034
715 512
716 708
717 990
718 500
719 1035
720 835
721 177
722 813
723 542
724 590
725 455
726 336
727 981
728 715
729 516
730 963
731 421
732 1019
733 170
734 551
735 365
736 200
737 296
738 849
739 815
740 958
741 545
742 292
743 79
744 49
745 976
746 191
747 994
748 295
749 185
750 756
751 461
752 976
753 163
754 525
755 823
756 723
757 782
758 648
759 1032
760 381
761 755
762 66
763 876
764 615
765 1095
766 743
767 229
768 1106
769 43
770 594
771 34
772 733
773 333
774 376
775 362
776 158
777 230
778 876
779 779
780 767
781 573
782 473
783 973
784 128
785 1023
786 495
787 766
788 1064
789 275
790 664
791 190
792 369
793 142
794 1006
795 1077
796 5
797 732
798 853
799 689
800 1096
801 989
802 130
803 874
804 333
805 774
806 950
807 791
808 586
809 800
810 972
811 248
812 893
813 493
814 657
815 860
816 967
817 113
818 700
819 909
820 929
821 627
822 367
823 205
824 637
825 801
826 826
827 64
828 835
829 18
830 448
831 389
832 371
833 832
834 1008
835 332
836 533
837 568
838 756
839 1041
840 607
841 35
842 477
843 442
844 1072
845 1007
846 231
847 456
848 650
849 705
850 284
851 19
852 581
853 632
854 952
855 884
856 15
857 142
858 92
859 436
860 115
861 702
862 318
863 1079
864 595
865 803
866 487
867 953
868 633
869 749
870 747
871 74
872 870
873 198
874 839
875 195
876 81
877 159
878 340
879 558
880 572
881 246
882 1028
883 1011
884 885
885 571
886 1008
887 703
888 228
889 128
890 97
891 522
892 291
893 278
894 934
895 1050
896 755
897 397
898 1034
899 908
900 820
901 998
902 1074
903 732
904 649
905 718
906 809
907 473
908 91
909 946
910 792
911 735
912 775
913 412
914 178
915 191
916 487
917 916
918 343
919 161
920 951
921 634
922 60
923 1049
924 849
925 366
926 623
927 1100
928 305
929 28
930 1063
931 821
932 367
933 239
934 298
935 961
936 686
937 345
938 473
939 60
940 612
941 1037
942 275
943 83
944 184
945 188
946 445
947 530
948 68
949 17
950 742
951 1009
952 287
953 879
954 154
955 96
956 966
957 538
958 270
959 341
960 204
961 350
962 1084
963 181
964 766
965 473
966 1124
967 292
968 899
969 900
970 227
971 931
972 2
973 1111
974 121
975 168
976 932
977 136
978 180
979 1001
980 898
981 1029
982 1083
983 818
984 7
985 801
986 566
987 369
988 566
989 695
990 813
991 349
992 131
993 925
994 672
995 968
996 983
997 916
998 251
999 794
1000 563
1001 621
1002 518
1003 395
1004 1003
1005 220
1006 349
1007 1026
1008 1032
1009 1053
1010 599
1011 991
1012 564
1013 221
1014 710
1015 905
1016 150
1017 1056
1018 78
1019 16
1020 945
1021 324
1022 305
1023 486
1024 982
1025 444
1026 559
1027 615
1028 933
1029 64
1030 266
1031 250
1032 179
1033 566
1034 799
1035 167
1036 182
1037 715
1038 244
1039 787
1040 409
1041 1057
1042 719
1043 19
1044 235
1045 86
1046 47
1047 66
1048 1035
1049 1026
1050 499
1051 550
1052 279
1053 1130
1054 787
1055 187
1056 767
1057 604
1058 949
1059 1044
1060 1122
1061 808
1062 583
1063 242
1064 1109
1065 241
1066 936
1067 1037
1068 413
1069 834
1070 380
1071 492
1072 90
1073 810
1074 797
1075 202
1076 1023
1077 318
1078 185
1079 420
1080 226
1081 165
1082 476
1083 257
1084 295
1085 826
1086 384
1087 33
1088 437
1089 920
1090 372
1091 139
1092 319
1093 59
1094 932
1095 251
1096 819
1097 1081
1098 138
1099 647
1100 888
1101 1113
1102 879
1103 1042
1104 729
1105 10
1106 1124
1107 622
1108 849
1109 207
1110 433
1111 387
1112 378
1113 94
1114 1051
1115 402
1116 1058
1117 599
1118 1059
1119 303
1120 318
1121 507
1122 185
1123 302
1124 557
1125 481
1126 791
1127 221
1128 152
1129 453
1130 814
1131 810
0 1048
1 440
2 57
3 284
4 985
5 477
6 175
7 89
8 907
9 64
10 537
11 241
12 109
13 688
14 536
15 824
16 407
17 244
18 866
19 1016
20 250
21 763
22 967
23 1019
24 783
25 715
26 12
27 857
28 505
29 68
30 347
31 435
32 913
33 565
34 368
35 734
36 49
37 314
38 652
39 412
40 767
41 985
42 425
43 1037
44 322
45 276
46 805
47 883
48 381
49 672
50 903
51 367
52 358
53 412
54 297
55 419
56 2
57 38
58 837
59 877
60 256
61 715
62 136
63 78
64 115
65 610
66 68
67 225
68 838
69 825
70 931
71 1087
72 549
73 396
74 423
75 1102
76 1048
77 260
78 93
79 411
80 780
81 1039
82 388
83 45
84 355
85 674
86 417
87 494
88 53
89 122
90 97
91 1118
92 345
93 669
94 120
95 582
96 1089
97 900
98 382
99 257
100 543
101 189
102 187
103 36
104 327
105 359
106 276
107 235
108 850
109 372
110 543
111 420
112 597
113 1012
114 91
115 625
116 218
117 1043
118 1011
119 598
120 93
121 101
122 368
123 608
124 947
125 99
126 1121
127 656
128 710
129 66
130 886
131 14
132 660
133 1128
134 1014
135 892
136 710
137 129
138 95
139 665
140 786
141 175
142 1035
143 511
144 446
145 367
146 82
147 1097
148 840
149 408
150 153
151 661
152 1048
153 403
154 87
155 314
156 731
157 842
158 523
159 645
160 725
161 699
162 373
163 1075
164 163
165 806
166 609
167 413
168 951
169 411
170 639
171 333
172 32
173 413
174 198
175 46
176 66
177 138
178 711
179 182
180 977
181 751
182 1060
183 623
184 591
185 735
186 922
187 1058
188 273
189 1024
190 448
191 67
192 718
193 183
194 550
195 869
196 159
197 12
198 676
199 40
200 35
201 919
202 636
203 108
204 576
205 919
206 1072
207 793
208 805
209 805
210 670
211 1039
212 459
213 402
214 670
215 567
216 197
217 276
218 512
219 975
220 1081
221 868
222 766
223 905
224 1091
225 334
226 492
227 709
228 732
229 358
230 906
231 800
232 907
233 416
234 834
235 270
236 743
237 354
238 374
239 756
240 119
241 633
242 275
243 469
244 362
245 771
246 426
247 755
248 5
249 572
250 1125
251 783
252 549
253 732
254 496
255 7
256 621
257 976
258 379
259 324
260 504
261 975
262 379
263 366
264 601
265 411
266 1074
267 349
268 638
269 997
270 178
271 891
272 696
273 166
274 654
275 422
276 987
277 767
278 21
279 45
280 41
281 203
282 390
283 995
284 807
285 266
286 796
287 56
288 266
289 812
290 292
291 756
292 26
293 781
294 310
295 644
296 371
297 43
298 713
299 827
300 314
301 1006
302 725
303 288
304 899
305 567
306 842
307 623
308 563
309 853
310 837
311 267
312 1114
313 379
314 97
315 592
316 160
317 735
318 732
319 79
320 375
321 402
322 488
323 879
324 552
325 473
326 315
327 747
328 5
329 807
330 785
331 451
332 1076
333 385
334 398
335 217
336 938
337 100
338 967
339 208
340 623
341 1122
342 626
343 501
344 1081
345 806
346 922
347 257
348 262
349 321
350 523
351 450
352 863
353 1015
354 386
355 154
356 1092
357 984
358 384
359 844
360 186
361 1113
362 393
363 632
364 85
365 1104
366 936
367 290
368 333
369 1016
370 865
371 1108
372 920
373 583
374 596
375 1124
376 133
377 514
378 718
379 630
380 152
381 682
382 32
383 947
384 40
385 534
386 960
387 801
388 256
389 991
390 697
391 321
392 1089
393 1113
394 314
395 153
396 513
397 876
398 315
399 101
400 818
401 880
402 121
403 565
404 271
405 508
406 641
407 562
408 1065
409 312
410 304
411 527
412 71
413 164
414 103
415 841
416 866
417 630
418 814
419 1069
420 964
421 685
422 954
423 843
424 980
425 442
426 789
427 1100
428 68
429 762
430 886
431 998
432 454
433 888
434 920
435 946
436 470
437 992
438 406
439 97
440 779
441 521
442 132
443 116
444 370
445 512
446 846
447 170
448 84
449 322
450 543
451 1121
452 282
453 828
454 1070
455 971
456 233
457 930
458 685
459 675
460 818
461 278
462 845
463 535
464 386
465 793
466 963
467 622
468 825
469 981
470 686
471 230
472 477
473 408
474 830
475 213
476 595
477 708
478 616
479 830
480 59
481 262
482 241
483 340
484 744
485 1022
486 780
487 733
488 635
489 864
490 58
491 661
492 657
493 922
494 558
495 1125
496 340
497 187
498 429
499 388
500 902
501 293
502 712
503 354
504 148
505 8
506 116
507 676
508 251
509 726
510 228
511 198
512 431
513 254
514 1104
515 993
516 278
517 861
518 374
519 580
520 104
521 389
522 485
523 246
524 134
525 554
526 614
527 430
528 117
529 461
530 1039
531 225
532 528
533 251
534 160
535 27
536 283
537 340
538 680
539 459
540 353
541 14
542 3
543 629
544 617
545 619
546 121
547 806
548 818
549 628
550 369
551 799
552 744
553 1027
554 89
555 64
556 959
557 1114
558 1057
559 966
560 1090
561 176
562 82
563 766
564 319
565 659
566 1117
567 988
568 69
569 693
570 468
571 189
572 714
573 766
574 215
575 695
576 694
577 783
578 667
579 249
580 897
581 728
582 774
583 31
584 848
585 1078
586 21
587 406
588 183
589 301
590 859
591 505
592 657
593 579
594 98
595 138
596 912
597 623
598 56
599 889
600 841
601 937
602 56
603 642
604 901
605 512
606 1038
607 1022
608 19
609 543
610 549
611 1089
612 957
613 538
614 138
615 54
616 875
617 677
618 662
619 921
620 1062
621 228
622 792
623 1007
624 526
625 242
626 14
627 1004
628 249
629 834
630 715
631 155
632 678
633 161
634 203
635 448
636 508
637 538
638 1
639 236
640 964
641 889
642 522
643 473
644 936
645 919
646 175
647 676
648 1029
649 218
650 523
651 889
652 103
653 180
654 34
655 761
656 572
657 378
658 808
659 737
660 799
661 997
662 860
663 55
664 731
665 516
666 879
667 951
668 921
669 615
670 382
671 230
672 284
673 926
674 358
675 407
676 575
677 259
678 1115
679 384
680 982
681 849
682 802
683 830
684 963
685 309
686 281
687 617
688 578
689 575
690 379
691 1011
692 8
693 301
694 792
695 1131
696 193
697 217
698 1116
699 766
700 489
701 613
702 35
703 675
704 697
705 638
706 123
707 1064
708 971
709 376
710 108
711 414
712 28
713 732
714 1034
715 512
716 708
717 324
718 500
719 811
720 199
721 761
722 253
723 414
724 618
725 571
726 342
727 981
728 379
729 516
730 963
731 421
732 1019
733 170
734 243
735 802
736 1063
737 871
738 849
739 119
740 206
741 226
742 292
743 709
744 49
745 1085
746 450
747 388
748 295
749 144
750 756
751 461
752 695
753 163
754 294
755 866
756 938
757 782
758 735
759 1032
760 381
761 755
762 1006
763 876
764 326
765 1095
766 743
767 769
768 1106
769 154
770 865
771 1061
772 463
773 333
774 1082
775 362
776 76
777 230
778 876
779 779
780 445
781 939
782 1036
783 982
784 171
785 595
786 495
787 766
788 1068
789 996
790 760
791 86
792 369
793 142
794 461
795 1077
796 426
797 732
798 1049
799 689
800 817
801 149
802 782
803 857
804 71
805 960
806 704
807 1131
808 307
809 444
810 181
811 425
812 893
813 401
814 657
815 860
816 567
817 188
818 574
819 909
820 929
821 889
822 367
823 982
824 637
825 700
826 457
827 330
828 499
829 18
830 448
831 455
832 476
833 859
834 79
835 332
836 533
837 568
838 756
839 1128
840 607
841 210
842 0
843 442
844 685
845 1007
846 82
847 456
848 387
849 313
850 284
851 19
852 581
853 386
854 952
855 884
856 891
857 142
858 92
859 436
860 39
861 1096
862 436
863 459
864 595
865 889
866 489
867 953
868 633
869 609
870 1116
871 670
872 870
873 558
874 839
875 195
876 81
877 1112
878 17
879 463
880 1011
881 875
882 723
883 1011
884 65
885 885
886 694
887 551
888 291
889 37
890 97
891 632
892 1115
893 383
894 934
895 707
896 755
897 397
898 356
899 959
900 820
901 595
902 586
903 683
904 649
905 595
906 809
907 713
908 69
909 946
910 546
911 735
912 775
913 412
914 178
915 1061
916 487
917 12
918 343
919 210
920 641
921 33
922 266
923 1007
924 680
925 746
926 34
927 964
928 305
929 329
930 620
931 821
932 367
933 239
934 298
935 155
936 686
937 545
938 813
939 60
940 612
941 567
942 275
943 300
944 66
945 722
946 335
947 22
948 915
949 736
950 742
951 1009
952 287
953 879
954 201
955 862
956 203
957 886
958 131
959 297
960 204
961 350
962 1084
963 181
964 766
965 116
966 1124
967 374
968 899
969 1059
970 227
971 931
972 909
973 173
974 121
975 168
976 296
977 505
978 754
979 1104
980 898
981 1029
982 531
983 818
984 7
985 575
986 566
987 369
988 1045
989 360
990 158
991 459
992 880
993 925
994 973
995 498
996 983
997 628
998 1046
999 657
1000 143
1001 147
1002 518
1003 799
1004 1014
1005 220
1006 349
1007 1026
1008 1106
1009 551
1010 483
1011 991
1012 775
1013 741
1014 8
1015 1039
1016 630
1017 1056
1018 78
1019 387
1020 413
1021 620
1022 290
1023 828
1024 982
1025 50
1026 559
1027 75
1028 933
1029 64
1030 266
1031 430
1032 179
1033 18
1034 799
1035 851
1036 117
1037 609
1038 244
1039 787
1040 710
1041 972
1042 719
1043 618
1044 235
1045 1051
1046 47
1047 66
1048 1035
1049 1026
1050 499
1051 1119
1052 279
1053 1130
1054 809
1055 859
1056 194
1057 604
1058 949
1059 112
1060 21
1061 680
1062 583
1063 354
1064 510
1065 267
1066 295
1067 208
1068 413
1069 834
1070 380
1071 492
1072 548
1073 353
1074 1114
1075 314
1076 1023
1077 318
1078 185
1079 1097
1080 658
1081 165
1082 136
1083 257
1084 295
1085 826
1086 201
1087 691
1088 932
1089 920
1090 372
1091 139
1092 319
1093 516
1094 932
1095 508
1096 819
1097 1081
1098 1064
1099 405
1100 966
1101 228
1102 522
1103 1042
1104 596
1105 1044
1106 939
1107 129
1108 1102
1109 207
1110 310
1111 387
1112 301
1113 94
1114 1051
1115 402
1116 1058
1117 160
1118 1059
1119 303
1120 318
1121 874
1122 309
1123 626
1124 557
1125 620
1126 791
1127 205
1128 272
1129 622
1130 361
1131 810
