0 279
1 880
2 840
3 161
4 75
5 40
6 768
7 261
8 671
9 561
10 564
11 1102
12 1053
13 835
14 845
15 845
16 452
17 92
18 324
19 937
20 222
21 910
22 0
23 496
24 286
25 849
26 573
27 514
28 307
29 654
30 485
31 488
32 245
33 472
34 1080
35 33
36 685
37 320
38 800
39 700
40 518
41 219
42 355
43 196
44 482
45 105
46 39
47 1067
48 195
49 313
50 520
51 944
52 243
53 602
54 703
55 812
56 267
57 936
58 568
59 774
60 46
61 24
62 858
63 618
64 656
65 311
66 764
67 881
68 921
69 68
70 701
71 5
72 408
73 220
74 1085
75 414
76 317
77 586
78 764
79 536
80 956
81 1081
82 847
83 70
84 417
85 57
86 358
87 560
88 534
89 587
90 166
91 876
92 825
93 501
94 397
95 109
96 506
97 1061
98 111
99 749
100 171
101 834
102 638
103 118
104 571
105 450
106 386
107 570
108 624
109 482
110 1012
111 652
112 935
113 132
114 410
115 858
116 925
117 640
118 338
119 440
120 237
121 1074
122 227
123 192
124 158
125 467
126 776
127 649
128 418
129 656
130 864
131 721
132 1125
133 556
134 111
135 1036
136 553
137 1126
138 394
139 679
140 751
141 321
142 878
143 184
144 730
145 265
146 410
147 190
148 1034
149 169
150 191
151 742
152 323
153 629
154 654
155 724
156 921
157 568
158 994
159 900
160 549
161 88
162 357
163 378
164 803
165 949
166 404
167 12
168 824
169 154
170 551
171 754
172 570
173 567
174 189
175 1005
176 678
177 611
178 919
179 315
180 235
181 929
182 104
183 64
184 986
185 494
186 700
187 386
188 731
189 463
190 792
191 180
192 513
193 994
194 198
195 257
196 463
197 342
198 398
199 386
200 379
201 630
202 956
203 836
204 451
205 458
206 592
207 96
208 753
209 1075
210 256
211 261
212 711
213 857
214 248
215 182
216 296
217 1056
218 861
219 335
220 874
221 456
222 573
223 224
224 567
225 1028
226 179
227 67
228 739
229 787
230 579
231 703
232 344
233 1065
234 463
235 390
236 747
237 991
238 1024
239 573
240 853
241 1126
242 643
243 640
244 927
245 365
246 99
247 184
248 614
249 821
250 454
251 469
252 1072
253 297
254 742
255 726
256 220
257 745
258 201
259 147
260 674
261 368
262 453
263 739
264 408
265 512
266 1072
267 626
268 355
269 186
270 328
271 133
272 755
273 535
274 831
275 684
276 287
277 669
278 654
279 789
280 101
281 396
282 428
283 309
284 1062
285 779
286 529
287 810
288 569
289 806
290 574
291 676
292 1103
293 708
294 175
295 342
296 781
297 448
298 846
299 127
300 354
301 136
302 826
303 375
304 516
305 420
306 616
307 665
308 999
309 565
310 789
311 578
312 829
313 1111
314 701
315 798
316 188
317 260
318 344
319 755
320 989
321 1098
322 1123
323 114
324 1111
325 1003
326 65
327 873
328 289
329 17
330 664
331 444
332 306
333 960
334 831
335 408
336 1104
337 997
338 771
339 443
340 202
341 618
342 650
343 69
344 1091
345 663
346 57
347 499
348 553
349 699
350 766
351 946
352 309
353 40
354 954
355 1045
356 771
357 735
358 812
359 803
360 256
361 323
362 1017
363 496
364 175
365 115
366 240
367 823
368 685
369 501
370 953
371 59
372 557
373 20
374 687
375 734
376 736
377 462
378 666
379 691
380 569
381 267
382 521
383 426
384 1053
385 244
386 156
387 1041
388 260
389 248
390 634
391 417
392 486
393 322
394 646
395 595
396 239
397 902
398 184
399 324
400 655
401 1093
402 248
403 241
404 1035
405 932
406 887
407 615
408 748
409 604
410 328
411 404
412 912
413 428
414 297
415 460
416 858
417 937
418 856
419 185
420 80
421 984
422 1
423 754
424 561
425 1110
426 1093
427 336
428 697
429 644
430 1131
431 952
432 135
433 981
434 1069
435 9
436 911
437 707
438 70
439 997
440 709
441 39
442 362
443 651
444 1088
445 1066
446 1069
447 400
448 259
449 834
450 625
451 498
452 693
453 931
454 277
455 155
456 593
457 861
458 846
459 335
460 780
461 223
462 629
463 848
464 353
465 764
466 603
467 376
468 452
469 1051
470 460
471 966
472 950
473 874
474 727
475 534
476 1117
477 329
478 778
479 157
480 586
481 243
482 360
483 730
484 1
485 128
486 837
487 802
488 7
489 1062
490 0
491 29
492 180
493 1030
494 353
495 382
496 969
497 918
498 1088
499 94
500 294
501 947
502 947
503 607
504 522
505 455
506 649
507 365
508 669
509 41
510 1042
511 1071
512 1103
513 399
514 565
515 295
516 895
517 592
518 609
519 555
520 530
521 877
522 165
523 803
524 90
525 173
526 881
527 909
528 743
529 1118
530 607
531 547
532 257
533 1114
534 323
535 935
536 806
537 525
538 504
539 245
540 420
541 369
542 603
543 124
544 960
545 19
546 381
547 292
548 916
549 220
550 217
551 482
552 384
553 172
554 238
555 1029
556 194
557 88
558 863
559 909
560 209
561 768
562 394
563 149
564 264
565 73
566 378
567 19
568 680
569 34
570 1102
571 424
572 1106
573 1092
574 506
575 975
576 1051
577 710
578 1079
579 342
580 991
581 908
582 329
583 935
584 927
585 951
586 1049
587 474
588 506
589 728
590 739
591 269
592 187
593 901
594 607
595 937
596 588
597 821
598 736
599 164
600 271
601 558
602 378
603 953
604 172
605 469
606 241
607 338
608 1029
609 987
610 491
611 602
612 331
613 1077
614 991
615 667
616 93
617 724
618 499
619 413
620 660
621 1009
622 755
623 30
624 471
625 925
626 672
627 629
628 706
629 844
630 71
631 610
632 278
633 845
634 230
635 1099
636 1095
637 274
638 918
639 100
640 21
641 337
642 955
643 323
644 153
645 362
646 1070
647 464
648 755
649 61
650 411
651 1086
652 507
653 870
654 53
655 1081
656 450
657 883
658 426
659 586
660 536
661 393
662 465
663 712
664 914
665 167
666 162
667 898
668 72
669 174
670 874
671 666
672 830
673 278
674 916
675 243
676 140
677 215
678 813
679 52
680 391
681 999
682 369
683 18
684 730
685 754
686 63
687 780
688 604
689 883
690 787
691 528
692 620
693 87
694 557
695 331
696 431
697 24
698 530
699 290
700 813
701 619
702 240
703 742
704 16
705 1039
706 65
707 936
708 785
709 524
710 648
711 121
712 238
713 770
714 230
715 569
716 594
717 278
718 25
719 352
720 971
721 1017
722 760
723 118
724 740
725 987
726 10
727 752
728 756
729 416
730 883
731 929
732 951
733 757
734 165
735 772
736 627
737 883
738 29
739 858
740 179
741 203
742 33
743 101
744 716
745 1103
746 982
747 1117
748 392
749 856
750 484
751 840
752 556
753 137
754 1
755 793
756 900
757 26
758 15
759 1063
760 629
761 793
762 794
763 944
764 1117
765 402
766 463
767 596
768 881
769 106
770 314
771 869
772 1093
773 577
774 623
775 948
776 709
777 891
778 429
779 650
780 59
781 422
782 759
783 415
784 993
785 996
786 122
787 885
788 817
789 946
790 924
791 341
792 917
793 664
794 1071
795 913
796 331
797 200
798 50
799 799
800 446
801 814
802 768
803 24
804 774
805 451
806 484
807 1027
808 380
809 75
810 376
811 210
812 529
813 36
814 603
815 197
816 57
817 891
818 875
819 563
820 1010
821 65
822 148
823 480
824 665
825 436
826 1009
827 552
828 58
829 904
830 63
831 725
832 988
833 39
834 892
835 565
836 813
837 424
838 303
839 44
840 5
841 936
842 389
843 406
844 12
845 941
846 224
847 407
848 1121
849 326
850 537
851 785
852 141
853 476
854 428
855 832
856 773
857 1125
858 678
859 942
860 851
861 7
862 656
863 937
864 1044
865 312
866 296
867 287
868 990
869 103
870 35
871 31
872 851
873 784
874 222
875 65
876 749
877 875
878 675
879 521
880 735
881 585
882 420
883 926
884 419
885 611
886 602
887 438
888 433
889 509
890 180
891 306
892 791
893 105
894 505
895 148
896 896
897 928
898 689
899 1047
900 750
901 441
902 694
903 1061
904 293
905 33
906 527
907 81
908 800
909 55
910 702
911 793
912 9
913 41
914 800
915 278
916 1102
917 1108
918 236
919 349
920 603
921 656
922 889
923 243
924 366
925 709
926 1094
927 751
928 844
929 645
930 679
931 249
932 365
933 806
934 251
935 505
936 506
937 1039
938 357
939 900
940 1000
941 15
942 98
943 1122
944 719
945 976
946 1110
947 308
948 842
949 1122
950 768
951 262
952 429
953 19
954 1026
955 682
956 150
957 759
958 157
959 717
960 750
961 738
962 1020
963 689
964 49
965 650
966 304
967 112
968 344
969 849
970 474
971 880
972 318
973 31
974 634
975 57
976 744
977 1112
978 309
979 437
980 113
981 117
982 281
983 281
984 183
985 806
986 1121
987 61
988 207
989 210
990 318
991 846
992 499
993 129
994 501
995 1043
996 598
997 165
998 632
999 588
1000 651
1001 456
1002 436
1003 521
1004 370
1005 39
1006 1055
1007 859
1008 592
1009 149
1010 127
1011 365
1012 457
1013 760
1014 170
1015 1080
1016 289
1017 132
1018 244
1019 46
1020 738
1021 853
1022 1087
1023 496
1024 786
1025 184
1026 717
1027 954
1028 607
1029 558
1030 747
1031 1128
1032 723
1033 556
1034 472
1035 485
1036 131
1037 876
1038 403
1039 645
1040 1027
1041 516
1042 686
1043 549
1044 609
1045 556
1046 439
1047 42
1048 44
1049 142
1050 670
1051 531
1052 341
1053 187
1054 231
1055 276
1056 678
1057 355
1058 256
1059 65
1060 137
1061 416
1062 692
1063 727
1064 1072
1065 416
1066 361
1067 335
1068 952
1069 372
1070 395
1071 885
1072 961
1073 286
1074 846
1075 1043
1076 962
1077 229
1078 776
1079 1101
1080 467
1081 1128
1082 627
1083 386
1084 121
1085 486
1086 95
1087 988
1088 695
1089 1009
1090 828
1091 773
1092 369
1093 222
1094 582
1095 16
1096 768
1097 848
1098 602
1099 1076
1100 1015
1101 176
1102 26
1103 222
1104 533
1105 536
1106 309
1107 7
1108 626
1109 412
1110 395
1111 1000
1112 682
1113 371
1114 293
1115 788
1116 343
1117 492
1118 919
1119 984
1120 115
1121 671
1122 287
1123 926
1124 306
1125 614
1126 827
1127 849
1128 502
1129 802
1130 408
1131 977
0 998
1 532
2 840
3 591
4 75
5 137
6 1114
7 753
8 671
9 561
10 564
11 9
12 761
13 896
14 845
15 748
16 527
17 736
18 637
19 937
20 405
21 910
22 176
23 496
24 286
25 849
26 573
27 514
28 1045
29 748
30 232
31 1036
32 245
33 741
34 1038
35 399
36 496
37 320
38 219
39 82
40 605
41 219
42 774
43 1110
44 556
45 301
46 500
47 797
48 819
49 313
50 103
51 944
52 243
53 250
54 703
55 812
56 897
57 936
58 568
59 191
60 617
61 352
62 858
63 618
64 960
65 311
66 764
67 881
68 1084
69 68
70 701
71 159
72 756
73 591
74 323
75 414
76 225
77 419
78 648
79 969
80 956
81 412
82 105
83 713
84 5
85 628
86 977
87 220
88 252
89 486
90 166
91 876
92 626
93 501
94 397
95 338
96 228
97 250
98 111
99 115
100 39
101 593
102 960
103 749
104 424
105 271
106 194
107 570
108 729
109 482
110 943
111 744
112 935
113 132
114 938
115 858
116 925
117 786
118 44
119 887
120 237
121 1097
122 364
123 192
124 152
125 467
126 296
127 823
128 908
129 597
130 855
131 721
132 265
133 556
134 111
135 1036
136 1056
137 856
138 449
139 679
140 751
141 321
142 626
143 184
144 730
145 265
146 170
147 731
148 346
149 91
150 191
151 643
152 323
153 277
154 654
155 850
156 203
157 568
158 399
159 900
160 549
161 88
162 1071
163 203
164 803
165 981
166 404
167 643
168 979
169 1036
170 551
171 754
172 575
173 339
174 189
175 249
176 678
177 611
178 681
179 315
180 235
181 490
182 414
183 847
184 82
185 494
186 224
187 563
188 805
189 463
190 792
191 180
192 161
193 994
194 198
195 229
196 463
197 342
198 375
199 446
200 906
201 187
202 956
203 207
204 829
205 458
206 350
207 96
208 481
209 368
210 376
211 261
212 435
213 857
214 248
215 532
216 296
217 1056
218 861
219 335
220 1109
221 456
222 152
223 21
224 7
225 1042
226 179
227 67
228 739
229 73
230 1077
231 703
232 423
233 261
234 816
235 1012
236 946
237 938
238 1024
239 573
240 833
241 1126
242 1041
243 1126
244 927
245 474
246 598
247 184
248 950
249 533
250 454
251 406
252 1072
253 876
254 658
255 957
256 220
257 20
258 765
259 1116
260 674
261 319
262 453
263 739
264 721
265 543
266 740
267 690
268 355
269 692
270 328
271 133
272 1130
273 402
274 831
275 684
276 287
277 56
278 654
279 789
280 637
281 47
282 118
283 309
284 1062
285 823
286 899
287 617
288 569
289 806
290 167
291 676
292 584
293 271
294 958
295 342
296 781
297 448
298 787
299 127
300 970
301 136
302 860
303 375
304 773
305 413
306 797
307 972
308 676
309 565
310 789
311 537
312 829
313 925
314 701
315 798
316 569
317 609
318 442
319 432
320 989
321 758
322 1123
323 114
324 1111
325 525
326 65
327 899
328 289
329 405
330 664
331 798
332 306
333 422
334 831
335 776
336 614
337 386
338 771
339 516
340 202
341 618
342 650
343 425
344 1091
345 305
346 57
347 1096
348 133
349 699
350 766
351 744
352 309
353 40
354 425
355 1045
356 988
357 735
358 541
359 797
360 609
361 323
362 1018
363 1058
364 719
365 115
366 660
367 609
368 685
369 501
370 953
371 730
372 557
373 314
374 687
375 817
376 736
377 462
378 666
379 691
380 569
381 594
382 590
383 163
384 1053
385 223
386 549
387 1041
388 550
389 248
390 944
391 731
392 486
393 322
394 342
395 597
396 239
397 1119
398 32
399 324
400 655
401 275
402 250
403 241
404 1035
405 932
406 887
407 975
408 748
409 718
410 328
411 183
412 58
413 428
414 297
415 460
416 496
417 376
418 859
419 185
420 49
421 630
422 408
423 393
424 561
425 607
426 783
427 336
428 697
429 644
430 701
431 589
432 705
433 943
434 527
435 389
436 516
437 535
438 70
439 997
440 709
441 807
442 362
443 651
444 1120
445 263
446 511
447 130
448 525
449 68
450 625
451 946
452 138
453 22
454 277
455 1114
456 1
457 36
458 434
459 335
460 780
461 223
462 629
463 848
464 828
465 764
466 603
467 376
468 452
469 1075
470 928
471 966
472 14
473 468
474 785
475 534
476 1117
477 444
478 1067
479 107
480 642
481 243
482 741
483 72
484 1095
485 321
486 73
487 802
488 236
489 792
490 0
491 398
492 285
493 1030
494 497
495 446
496 969
497 918
498 601
499 312
500 294
501 1129
502 837
503 607
504 345
505 455
506 649
507 365
508 669
509 254
510 466
511 756
512 585
513 399
514 565
515 280
516 1096
517 119
518 609
519 450
520 1003
521 210
522 789
523 1067
524 164
525 173
526 881
527 763
528 986
529 57
530 607
531 165
532 257
533 1114
534 323
535 545
536 473
537 972
538 143
539 933
540 420
541 438
542 35
543 245
544 960
545 19
546 381
547 73
548 916
549 310
550 217
551 336
552 549
553 341
554 238
555 1029
556 194
557 88
558 863
559 909
560 209
561 650
562 394
563 179
564 1130
565 90
566 378
567 19
568 740
569 125
570 579
571 424
572 1106
573 78
574 506
575 739
576 1051
577 108
578 1079
579 342
580 1034
581 1104
582 707
583 935
584 695
585 772
586 1049
587 424
588 496
589 728
590 739
591 13
592 192
593 799
594 988
595 937
596 833
597 478
598 522
599 164
600 560
601 558
602 378
603 953
604 922
605 469
606 241
607 337
608 1029
609 987
610 491
611 602
612 331
613 389
614 690
615 708
616 503
617 724
618 373
619 450
620 660
621 825
622 755
623 969
624 539
625 300
626 672
627 629
628 534
629 851
630 390
631 374
632 278
633 845
634 784
635 493
636 1042
637 274
638 918
639 100
640 21
641 898
642 211
643 323
644 153
645 362
646 1070
647 872
648 755
649 427
650 411
651 955
652 507
653 882
654 1023
655 1081
656 450
657 201
658 426
659 709
660 536
661 201
662 465
663 1030
664 914
665 189
666 162
667 239
668 223
669 422
670 1066
671 855
672 87
673 238
674 280
675 311
676 526
677 111
678 865
679 529
680 121
681 999
682 1035
683 18
684 730
685 754
686 63
687 780
688 364
689 5
690 811
691 528
692 914
693 87
694 135
695 1090
696 693
697 702
698 179
699 481
700 991
701 865
702 240
703 1075
704 603
705 367
706 65
707 432
708 491
709 915
710 480
711 1057
712 238
713 521
714 230
715 697
716 594
717 24
718 782
719 539
720 921
721 1050
722 697
723 118
724 281
725 893
726 503
727 124
728 977
729 744
730 883
731 859
732 852
733 450
734 96
735 990
736 759
737 347
738 29
739 16
740 1073
741 601
742 357
743 101
744 716
745 387
746 657
747 4
748 471
749 856
750 1102
751 415
752 16
753 968
754 1
755 793
756 900
757 26
758 15
759 147
760 629
761 793
762 303
763 75
764 1117
765 402
766 827
767 441
768 881
769 277
770 541
771 869
772 1093
773 286
774 1101
775 544
776 706
777 658
778 958
779 562
780 628
781 316
782 759
783 415
784 563
785 125
786 271
787 789
788 817
789 936
790 924
791 341
792 612
793 664
794 120
795 637
796 921
797 448
798 50
799 639
800 446
801 814
802 768
803 26
804 713
805 451
806 580
807 1027
808 607
809 76
810 376
811 169
812 1109
813 36
814 478
815 197
816 57
817 874
818 875
819 718
820 1010
821 22
822 148
823 252
824 665
825 436
826 1009
827 656
828 323
829 22
830 44
831 725
832 1023
833 1074
834 370
835 480
836 701
837 348
838 303
839 425
840 751
841 606
842 389
843 406
844 12
845 941
846 224
847 147
848 1121
849 326
850 537
851 785
852 141
853 318
854 428
855 550
856 773
857 1125
858 678
859 942
860 799
861 7
862 931
863 937
864 73
865 33
866 601
867 209
868 823
869 648
870 35
871 762
872 163
873 784
874 222
875 721
876 109
877 875
878 675
879 258
880 1011
881 585
882 958
883 327
884 724
885 734
886 552
887 944
888 433
889 509
890 255
891 306
892 791
893 105
894 505
895 675
896 955
897 928
898 521
899 830
900 750
901 90
902 694
903 179
904 293
905 33
906 758
907 480
908 232
909 904
910 702
911 793
912 76
913 773
914 985
915 201
916 392
917 1108
918 36
919 189
920 393
921 571
922 889
923 243
924 371
925 709
926 1094
927 133
928 158
929 645
930 679
931 249
932 167
933 806
934 438
935 505
936 683
937 347
938 714
939 262
940 1000
941 15
942 98
943 1122
944 719
945 976
946 860
947 815
948 842
949 887
950 749
951 731
952 789
953 19
954 1026
955 180
956 90
957 292
958 157
959 717
960 750
961 7
962 730
963 287
964 49
965 650
966 155
967 1008
968 44
969 310
970 474
971 803
972 318
973 31
974 634
975 619
976 803
977 1112
978 80
979 729
980 247
981 117
982 281
983 281
984 1099
985 779
986 1130
987 61
988 1117
989 369
990 318
991 846
992 499
993 975
994 501
995 847
996 598
997 165
998 632
999 971
1000 26
1001 456
1002 27
1003 521
1004 370
1005 864
1006 1055
1007 859
1008 252
1009 70
1010 127
1011 742
1012 1000
1013 760
1014 170
1015 1080
1016 974
1017 132
1018 244
1019 524
1020 738
1021 17
1022 1075
1023 736
1024 786
1025 976
1026 717
1027 56
1028 607
1029 401
1030 747
1031 419
1032 1107
1033 436
1034 472
1035 485
1036 1015
1037 876
1038 403
1039 125
1040 1027
1041 99
1042 1083
1043 549
1044 848
1045 556
1046 439
1047 641
1048 96
1049 251
1050 670
1051 531
1052 341
1053 644
1054 793
1055 489
1056 198
1057 325
1058 1030
1059 257
1060 127
1061 416
1062 249
1063 312
1064 1072
1065 416
1066 361
1067 335
1068 952
1069 372
1070 395
1071 558
1072 453
1073 470
1074 846
1075 734
1076 52
1077 537
1078 490
1079 1101
1080 467
1081 197
1082 627
1083 154
1084 817
1085 486
1086 95
1087 688
1088 1098
1089 1009
1090 561
1091 773
1092 369
1093 520
1094 582
1095 950
1096 911
1097 322
1098 506
1099 989
1100 1028
1101 176
1102 26
1103 222
1104 533
1105 770
1106 309
1107 1089
1108 566
1109 1017
1110 395
1111 1000
1112 592
1113 129
1114 8
1115 251
1116 343
1117 403
1118 633
1119 1031
1120 837
1121 82
1122 287
1123 926
1124 306
1125 614
1126 62
1127 849
1128 502
1129 1117
1130 96
1131 67
