0 291
1 61
2 630
3 357
4 512
5 316
6 690
7 322
8 659
9 975
10 7
11 1018
12 903
13 681
14 34
15 947
16 615
17 203
18 708
19 94
20 823
21 612
22 837
23 928
24 590
25 58
26 249
27 61
28 829
29 220
30 925
31 496
32 509
33 898
34 470
35 923
36 566
37 80
38 1011
39 796
40 615
41 1101
42 268
43 29
44 226
45 1050
46 337
47 305
48 373
49 753
50 526
51 568
52 1001
53 673
54 728
55 906
56 943
57 109
58 35
59 956
60 531
61 730
62 390
63 512
64 737
65 909
66 500
67 812
68 1081
69 376
70 650
71 869
72 226
73 61
74 1007
75 578
76 98
77 479
78 722
79 426
80 1107
81 500
82 100
83 659
84 1006
85 874
86 822
87 367
88 488
89 649
90 512
91 872
92 803
93 680
94 1037
95 1090
96 31
97 979
98 664
99 223
100 108
101 400
102 463
103 695
104 658
105 1053
106 714
107 702
108 114
109 635
110 433
111 260
112 620
113 1078
114 606
115 802
116 1015
117 105
118 587
119 948
120 484
121 542
122 179
123 435
124 953
125 868
126 1008
127 969
128 393
129 70
130 400
131 187
132 87
133 1058
134 960
135 249
136 849
137 661
138 407
139 973
140 694
141 828
142 515
143 139
144 1074
145 656
146 519
147 948
148 817
149 377
150 682
151 1084
152 584
153 530
154 180
155 776
156 7
157 602
158 40
159 6
160 555
161 13
162 382
163 842
164 975
165 668
166 1130
167 917
168 683
169 510
170 913
171 967
172 102
173 323
174 842
175 236
176 931
177 418
178 76
179 1025
180 1001
181 214
182 162
183 707
184 654
185 939
186 869
187 916
188 1003
189 937
190 718
191 35
192 769
193 13
194 745
195 481
196 110
197 487
198 60
199 661
200 131
201 229
202 4
203 732
204 725
205 598
206 376
207 815
208 1007
209 205
210 176
211 836
212 537
213 116
214 35
215 120
216 38
217 554
218 1010
219 707
220 883
221 764
222 636
223 89
224 34
225 206
226 997
227 888
228 410
229 751
230 412
231 809
232 903
233 380
234 1078
235 891
236 579
237 1052
238 821
239 568
240 294
241 40
242 194
243 396
244 845
245 721
246 866
247 514
248 667
249 782
250 772
251 1087
252 283
253 1065
254 630
255 988
256 371
257 170
258 333
259 80
260 23
261 68
262 562
263 107
264 1045
265 970
266 1100
267 585
268 399
269 174
270 509
271 363
272 151
273 1107
274 970
275 562
276 941
277 139
278 38
279 858
280 372
281 601
282 604
283 371
284 729
285 794
286 925
287 170
288 675
289 567
290 222
291 493
292 986
293 957
294 984
295 253
296 4
297 115
298 320
299 850
300 854
301 188
302 1024
303 988
304 77
305 1053
306 200
307 780
308 208
309 47
310 924
311 176
312 763
313 321
314 524
315 884
316 550
317 594
318 1039
319 1006
320 122
321 628
322 535
323 488
324 140
325 879
326 549
327 791
328 258
329 436
330 1008
331 179
332 887
333 63
334 794
335 916
336 148
337 1044
338 699
339 674
340 1031
341 123
342 1121
343 1050
344 542
345 1103
346 414
347 1056
348 1
349 489
350 685
351 496
352 443
353 136
354 1039
355 710
356 261
357 1005
358 822
359 801
360 277
361 781
362 681
363 1024
364 366
365 670
366 668
367 61
368 494
369 677
370 56
371 1090
372 500
373 1005
374 220
375 436
376 672
377 283
378 1046
379 214
380 1010
381 390
382 267
383 69
384 766
385 1001
386 740
387 212
388 450
389 745
390 716
391 709
392 173
393 975
394 873
395 837
396 133
397 393
398 120
399 230
400 224
401 322
402 686
403 227
404 225
405 172
406 843
407 425
408 1036
409 514
410 543
411 793
412 403
413 1057
414 604
415 644
416 840
417 448
418 630
419 921
420 535
421 293
422 656
423 474
424 146
425 1040
426 663
427 536
428 268
429 1099
430 852
431 410
432 460
433 148
434 837
435 136
436 184
437 254
438 582
439 594
440 469
441 877
442 827
443 968
444 152
445 1113
446 384
447 1048
448 557
449 970
450 645
451 985
452 466
453 114
454 270
455 434
456 148
457 455
458 494
459 78
460 1062
461 769
462 780
463 1056
464 898
465 127
466 811
467 351
468 1000
469 912
470 281
471 243
472 709
473 1079
474 886
475 353
476 154
477 326
478 1098
479 549
480 428
481 648
482 893
483 43
484 813
485 529
486 774
487 74
488 1080
489 1031
490 95
491 245
492 722
493 177
494 235
495 429
496 380
497 944
498 360
499 850
500 200
501 256
502 346
503 467
504 1125
505 304
506 574
507 133
508 420
509 711
510 583
511 673
512 129
513 671
514 1066
515 64
516 293
517 96
518 88
519 726
520 1122
521 552
522 761
523 272
524 127
525 411
526 711
527 552
528 1017
529 475
530 692
531 905
532 70
533 648
534 108
535 1092
536 870
537 776
538 890
539 679
540 313
541 399
542 669
543 902
544 966
545 246
546 432
547 1130
548 810
549 1072
550 136
551 1067
552 647
553 176
554 233
555 483
556 61
557 16
558 383
559 711
560 929
561 406
562 124
563 943
564 503
565 635
566 1072
567 665
568 604
569 298
570 622
571 1097
572 111
573 431
574 689
575 385
576 877
577 677
578 749
579 16
580 627
581 639
582 481
583 232
584 890
585 259
586 243
587 60
588 423
589 1009
590 721
591 836
592 1012
593 297
594 398
595 268
596 1082
597 810
598 968
599 296
600 654
601 338
602 5
603 701
604 661
605 205
606 747
607 1082
608 449
609 445
610 813
611 348
612 300
613 1098
614 948
615 1052
616 325
617 592
618 370
619 340
620 734
621 70
622 682
623 801
624 150
625 122
626 731
627 791
628 823
629 374
630 883
631 264
632 1040
633 1118
634 808
635 1123
636 483
637 687
638 64
639 235
640 85
641 667
642 346
643 1023
644 994
645 879
646 146
647 453
648 349
649 737
650 1036
651 40
652 897
653 1000
654 200
655 873
656 366
657 1068
658 42
659 948
660 927
661 703
662 97
663 1038
664 1002
665 234
666 296
667 767
668 32
669 673
670 942
671 644
672 342
673 1038
674 600
675 419
676 924
677 679
678 307
679 946
680 1007
681 463
682 170
683 538
684 650
685 341
686 980
687 890
688 203
689 13
690 454
691 755
692 1071
693 468
694 852
695 167
696 571
697 952
698 524
699 992
700 337
701 188
702 6
703 37
704 178
705 715
706 923
707 604
708 85
709 365
710 399
711 932
712 1006
713 492
714 634
715 832
716 543
717 665
718 87
719 812
720 13
721 596
722 486
723 729
724 645
725 462
726 276
727 819
728 896
729 104
730 731
731 50
732 753
733 713
734 570
735 499
736 489
737 882
738 585
739 1057
740 296
741 614
742 953
743 218
744 102
745 650
746 227
747 291
748 677
749 940
750 257
751 1043
752 370
753 882
754 889
755 54
756 929
757 299
758 961
759 813
760 700
761 273
762 235
763 885
764 757
765 144
766 505
767 369
768 142
769 662
770 679
771 1094
772 825
773 767
774 65
775 235
776 957
777 810
778 189
779 600
780 725
781 37
782 935
783 1072
784 325
785 179
786 438
787 87
788 1097
789 843
790 646
791 714
792 950
793 461
794 516
795 816
796 536
797 1008
798 1111
799 413
800 870
801 915
802 904
803 237
804 286
805 461
806 555
807 1095
808 148
809 481
810 679
811 1097
812 112
813 947
814 1054
815 222
816 663
817 517
818 83
819 1109
820 880
821 253
822 478
823 624
824 28
825 1045
826 189
827 420
828 973
829 1096
830 819
831 612
832 359
833 853
834 753
835 106
836 29
837 380
838 1072
839 295
840 828
841 408
842 918
843 316
844 1083
845 190
846 765
847 1062
848 961
849 906
850 535
851 688
852 334
853 1005
854 775
855 603
856 998
857 476
858 1022
859 1107
860 14
861 938
862 1044
863 528
864 919
865 668
866 17
867 612
868 506
869 51
870 359
871 514
872 166
873 983
874 586
875 496
876 884
877 147
878 637
879 1085
880 57
881 247
882 596
883 320
884 1112
885 173
886 164
887 691
888 443
889 671
890 247
891 594
892 121
893 31
894 535
895 1078
896 628
897 114
898 829
899 338
900 161
901 355
902 146
903 508
904 1094
905 1011
906 166
907 361
908 303
909 129
910 339
911 860
912 781
913 10
914 783
915 842
916 6
917 241
918 1122
919 650
920 220
921 447
922 993
923 520
924 1097
925 494
926 586
927 894
928 458
929 13
930 645
931 60
932 462
933 57
934 817
935 530
936 301
937 432
938 731
939 47
940 349
941 1038
942 274
943 20
944 654
945 1015
946 621
947 853
948 462
949 466
950 1128
951 323
952 823
953 55
954 605
955 591
956 1079
957 209
958 497
959 537
960 67
961 277
962 541
963 982
964 525
965 370
966 227
967 603
968 747
969 120
970 348
971 366
972 825
973 880
974 712
975 904
976 898
977 1041
978 710
979 329
980 1131
981 404
982 703
983 858
984 856
985 803
986 1058
987 630
988 26
989 954
990 954
991 893
992 696
993 364
994 91
995 644
996 272
997 1067
998 703
999 786
1000 238
1001 865
1002 777
1003 159
1004 376
1005 711
1006 224
1007 654
1008 467
1009 206
1010 857
1011 12
1012 297
1013 860
1014 426
1015 265
1016 802
1017 44
1018 341
1019 1001
1020 639
1021 107
1022 1094
1023 628
1024 531
1025 930
1026 105
1027 1111
1028 1056
1029 574
1030 565
1031 594
1032 899
1033 566
1034 909
1035 244
1036 943
1037 191
1038 482
1039 620
1040 320
1041 63
1042 278
1043 149
1044 134
1045 299
1046 605
1047 1036
1048 964
1049 661
1050 141
1051 81
1052 609
1053 1058
1054 577
1055 942
1056 82
1057 187
1058 1040
1059 969
1060 412
1061 176
1062 1124
1063 403
1064 296
1065 13
1066 12
1067 969
1068 84
1069 592
1070 479
1071 600
1072 958
1073 677
1074 443
1075 1079
1076 965
1077 227
1078 603
1079 265
1080 594
1081 444
1082 901
1083 524
1084 119
1085 413
1086 820
1087 724
1088 355
1089 506
1090 472
1091 578
1092 850
1093 818
1094 668
1095 531
1096 503
1097 437
1098 530
1099 1100
1100 170
1101 343
1102 479
1103 522
1104 596
1105 940
1106 246
1107 413
1108 732
1109 646
1110 453
1111 385
1112 1033
1113 370
1114 1110
1115 146
1116 1083
1117 261
1118 517
1119 964
1120 60
1121 152
1122 592
1123 628
1124 792
1125 930
1126 706
1127 3
1128 438
1129 1052
1130 665
1131 709
0 291
1 1117
2 630
3 357
4 903
5 316
6 690
7 146
8 656
9 868
10 7
11 543
12 20
13 772
14 915
15 947
16 919
17 145
18 1131
19 563
20 791
21 205
22 3
23 199
24 590
25 560
26 405
27 676
28 375
29 220
30 110
31 168
32 509
33 1105
34 795
35 122
36 753
37 977
38 43
39 625
40 615
41 1099
42 1061
43 260
44 818
45 1050
46 51
47 31
48 479
49 46
50 526
51 568
52 1001
53 673
54 728
55 796
56 943
57 766
58 35
59 247
60 192
61 730
62 390
63 512
64 737
65 730
66 500
67 826
68 40
69 376
70 650
71 940
72 226
73 606
74 747
75 578
76 474
77 254
78 722
79 112
80 959
81 543
82 525
83 659
84 1006
85 32
86 822
87 872
88 488
89 740
90 512
91 872
92 278
93 680
94 1037
95 1090
96 949
97 393
98 599
99 223
100 108
101 674
102 432
103 695
104 795
105 624
106 714
107 702
108 269
109 80
110 433
111 426
112 306
113 1078
114 201
115 807
116 1015
117 611
118 324
119 948
120 744
121 542
122 963
123 435
124 890
125 868
126 1042
127 969
128 984
129 70
130 861
131 784
132 87
133 824
134 425
135 112
136 1048
137 289
138 407
139 234
140 722
141 828
142 368
143 139
144 274
145 424
146 589
147 242
148 245
149 275
150 683
151 1084
152 584
153 1099
154 163
155 776
156 7
157 602
158 40
159 6
160 990
161 89
162 382
163 613
164 621
165 668
166 1001
167 917
168 683
169 510
170 8
171 967
172 102
173 819
174 86
175 320
176 684
177 688
178 76
179 1025
180 1001
181 214
182 64
183 707
184 654
185 939
186 869
187 916
188 1003
189 150
190 718
191 518
192 116
193 474
194 254
195 481
196 287
197 233
198 60
199 661
200 301
201 1068
202 135
203 828
204 187
205 23
206 376
207 584
208 1007
209 723
210 176
211 212
212 828
213 401
214 1091
215 120
216 38
217 233
218 1010
219 390
220 270
221 408
222 247
223 89
224 737
225 206
226 363
227 888
228 117
229 751
230 1106
231 809
232 57
233 380
234 1078
235 1004
236 1127
237 635
238 600
239 380
240 164
241 315
242 710
243 396
244 131
245 721
246 325
247 514
248 357
249 514
250 772
251 256
252 734
253 1065
254 1100
255 988
256 371
257 720
258 406
259 506
260 851
261 575
262 562
263 389
264 1045
265 970
266 298
267 742
268 950
269 174
270 509
271 363
272 151
273 80
274 949
275 562
276 941
277 232
278 38
279 80
280 1090
281 121
282 604
283 265
284 729
285 794
286 426
287 170
288 302
289 183
290 222
291 131
292 255
293 648
294 449
295 740
296 116
297 188
298 278
299 406
300 854
301 471
302 1024
303 220
304 950
305 1009
306 200
307 548
308 719
309 1107
310 919
311 176
312 883
313 1026
314 524
315 368
316 550
317 103
318 1039
319 241
320 122
321 628
322 535
323 252
324 344
325 970
326 361
327 226
328 258
329 575
330 1008
331 900
332 887
333 63
334 858
335 916
336 283
337 182
338 699
339 674
340 381
341 199
342 1121
343 1050
344 320
345 154
346 812
347 1056
348 1
349 489
350 685
351 496
352 443
353 328
354 559
355 239
356 347
357 482
358 21
359 416
360 7
361 781
362 681
363 1024
364 366
365 670
366 1072
367 1040
368 494
369 677
370 294
371 79
372 500
373 742
374 220
375 436
376 1000
377 327
378 1046
379 853
380 578
381 475
382 380
383 794
384 472
385 1001
386 740
387 212
388 1028
389 745
390 716
391 1012
392 173
393 975
394 585
395 837
396 133
397 1131
398 120
399 751
400 957
401 723
402 199
403 227
404 68
405 285
406 843
407 189
408 164
409 104
410 543
411 1039
412 403
413 1057
414 604
415 287
416 840
417 448
418 630
419 656
420 407
421 814
422 119
423 474
424 1051
425 1064
426 663
427 157
428 437
429 1099
430 852
431 410
432 460
433 148
434 837
435 392
436 184
437 262
438 120
439 277
440 831
441 788
442 950
443 255
444 651
445 1113
446 791
447 454
448 772
449 984
450 577
451 985
452 826
453 114
454 1023
455 1028
456 148
457 455
458 494
459 193
460 185
461 769
462 780
463 1056
464 595
465 127
466 11
467 351
468 1119
469 912
470 281
471 61
472 903
473 1079
474 616
475 353
476 239
477 326
478 205
479 927
480 698
481 713
482 938
483 110
484 813
485 529
486 774
487 306
488 833
489 1031
490 1117
491 318
492 1073
493 177
494 235
495 77
496 380
497 730
498 360
499 850
500 200
501 32
502 566
503 324
504 381
505 304
506 629
507 405
508 420
509 29
510 766
511 673
512 129
513 274
514 669
515 64
516 293
517 96
518 914
519 615
520 728
521 552
522 1076
523 704
524 540
525 411
526 21
527 552
528 325
529 475
530 867
531 905
532 458
533 288
534 359
535 119
536 870
537 967
538 890
539 679
540 1055
541 399
542 866
543 1043
544 966
545 831
546 294
547 1130
548 810
549 54
550 136
551 1067
552 1050
553 831
554 233
555 483
556 61
557 1049
558 383
559 711
560 929
561 405
562 124
563 943
564 196
565 635
566 1072
567 262
568 291
569 1037
570 622
571 1097
572 744
573 431
574 854
575 593
576 236
577 986
578 638
579 1037
580 627
581 639
582 5
583 742
584 890
585 79
586 471
587 665
588 423
589 1009
590 721
591 836
592 722
593 297
594 398
595 268
596 932
597 712
598 516
599 1032
600 975
601 713
602 159
603 120
604 661
605 205
606 1020
607 1082
608 1043
609 445
610 727
611 940
612 300
613 1098
614 948
615 298
616 364
617 423
618 1098
619 340
620 294
621 32
622 253
623 714
624 150
625 1045
626 832
627 633
628 738
629 353
630 876
631 264
632 1040
633 476
634 599
635 1014
636 24
637 687
638 64
639 235
640 747
641 667
642 464
643 71
644 749
645 430
646 146
647 205
648 349
649 737
650 518
651 40
652 897
653 1000
654 658
655 873
656 417
657 798
658 42
659 1124
660 927
661 703
662 184
663 1101
664 705
665 317
666 351
667 858
668 919
669 673
670 942
671 644
672 8
673 855
674 600
675 419
676 1088
677 697
678 760
679 946
680 1007
681 4
682 1080
683 968
684 650
685 341
686 163
687 680
688 1008
689 649
690 479
691 566
692 1020
693 468
694 309
695 1013
696 571
697 787
698 524
699 992
700 436
701 602
702 432
703 37
704 178
705 109
706 923
707 604
708 152
709 153
710 242
711 554
712 843
713 492
714 83
715 1002
716 891
717 632
718 475
719 89
720 1008
721 851
722 168
723 458
724 645
725 462
726 276
727 897
728 451
729 56
730 1051
731 50
732 76
733 713
734 552
735 499
736 547
737 882
738 585
739 1020
740 350
741 397
742 527
743 734
744 102
745 337
746 1054
747 291
748 677
749 837
750 257
751 788
752 650
753 850
754 239
755 590
756 741
757 272
758 961
759 813
760 827
761 231
762 235
763 343
764 249
765 504
766 505
767 1007
768 142
769 662
770 626
771 501
772 344
773 641
774 876
775 235
776 1103
777 810
778 189
779 923
780 320
781 37
782 590
783 747
784 286
785 1118
786 1112
787 135
788 535
789 971
790 646
791 1074
792 607
793 461
794 516
795 539
796 536
797 1008
798 88
799 526
800 870
801 629
802 661
803 623
804 915
805 541
806 555
807 1095
808 148
809 716
810 278
811 264
812 440
813 947
814 528
815 222
816 814
817 517
818 516
819 912
820 880
821 253
822 423
823 730
824 28
825 889
826 189
827 420
828 973
829 1096
830 819
831 931
832 359
833 853
834 753
835 106
836 43
837 823
838 1072
839 0
840 997
841 408
842 918
843 316
844 370
845 190
846 765
847 681
848 36
849 906
850 937
851 688
852 334
853 1005
854 775
855 127
856 998
857 978
858 1022
859 1107
860 14
861 179
862 1095
863 1061
864 919
865 668
866 17
867 612
868 403
869 1089
870 827
871 514
872 30
873 1051
874 586
875 496
876 627
877 1005
878 542
879 462
880 1126
881 247
882 707
883 264
884 539
885 173
886 340
887 192
888 443
889 139
890 887
891 865
892 121
893 31
894 535
895 185
896 114
897 667
898 829
899 325
900 161
901 355
902 146
903 508
904 1094
905 1011
906 166
907 361
908 450
909 226
910 339
911 860
912 756
913 180
914 783
915 34
916 1095
917 775
918 558
919 621
920 395
921 21
922 954
923 520
924 1097
925 494
926 346
927 160
928 458
929 29
930 981
931 735
932 507
933 905
934 817
935 172
936 301
937 947
938 731
939 320
940 145
941 211
942 274
943 612
944 654
945 961
946 621
947 436
948 899
949 250
950 435
951 314
952 823
953 55
954 605
955 591
956 738
957 723
958 1120
959 491
960 67
961 1130
962 382
963 933
964 525
965 370
966 360
967 603
968 207
969 847
970 348
971 713
972 365
973 880
974 712
975 94
976 898
977 1041
978 710
979 102
980 206
981 471
982 703
983 566
984 856
985 803
986 853
987 630
988 745
989 623
990 429
991 573
992 696
993 544
994 91
995 644
996 372
997 1067
998 703
999 211
1000 627
1001 37
1002 369
1003 159
1004 639
1005 1112
1006 224
1007 997
1008 467
1009 206
1010 430
1011 12
1012 297
1013 850
1014 1093
1015 265
1016 300
1017 44
1018 199
1019 645
1020 208
1021 107
1022 1094
1023 104
1024 849
1025 780
1026 989
1027 913
1028 1056
1029 574
1030 1095
1031 185
1032 222
1033 566
1034 909
1035 1036
1036 943
1037 426
1038 561
1039 620
1040 861
1041 977
1042 278
1043 323
1044 369
1045 608
1046 196
1047 846
1048 964
1049 661
1050 699
1051 1070
1052 893
1053 910
1054 945
1055 784
1056 886
1057 934
1058 395
1059 969
1060 412
1061 262
1062 20
1063 403
1064 270
1065 91
1066 717
1067 969
1068 84
1069 592
1070 479
1071 893
1072 625
1073 677
1074 443
1075 932
1076 965
1077 11
1078 603
1079 265
1080 508
1081 496
1082 901
1083 738
1084 119
1085 413
1086 510
1087 240
1088 705
1089 488
1090 616
1091 578
1092 950
1093 818
1094 668
1095 844
1096 867
1097 437
1098 874
1099 1100
1100 170
1101 978
1102 700
1103 28
1104 596
1105 567
1106 907
1107 413
1108 141
1109 646
1110 862
1111 325
1112 1033
1113 370
1114 1110
1115 146
1116 1083
1117 261
1118 517
1119 964
1120 60
1121 326
1122 592
1123 553
1124 792
1125 480
1126 37
1127 706
1128 438
1129 1012
1130 665
1131 709
