0 42
1 1117
2 403
3 1129
4 38
5 667
6 749
7 1026
8 175
9 803
10 331
11 1040
12 1026
13 83
14 595
15 365
16 179
17 118
18 375
19 884
20 218
21 66
22 1006
23 719
24 833
25 1104
26 566
27 610
28 924
29 306
30 890
31 136
32 742
33 530
34 841
35 410
36 849
37 713
38 867
39 374
40 127
41 939
42 682
43 81
44 531
45 1033
46 923
47 227
48 825
49 955
50 272
51 966
52 736
53 1023
54 1054
55 978
56 12
57 295
58 278
59 243
60 39
61 495
62 642
63 459
64 1112
65 992
66 907
67 488
68 338
69 791
70 226
71 521
72 203
73 745
74 349
75 643
76 254
77 1045
78 536
79 642
80 995
81 1090
82 1012
83 34
84 744
85 335
86 393
87 1056
88 801
89 189
90 920
91 305
92 838
93 615
94 614
95 601
96 335
97 222
98 324
99 956
100 65
101 343
102 176
103 1029
104 461
105 397
106 138
107 612
108 169
109 148
110 228
111 53
112 514
113 880
114 942
115 1072
116 789
117 912
118 324
119 123
120 751
121 769
122 238
123 974
124 99
125 116
126 235
127 810
128 429
129 1078
130 669
131 30
132 1131
133 1043
134 336
135 722
136 223
137 374
138 728
139 575
140 1013
141 876
142 238
143 135
144 388
145 920
146 674
147 757
148 923
149 168
150 793
151 1099
152 446
153 168
154 833
155 711
156 6
157 853
158 466
159 43
160 650
161 308
162 67
163 203
164 571
165 519
166 882
167 751
168 1027
169 269
170 833
171 426
172 114
173 572
174 327
175 570
176 868
177 874
178 1123
179 243
180 536
181 417
182 695
183 476
184 171
185 294
186 83
187 747
188 228
189 631
190 708
191 491
192 583
193 742
194 513
195 999
196 348
197 601
198 1079
199 76
200 214
201 387
202 292
203 687
204 218
205 365
206 54
207 172
208 154
209 484
210 285
211 1104
212 1040
213 236
214 210
215 842
216 12
217 610
218 1019
219 848
220 1100
221 746
222 871
223 1041
224 504
225 445
226 454
227 467
228 768
229 114
230 300
231 526
232 166
233 1007
234 396
235 76
236 442
237 575
238 70
239 958
240 986
241 323
242 117
243 518
244 354
245 117
246 591
247 306
248 899
249 544
250 994
251 355
252 1021
253 1089
254 1032
255 333
256 895
257 1054
258 610
259 868
260 1025
261 780
262 218
263 76
264 15
265 297
266 294
267 384
268 60
269 73
270 474
271 874
272 20
273 828
274 956
275 68
276 207
277 897
278 863
279 102
280 125
281 348
282 923
283 440
284 366
285 96
286 997
287 64
288 343
289 126
290 1064
291 55
292 477
293 705
294 1056
295 581
296 52
297 359
298 1072
299 473
300 301
301 764
302 527
303 632
304 887
305 869
306 460
307 831
308 67
309 141
310 181
311 698
312 372
313 903
314 242
315 491
316 78
317 693
318 43
319 346
320 1053
321 985
322 825
323 949
324 701
325 920
326 1044
327 773
328 630
329 189
330 622
331 414
332 983
333 619
334 168
335 1055
336 315
337 1125
338 886
339 983
340 834
341 956
342 1025
343 789
344 1004
345 1079
346 651
347 500
348 1072
349 529
350 939
351 309
352 12
353 171
354 157
355 431
356 239
357 815
358 626
359 748
360 742
361 480
362 952
363 318
364 147
365 717
366 663
367 852
368 1126
369 762
370 642
371 747
372 153
373 818
374 894
375 222
376 362
377 991
378 165
379 772
380 105
381 436
382 493
383 800
384 332
385 818
386 897
387 859
388 673
389 304
390 849
391 539
392 1129
393 430
394 752
395 466
396 351
397 701
398 913
399 752
400 135
401 66
402 900
403 960
404 936
405 222
406 527
407 861
408 330
409 453
410 1055
411 349
412 602
413 156
414 477
415 644
416 1012
417 66
418 413
419 568
420 429
421 1032
422 483
423 895
424 171
425 451
426 467
427 702
428 283
429 525
430 581
431 608
432 210
433 386
434 610
435 139
436 247
437 191
438 554
439 658
440 705
441 1129
442 519
443 522
444 964
445 241
446 143
447 45
448 709
449 893
450 984
451 336
452 656
453 371
454 384
455 990
456 534
457 1129
458 404
459 1037
460 506
461 386
462 432
463 765
464 436
465 153
466 488
467 27
468 830
469 545
470 533
471 507
472 4
473 881
474 226
475 656
476 280
477 490
478 880
479 812
480 729
481 811
482 50
483 339
484 846
485 74
486 921
487 1016
488 249
489 225
490 87
491 811
492 788
493 276
494 621
495 603
496 206
497 138
498 38
499 523
500 62
501 1128
502 445
503 305
504 958
505 893
506 918
507 465
508 540
509 595
510 472
511 262
512 584
513 898
514 470
515 1112
516 988
517 190
518 989
519 958
520 873
521 787
522 535
523 542
524 780
525 112
526 668
527 889
528 1100
529 1024
530 1093
531 47
532 129
533 243
534 169
535 1028
536 545
537 498
538 1116
539 936
540 130
541 415
542 147
543 743
544 900
545 206
546 755
547 447
548 595
549 887
550 769
551 960
552 1058
553 671
554 651
555 700
556 309
557 279
558 227
559 1122
560 85
561 950
562 1112
563 179
564 327
565 972
566 382
567 916
568 427
569 587
570 716
571 132
572 880
573 135
574 609
575 499
576 477
577 279
578 1111
579 50
580 168
581 313
582 922
583 811
584 552
585 1021
586 782
587 339
588 960
589 560
590 389
591 691
592 12
593 830
594 448
595 1128
596 741
597 344
598 65
599 225
600 785
601 511
602 1015
603 283
604 504
605 179
606 644
607 401
608 635
609 789
610 59
611 238
612 681
613 729
614 477
615 514
616 433
617 33
618 845
619 815
620 864
621 1092
622 471
623 499
624 974
625 1011
626 784
627 242
628 986
629 413
630 42
631 230
632 706
633 75
634 738
635 631
636 1027
637 634
638 583
639 167
640 1002
641 717
642 553
643 916
644 685
645 355
646 31
647 255
648 7
649 1084
650 794
651 291
652 141
653 595
654 177
655 1131
656 610
657 1087
658 987
659 439
660 799
661 919
662 614
663 691
664 172
665 1093
666 22
667 876
668 1033
669 314
670 255
671 994
672 219
673 1129
674 1084
675 1060
676 694
677 870
678 889
679 1057
680 132
681 1064
682 533
683 132
684 688
685 910
686 89
687 164
688 332
689 1103
690 390
691 39
692 1
693 119
694 578
695 854
696 106
697 90
698 580
699 529
700 306
701 370
702 330
703 730
704 598
705 197
706 918
707 186
708 621
709 745
710 590
711 515
712 208
713 1100
714 202
715 1037
716 234
717 829
718 620
719 1111
720 265
721 429
722 18
723 75
724 1063
725 753
726 1027
727 609
728 398
729 798
730 257
731 267
732 359
733 439
734 948
735 992
736 930
737 653
738 102
739 614
740 956
741 845
742 1020
743 176
744 706
745 459
746 702
747 204
748 1066
749 19
750 173
751 536
752 196
753 11
754 633
755 489
756 100
757 644
758 731
759 565
760 515
761 620
762 38
763 212
764 306
765 204
766 233
767 551
768 480
769 6
770 744
771 1025
772 475
773 273
774 1086
775 213
776 601
777 1
778 812
779 274
780 750
781 732
782 606
783 75
784 81
785 122
786 557
787 256
788 990
789 238
790 693
791 590
792 355
793 678
794 473
795 100
796 1085
797 20
798 755
799 622
800 654
801 1122
802 990
803 279
804 520
805 541
806 776
807 451
808 321
809 771
810 281
811 69
812 650
813 857
814 913
815 393
816 309
817 1013
818 483
819 663
820 669
821 578
822 93
823 639
824 989
825 807
826 438
827 629
828 907
829 662
830 695
831 1040
832 72
833 209
834 164
835 624
836 636
837 627
838 285
839 1028
840 163
841 1095
842 862
843 1027
844 1
845 872
846 978
847 241
848 646
849 1013
850 683
851 901
852 526
853 738
854 445
855 849
856 186
857 795
858 651
859 416
860 808
861 234
862 1028
863 179
864 135
865 1099
866 45
867 157
868 71
869 207
870 313
871 146
872 370
873 270
874 493
875 147
876 277
877 978
878 256
879 228
880 213
881 160
882 549
883 526
884 77
885 8
886 13
887 1003
888 457
889 54
890 677
891 203
892 117
893 483
894 36
895 1102
896 422
897 1099
898 511
899 473
900 1057
901 295
902 634
903 186
904 1040
905 1123
906 321
907 589
908 111
909 837
910 160
911 132
912 184
913 150
914 1127
915 222
916 541
917 162
918 729
919 188
920 151
921 152
922 164
923 795
924 379
925 203
926 773
927 541
928 890
929 465
930 391
931 1072
932 46
933 1022
934 133
935 761
936 514
937 905
938 985
939 783
940 799
941 251
942 566
943 628
944 804
945 683
946 710
947 898
948 274
949 76
950 322
951 1067
952 89
953 673
954 119
955 469
956 161
957 872
958 401
959 555
960 758
961 541
962 609
963 497
964 894
965 941
966 396
967 630
968 930
969 722
970 13
971 102
972 953
973 44
974 187
975 262
976 311
977 258
978 847
979 230
980 460
981 758
982 62
983 447
984 220
985 1076
986 1087
987 409
988 951
989 827
990 2
991 806
992 811
993 966
994 843
995 543
996 545
997 558
998 1020
999 180
1000 725
1001 916
1002 423
1003 596
1004 608
1005 125
1006 639
1007 955
1008 530
1009 815
1010 15
1011 886
1012 832
1013 5
1014 240
1015 277
1016 241
1017 287
1018 1107
1019 678
1020 437
1021 842
1022 318
1023 336
1024 55
1025 508
1026 68
1027 952
1028 302
1029 129
1030 225
1031 211
1032 723
1033 616
1034 749
1035 813
1036 463
1037 230
1038 621
1039 178
1040 836
1041 1122
1042 346
1043 588
1044 907
1045 224
1046 885
1047 898
1048 625
1049 914
1050 233
1051 891
1052 946
1053 814
1054 884
1055 448
1056 132
1057 1110
1058 23
1059 388
1060 163
1061 727
1062 1002
1063 477
1064 708
1065 717
1066 42
1067 18
1068 80
1069 430
1070 396
1071 886
1072 676
1073 557
1074 480
1075 326
1076 386
1077 1079
1078 532
1079 709
1080 664
1081 432
1082 906
1083 457
1084 1036
1085 212
1086 1117
1087 160
1088 972
1089 256
1090 944
1091 1005
1092 497
1093 658
1094 167
1095 951
1096 475
1097 519
1098 661
1099 438
1100 286
1101 1045
1102 657
1103 692
1104 230
1105 686
1106 260
1107 307
1108 427
1109 1062
1110 442
1111 840
1112 963
1113 527
1114 73
1115 589
1116 981
1117 344
1118 177
1119 796
1120 585
1121 777
1122 609
1123 1012
1124 167
1125 527
1126 795
1127 320
1128 842
1129 651
1130 994
1131 329
0 555
1 1025
2 45
3 798
4 387
5 936
6 49
7 1026
8 192
9 803
10 133
11 105
12 1026
13 83
14 253
15 603
16 1040
17 118
18 264
19 617
20 701
21 66
22 247
23 719
24 625
25 1104
26 68
27 610
28 811
29 306
30 890
31 136
32 416
33 1055
34 357
35 410
36 849
37 713
38 867
39 374
40 127
41 939
42 483
43 59
44 693
45 608
46 114
47 227
48 825
49 296
50 239
51 966
52 774
53 933
54 1054
55 899
56 898
57 854
58 378
59 480
60 39
61 1073
62 640
63 368
64 1112
65 317
66 293
67 996
68 338
69 32
70 67
71 229
72 14
73 70
74 828
75 61
76 254
77 318
78 827
79 1112
80 446
81 1090
82 93
83 132
84 204
85 1065
86 468
87 298
88 759
89 575
90 920
91 987
92 779
93 184
94 837
95 37
96 1085
97 484
98 324
99 790
100 65
101 222
102 54
103 1029
104 62
105 893
106 179
107 612
108 372
109 382
110 37
111 53
112 514
113 890
114 942
115 1072
116 5
117 146
118 919
119 123
120 751
121 75
122 238
123 909
124 147
125 116
126 436
127 512
128 429
129 1055
130 419
131 30
132 77
133 786
134 336
135 582
136 240
137 374
138 776
139 1071
140 1013
141 942
142 238
143 49
144 388
145 942
146 1112
147 446
148 27
149 318
150 292
151 1099
152 1068
153 168
154 933
155 349
156 6
157 853
158 981
159 788
160 650
161 59
162 320
163 694
164 571
165 519
166 882
167 751
168 1027
169 269
170 833
171 1049
172 63
173 572
174 327
175 891
176 579
177 16
178 536
179 243
180 536
181 417
182 695
183 476
184 171
185 114
186 714
187 747
188 228
189 631
190 708
191 491
192 583
193 847
194 513
195 687
196 1080
197 633
198 695
199 624
200 214
201 387
202 727
203 984
204 752
205 387
206 54
207 411
208 72
209 484
210 128
211 1104
212 52
213 811
214 210
215 842
216 786
217 40
218 895
219 848
220 1100
221 1127
222 451
223 998
224 384
225 445
226 454
227 467
228 166
229 114
230 73
231 448
232 938
233 247
234 396
235 76
236 442
237 324
238 70
239 498
240 986
241 323
242 117
243 690
244 353
245 117
246 719
247 1066
248 899
249 544
250 848
251 543
252 1021
253 1089
254 1032
255 107
256 895
257 1054
258 785
259 576
260 660
261 780
262 441
263 839
264 15
265 297
266 429
267 384
268 357
269 728
270 762
271 874
272 20
273 828
274 660
275 163
276 479
277 507
278 847
279 280
280 999
281 348
282 923
283 440
284 291
285 164
286 997
287 64
288 343
289 574
290 1064
291 216
292 477
293 705
294 480
295 581
296 1072
297 910
298 1072
299 489
300 301
301 318
302 527
303 376
304 887
305 742
306 460
307 831
308 67
309 878
310 181
311 771
312 990
313 927
314 242
315 503
316 78
317 746
318 355
319 346
320 1053
321 932
322 717
323 949
324 838
325 920
326 1044
327 50
328 630
329 490
330 871
331 938
332 99
333 773
334 209
335 805
336 315
337 984
338 247
339 996
340 834
341 956
342 149
343 699
344 466
345 748
346 527
347 102
348 902
349 1013
350 645
351 159
352 723
353 171
354 157
355 1031
356 7
357 723
358 626
359 523
360 742
361 480
362 16
363 333
364 426
365 717
366 663
367 499
368 828
369 843
370 642
371 747
372 630
373 818
374 894
375 200
376 362
377 991
378 735
379 404
380 565
381 436
382 493
383 800
384 143
385 159
386 826
387 986
388 673
389 88
390 423
391 765
392 960
393 853
394 752
395 906
396 351
397 701
398 913
399 752
400 456
401 66
402 199
403 960
404 418
405 1042
406 902
407 537
408 720
409 453
410 1055
411 349
412 602
413 156
414 539
415 1035
416 187
417 66
418 534
419 658
420 985
421 239
422 483
423 930
424 348
425 432
426 467
427 268
428 681
429 980
430 422
431 57
432 210
433 186
434 538
435 168
436 247
437 239
438 554
439 658
440 418
441 1
442 519
443 1070
444 57
445 806
446 808
447 274
448 709
449 871
450 553
451 174
452 656
453 371
454 384
455 990
456 611
457 884
458 735
459 489
460 592
461 723
462 432
463 765
464 497
465 153
466 755
467 358
468 830
469 1085
470 1119
471 387
472 607
473 899
474 524
475 656
476 503
477 490
478 937
479 812
480 1044
481 811
482 771
483 293
484 846
485 604
486 367
487 1048
488 271
489 190
490 767
491 811
492 788
493 917
494 516
495 110
496 862
497 138
498 992
499 543
500 62
501 17
502 445
503 465
504 351
505 893
506 918
507 465
508 540
509 595
510 1067
511 262
512 584
513 898
514 1022
515 182
516 988
517 104
518 989
519 958
520 820
521 16
522 535
523 635
524 780
525 112
526 668
527 889
528 194
529 220
530 1093
531 640
532 296
533 458
534 342
535 1028
536 526
537 498
538 637
539 936
540 130
541 1002
542 147
543 743
544 900
545 206
546 1011
547 447
548 218
549 887
550 877
551 960
552 1058
553 510
554 962
555 700
556 577
557 619
558 393
559 702
560 68
561 950
562 4
563 1019
564 327
565 304
566 382
567 1034
568 427
569 119
570 716
571 132
572 115
573 135
574 609
575 126
576 733
577 279
578 684
579 50
580 218
581 313
582 614
583 667
584 1008
585 1021
586 729
587 339
588 786
589 560
590 361
591 1026
592 12
593 830
594 527
595 305
596 741
597 344
598 493
599 225
600 785
601 367
602 556
603 283
604 62
605 915
606 644
607 493
608 635
609 1041
610 59
611 238
612 1034
613 480
614 366
615 650
616 433
617 274
618 466
619 994
620 864
621 292
622 471
623 603
624 974
625 1011
626 694
627 269
628 986
629 413
630 42
631 538
632 17
633 75
634 738
635 816
636 1027
637 1008
638 279
639 167
640 1002
641 717
642 213
643 193
644 805
645 355
646 585
647 438
648 7
649 748
650 794
651 291
652 141
653 1101
654 909
655 1131
656 321
657 206
658 987
659 693
660 925
661 521
662 614
663 582
664 172
665 1093
666 270
667 194
668 427
669 314
670 372
671 833
672 219
673 714
674 2
675 905
676 694
677 665
678 889
679 947
680 132
681 1064
682 779
683 424
684 1129
685 910
686 790
687 1072
688 251
689 1103
690 528
691 220
692 1
693 320
694 1130
695 854
696 265
697 90
698 580
699 557
700 306
701 711
702 313
703 888
704 188
705 197
706 918
707 186
708 36
709 603
710 590
711 515
712 1118
713 671
714 668
715 709
716 234
717 890
718 538
719 1111
720 265
721 616
722 18
723 655
724 773
725 753
726 2
727 243
728 593
729 721
730 486
731 780
732 344
733 671
734 174
735 52
736 930
737 460
738 102
739 614
740 88
741 845
742 1020
743 1056
744 706
745 631
746 463
747 1004
748 308
749 1115
750 173
751 863
752 398
753 968
754 491
755 489
756 100
757 644
758 731
759 79
760 515
761 199
762 38
763 297
764 306
765 125
766 618
767 630
768 480
769 926
770 262
771 976
772 966
773 273
774 1086
775 213
776 734
777 262
778 792
779 364
780 199
781 94
782 606
783 75
784 81
785 1053
786 557
787 446
788 531
789 238
790 471
791 939
792 1031
793 702
794 473
795 100
796 895
797 419
798 755
799 622
800 654
801 664
802 990
803 423
804 37
805 541
806 776
807 451
808 321
809 771
810 222
811 69
812 778
813 753
814 913
815 206
816 795
817 988
818 467
819 663
820 66
821 89
822 93
823 261
824 403
825 807
826 523
827 629
828 30
829 505
830 695
831 973
832 807
833 333
834 164
835 624
836 373
837 740
838 52
839 1028
840 55
841 678
842 811
843 1029
844 137
845 930
846 496
847 241
848 646
849 1013
850 163
851 819
852 819
853 454
854 445
855 849
856 186
857 500
858 651
859 584
860 808
861 90
862 682
863 179
864 643
865 1099
866 961
867 157
868 272
869 446
870 313
871 146
872 370
873 2
874 864
875 908
876 745
877 73
878 855
879 228
880 309
881 285
882 651
883 1015
884 207
885 8
886 932
887 551
888 372
889 54
890 677
891 907
892 117
893 702
894 350
895 1112
896 447
897 343
898 511
899 322
900 1057
901 998
902 634
903 1026
904 1040
905 968
906 1062
907 589
908 111
909 788
910 160
911 132
912 760
913 1130
914 1127
915 369
916 881
917 597
918 729
919 188
920 201
921 1000
922 1017
923 186
924 379
925 708
926 773
927 491
928 318
929 465
930 391
931 1072
932 704
933 149
934 867
935 761
936 1012
937 915
938 351
939 783
940 367
941 251
942 628
943 931
944 804
945 683
946 710
947 128
948 274
949 304
950 322
951 124
952 89
953 673
954 55
955 469
956 161
957 814
958 276
959 555
960 485
961 312
962 958
963 46
964 549
965 941
966 396
967 881
968 657
969 347
970 197
971 458
972 570
973 768
974 844
975 465
976 142
977 258
978 847
979 188
980 460
981 297
982 62
983 575
984 220
985 45
986 555
987 1010
988 951
989 827
990 2
991 3
992 811
993 966
994 896
995 513
996 545
997 558
998 24
999 180
1000 725
1001 715
1002 423
1003 165
1004 608
1005 125
1006 1087
1007 898
1008 75
1009 815
1010 15
1011 886
1012 829
1013 86
1014 453
1015 994
1016 763
1017 287
1018 81
1019 678
1020 686
1021 147
1022 318
1023 955
1024 55
1025 129
1026 425
1027 1068
1028 333
1029 118
1030 951
1031 967
1032 819
1033 616
1034 1003
1035 923
1036 199
1037 913
1038 677
1039 178
1040 941
1041 767
1042 346
1043 588
1044 984
1045 225
1046 885
1047 169
1048 780
1049 683
1050 1090
1051 891
1052 1016
1053 814
1054 884
1055 448
1056 980
1057 397
1058 347
1059 614
1060 332
1061 394
1062 1002
1063 477
1064 708
1065 1037
1066 1022
1067 18
1068 80
1069 1012
1070 396
1071 886
1072 818
1073 515
1074 97
1075 326
1076 386
1077 855
1078 532
1079 140
1080 664
1081 735
1082 803
1083 1058
1084 726
1085 212
1086 1076
1087 857
1088 1000
1089 704
1090 419
1091 1096
1092 1115
1093 658
1094 167
1095 951
1096 487
1097 519
1098 544
1099 673
1100 91
1101 1045
1102 657
1103 47
1104 753
1105 686
1106 200
1107 1082
1108 427
1109 1062
1110 448
1111 653
1112 963
1113 1118
1114 73
1115 453
1116 981
1117 344
1118 808
1119 24
1120 585
1121 777
1122 283
1123 1012
1124 167
1125 5
1126 843
1127 656
1128 842
1129 651
1130 343
1131 451
