0 895
1 203
2 825
3 884
4 161
5 923
6 54
7 1036
8 1090
9 803
10 652
11 668
12 311
13 381
14 860
15 1047
16 837
17 279
18 836
19 911
20 398
21 1019
22 787
23 528
24 519
25 637
26 673
27 704
28 809
29 841
30 721
31 878
32 422
33 1095
34 213
35 676
36 92
37 838
38 841
39 31
40 909
41 1036
42 129
43 84
44 1113
45 452
46 526
47 673
48 667
49 914
50 40
51 426
52 716
53 629
54 385
55 2
56 968
57 844
58 1123
59 778
60 287
61 662
62 15
63 1051
64 867
65 268
66 751
67 599
68 432
69 154
70 921
71 665
72 1061
73 294
74 435
75 1033
76 879
77 283
78 975
79 76
80 284
81 386
82 257
83 643
84 1003
85 927
86 760
87 244
88 597
89 1083
90 971
91 220
92 590
93 699
94 219
95 714
96 150
97 888
98 110
99 677
100 32
101 838
102 563
103 642
104 453
105 500
106 262
107 38
108 711
109 58
110 836
111 544
112 682
113 650
114 623
115 933
116 1072
117 92
118 1030
119 289
120 1019
121 886
122 852
123 525
124 353
125 876
126 632
127 887
128 804
129 635
130 424
131 73
132 489
133 195
134 870
135 819
136 190
137 725
138 999
139 121
140 813
141 248
142 568
143 782
144 229
145 660
146 696
147 926
148 319
149 930
150 419
151 79
152 138
153 1115
154 1046
155 35
156 338
157 957
158 750
159 235
160 617
161 539
162 434
163 443
164 244
165 149
166 1053
167 987
168 409
169 342
170 748
171 219
172 839
173 886
174 588
175 71
176 341
177 1033
178 762
179 423
180 736
181 548
182 60
183 31
184 312
185 515
186 83
187 51
188 8
189 831
190 486
191 501
192 761
193 728
194 951
195 879
196 387
197 339
198 415
199 1033
200 480
201 399
202 386
203 432
204 825
205 749
206 122
207 506
208 657
209 761
210 766
211 365
212 369
213 1003
214 1010
215 908
216 412
217 506
218 662
219 1102
220 59
221 79
222 765
223 566
224 1126
225 517
226 682
227 389
228 45
229 473
230 1053
231 643
232 775
233 129
234 1105
235 13
236 983
237 992
238 1123
239 599
240 571
241 357
242 454
243 574
244 794
245 1015
246 218
247 589
248 379
249 796
250 472
251 334
252 254
253 616
254 541
255 173
256 209
257 161
258 593
259 639
260 987
261 16
262 203
263 89
264 128
265 933
266 189
267 815
268 856
269 575
270 327
271 338
272 1067
273 221
274 565
275 706
276 540
277 250
278 633
279 216
280 439
281 781
282 410
283 468
284 1086
285 383
286 628
287 650
288 361
289 205
290 508
291 494
292 57
293 182
294 1112
295 1012
296 183
297 207
298 405
299 634
300 388
301 303
302 796
303 286
304 468
305 3
306 874
307 1035
308 657
309 778
310 659
311 552
312 1010
313 225
314 151
315 1040
316 262
317 285
318 759
319 771
320 1077
321 997
322 818
323 616
324 64
325 252
326 99
327 361
328 854
329 645
330 1025
331 349
332 470
333 506
334 511
335 1089
336 1015
337 1013
338 1099
339 1065
340 634
341 616
342 237
343 60
344 304
345 644
346 861
347 183
348 139
349 781
350 969
351 841
352 20
353 976
354 413
355 758
356 53
357 634
358 27
359 959
360 44
361 170
362 843
363 292
364 529
365 883
366 617
367 659
368 934
369 1093
370 38
371 1062
372 746
373 92
374 155
375 39
376 1089
377 51
378 574
379 81
380 895
381 1074
382 1095
383 347
384 938
385 1122
386 12
387 244
388 856
389 925
390 42
391 613
392 753
393 398
394 97
395 950
396 379
397 871
398 893
399 228
400 521
401 542
402 661
403 968
404 818
405 411
406 621
407 394
408 959
409 824
410 111
411 573
412 626
413 906
414 785
415 1
416 745
417 700
418 58
419 70
420 548
421 200
422 484
423 657
424 767
425 114
426 22
427 800
428 767
429 547
430 521
431 881
432 553
433 986
434 20
435 745
436 542
437 425
438 672
439 709
440 249
441 25
442 748
443 849
444 428
445 1021
446 482
447 328
448 1130
449 518
450 427
451 849
452 811
453 87
454 1111
455 151
456 789
457 968
458 762
459 47
460 852
461 198
462 56
463 167
464 387
465 597
466 863
467 501
468 472
469 769
470 782
471 839
472 272
473 339
474 854
475 13
476 108
477 603
478 664
479 541
480 889
481 364
482 618
483 188
484 986
485 560
486 902
487 436
488 610
489 623
490 425
491 66
492 243
493 868
494 214
495 526
496 480
497 325
498 823
499 144
500 960
501 706
502 266
503 1035
504 709
505 54
506 544
507 80
508 258
509 188
510 1128
511 734
512 606
513 211
514 1035
515 312
516 670
517 205
518 845
519 1052
520 969
521 300
522 554
523 263
524 1036
525 530
526 1122
527 1105
528 617
529 445
530 340
531 1107
532 605
533 886
534 330
535 1022
536 881
537 709
538 364
539 1090
540 926
541 130
542 909
543 1073
544 1064
545 733
546 592
547 236
548 539
549 58
550 96
551 1073
552 735
553 184
554 372
555 242
556 897
557 83
558 481
559 695
560 524
561 582
562 672
563 154
564 1121
565 81
566 498
567 1085
568 302
569 723
570 798
571 744
572 345
573 300
574 703
575 411
576 966
577 724
578 568
579 217
580 803
581 798
582 343
583 1079
584 651
585 983
586 804
587 785
588 751
589 1060
590 511
591 744
592 931
593 479
594 334
595 852
596 1105
597 302
598 410
599 326
600 862
601 437
602 620
603 514
604 1018
605 786
606 53
607 106
608 1020
609 894
610 1130
611 505
612 716
613 190
614 920
615 103
616 1061
617 736
618 575
619 692
620 397
621 170
622 798
623 5
624 724
625 7
626 761
627 363
628 507
629 597
630 366
631 146
632 854
633 638
634 781
635 798
636 60
637 399
638 356
639 831
640 264
641 432
642 526
643 205
644 741
645 450
646 187
647 1086
648 685
649 211
650 768
651 431
652 173
653 30
654 530
655 129
656 88
657 981
658 259
659 1105
660 712
661 125
662 375
663 434
664 597
665 458
666 448
667 488
668 266
669 352
670 761
671 59
672 448
673 343
674 263
675 1124
676 1116
677 714
678 553
679 1069
680 469
681 53
682 597
683 547
684 70
685 776
686 693
687 14
688 1117
689 532
690 659
691 890
692 992
693 552
694 212
695 1087
696 1112
697 1104
698 1013
699 1006
700 567
701 806
702 399
703 25
704 1042
705 586
706 1041
707 658
708 1046
709 411
710 991
711 7
712 1088
713 635
714 446
715 641
716 322
717 1127
718 725
719 928
720 1118
721 324
722 565
723 682
724 127
725 548
726 1021
727 89
728 137
729 181
730 307
731 1103
732 104
733 43
734 1069
735 686
736 227
737 425
738 64
739 513
740 505
741 581
742 680
743 685
744 357
745 220
746 747
747 788
748 463
749 533
750 231
751 1033
752 646
753 835
754 917
755 112
756 378
757 382
758 480
759 903
760 715
761 648
762 24
763 208
764 903
765 329
766 668
767 842
768 573
769 611
770 1083
771 1129
772 1025
773 708
774 575
775 425
776 1056
777 416
778 485
779 1101
780 256
781 457
782 928
783 948
784 505
785 448
786 37
787 3
788 697
789 950
790 1127
791 164
792 694
793 229
794 817
795 245
796 458
797 303
798 477
799 1051
800 859
801 187
802 57
803 844
804 526
805 234
806 168
807 875
808 698
809 1090
810 274
811 74
812 1095
813 479
814 404
815 385
816 39
817 1130
818 905
819 860
820 679
821 371
822 411
823 890
824 1097
825 807
826 973
827 603
828 577
829 1100
830 663
831 952
832 726
833 669
834 236
835 318
836 290
837 982
838 620
839 541
840 581
841 370
842 636
843 9
844 547
845 757
846 811
847 426
848 676
849 941
850 343
851 718
852 379
853 785
854 1
855 1002
856 799
857 13
858 419
859 140
860 285
861 207
862 77
863 910
864 828
865 684
866 60
867 534
868 949
869 1004
870 650
871 481
872 216
873 560
874 984
875 223
876 160
877 1119
878 1099
879 848
880 796
881 68
882 280
883 559
884 472
885 98
886 277
887 539
888 1052
889 76
890 390
891 983
892 154
893 966
894 833
895 1127
896 196
897 197
898 728
899 721
900 271
901 307
902 718
903 136
904 1039
905 224
906 707
907 113
908 272
909 438
910 631
911 24
912 582
913 642
914 513
915 57
916 981
917 575
918 228
919 463
920 1061
921 507
922 1070
923 310
924 609
925 702
926 956
927 889
928 445
929 1110
930 168
931 974
932 25
933 381
934 678
935 1095
936 26
937 433
938 618
939 27
940 700
941 255
942 628
943 232
944 943
945 535
946 483
947 288
948 692
949 487
950 367
951 896
952 187
953 710
954 449
955 692
956 195
957 107
958 373
959 207
960 944
961 626
962 420
963 873
964 268
965 855
966 992
967 1019
968 532
969 305
970 168
971 228
972 515
973 196
974 455
975 394
976 660
977 1066
978 149
979 874
980 839
981 166
982 166
983 143
984 811
985 746
986 258
987 117
988 230
989 518
990 456
991 579
992 805
993 297
994 910
995 1097
996 940
997 431
998 45
999 118
1000 1089
1001 74
1002 831
1003 48
1004 44
1005 421
1006 807
1007 849
1008 450
1009 126
1010 68
1011 1079
1012 669
1013 472
1014 325
1015 776
1016 737
1017 33
1018 1058
1019 399
1020 788
1021 1127
1022 392
1023 290
1024 118
1025 327
1026 1086
1027 674
1028 750
1029 137
1030 872
1031 60
1032 856
1033 771
1034 434
1035 643
1036 774
1037 435
1038 1080
1039 797
1040 742
1041 760
1042 1121
1043 821
1044 146
1045 228
1046 803
1047 363
1048 752
1049 143
1050 147
1051 359
1052 720
1053 1079
1054 1071
1055 69
1056 241
1057 137
1058 17
1059 1002
1060 78
1061 71
1062 264
1063 318
1064 166
1065 224
1066 160
1067 738
1068 612
1069 987
1070 825
1071 610
1072 611
1073 53
1074 845
1075 744
1076 314
1077 625
1078 797
1079 5
1080 162
1081 560
1082 783
1083 1095
1084 972
1085 1068
1086 290
1087 466
1088 636
1089 680
1090 162
1091 486
1092 203
1093 283
1094 210
1095 823
1096 438
1097 926
1098 81
1099 180
1100 877
1101 281
1102 917
1103 548
1104 75
1105 773
1106 344
1107 257
1108 481
1109 277
1110 54
1111 1084
1112 617
1113 425
1114 700
1115 63
1116 969
1117 874
1118 917
1119 766
1120 1125
1121 520
1122 212
1123 796
1124 35
1125 332
1126 859
1127 718
1128 655
1129 505
1130 709
1131 191
0 895
1 886
2 53
3 884
4 161
5 923
6 54
7 1019
8 731
9 895
10 819
11 668
12 436
13 775
14 860
15 1047
16 837
17 279
18 836
19 911
20 1077
21 347
22 787
23 528
24 519
25 289
26 770
27 357
28 434
29 521
30 143
31 878
32 635
33 834
34 213
35 5
36 631
37 838
38 1121
39 1013
40 909
41 328
42 129
43 756
44 1113
45 724
46 526
47 425
48 667
49 394
50 293
51 230
52 217
53 784
54 192
55 696
56 968
57 703
58 1123
59 778
60 287
61 662
62 516
63 1051
64 500
65 268
66 108
67 599
68 366
69 154
70 715
71 818
72 570
73 685
74 435
75 1033
76 577
77 887
78 975
79 76
80 371
81 388
82 257
83 643
84 261
85 997
86 760
87 357
88 597
89 1083
90 976
91 1113
92 778
93 699
94 539
95 714
96 966
97 888
98 360
99 178
100 71
101 838
102 1033
103 502
104 453
105 500
106 262
107 139
108 711
109 58
110 446
111 544
112 682
113 650
114 623
115 933
116 151
117 92
118 641
119 289
120 1019
121 886
122 822
123 434
124 594
125 905
126 632
127 178
128 1108
129 635
130 424
131 73
132 834
133 195
134 630
135 495
136 418
137 380
138 999
139 911
140 484
141 248
142 568
143 692
144 508
145 86
146 696
147 926
148 304
149 930
150 419
151 988
152 899
153 1115
154 197
155 428
156 851
157 957
158 296
159 1041
160 617
161 470
162 953
163 517
164 192
165 164
166 1053
167 987
168 409
169 342
170 748
171 839
172 127
173 298
174 702
175 71
176 460
177 1033
178 762
179 423
180 220
181 890
182 438
183 31
184 391
185 823
186 83
187 51
188 807
189 1045
190 79
191 92
192 761
193 728
194 910
195 949
196 387
197 1028
198 30
199 230
200 480
201 821
202 287
203 602
204 694
205 910
206 122
207 331
208 657
209 112
210 766
211 330
212 369
213 1003
214 306
215 990
216 548
217 1126
218 541
219 1102
220 554
221 706
222 765
223 1089
224 347
225 517
226 682
227 389
228 231
229 994
230 508
231 620
232 956
233 155
234 721
235 868
236 841
237 992
238 1123
239 599
240 571
241 673
242 454
243 497
244 350
245 1015
246 218
247 589
248 379
249 1055
250 45
251 387
252 254
253 249
254 917
255 173
256 349
257 1011
258 335
259 639
260 987
261 410
262 111
263 92
264 128
265 1050
266 189
267 815
268 1029
269 575
270 287
271 827
272 1130
273 824
274 565
275 382
276 544
277 369
278 633
279 709
280 51
281 781
282 410
283 3
284 1086
285 383
286 596
287 650
288 361
289 327
290 763
291 494
292 365
293 429
294 269
295 1012
296 631
297 207
298 985
299 634
300 373
301 958
302 796
303 286
304 1102
305 247
306 874
307 172
308 365
309 778
310 221
311 485
312 332
313 425
314 151
315 1040
316 262
317 285
318 302
319 471
320 269
321 997
322 818
323 616
324 409
325 813
326 302
327 19
328 98
329 260
330 1025
331 1055
332 573
333 953
334 511
335 1089
336 842
337 1013
338 306
339 521
340 634
341 34
342 357
343 60
344 664
345 798
346 88
347 183
348 139
349 781
350 337
351 841
352 341
353 1083
354 413
355 758
356 489
357 816
358 942
359 876
360 343
361 969
362 843
363 292
364 1017
365 749
366 617
367 428
368 934
369 1093
370 38
371 941
372 894
373 772
374 73
375 566
376 722
377 162
378 574
379 81
380 602
381 154
382 1095
383 347
384 938
385 170
386 860
387 244
388 165
389 925
390 478
391 652
392 753
393 365
394 97
395 950
396 379
397 1049
398 893
399 832
400 1045
401 842
402 661
403 107
404 818
405 411
406 621
407 208
408 959
409 847
410 792
411 573
412 68
413 1050
414 785
415 779
416 979
417 1089
418 205
419 70
420 256
421 200
422 612
423 937
424 767
425 65
426 585
427 800
428 767
429 1028
430 286
431 709
432 723
433 986
434 472
435 989
436 542
437 425
438 542
439 977
440 968
441 11
442 516
443 37
444 1090
445 1129
446 573
447 328
448 1130
449 529
450 427
451 849
452 1034
453 813
454 1060
455 97
456 789
457 968
458 197
459 366
460 852
461 198
462 825
463 314
464 233
465 597
466 372
467 302
468 220
469 769
470 655
471 300
472 413
473 1064
474 117
475 135
476 108
477 1041
478 664
479 561
480 10
481 364
482 674
483 404
484 986
485 560
486 643
487 792
488 855
489 623
490 971
491 138
492 243
493 868
494 214
495 526
496 480
497 325
498 179
499 957
500 960
501 12
502 620
503 140
504 196
505 54
506 544
507 841
508 258
509 188
510 1128
511 141
512 606
513 528
514 935
515 800
516 381
517 344
518 845
519 815
520 1085
521 300
522 990
523 263
524 1036
525 530
526 1122
527 1042
528 195
529 445
530 340
531 1107
532 313
533 906
534 259
535 583
536 881
537 789
538 364
539 289
540 185
541 130
542 1076
543 1073
544 1064
545 181
546 792
547 651
548 539
549 725
550 823
551 1073
552 368
553 184
554 420
555 242
556 218
557 83
558 481
559 695
560 188
561 868
562 672
563 1077
564 1121
565 914
566 498
567 138
568 302
569 12
570 963
571 744
572 345
573 300
574 774
575 678
576 966
577 724
578 568
579 518
580 812
581 734
582 499
583 554
584 717
585 580
586 804
587 94
588 191
589 917
590 511
591 744
592 148
593 471
594 334
595 662
596 1105
597 740
598 417
599 573
600 862
601 502
602 406
603 304
604 1018
605 786
606 571
607 770
608 1020
609 894
610 1130
611 1112
612 284
613 758
614 920
615 289
616 221
617 858
618 856
619 152
620 1018
621 782
622 872
623 5
624 1102
625 7
626 836
627 363
628 722
629 597
630 646
631 440
632 854
633 399
634 860
635 798
636 60
637 399
638 887
639 831
640 264
641 432
642 526
643 205
644 549
645 322
646 154
647 354
648 109
649 51
650 768
651 431
652 173
653 790
654 1108
655 129
656 792
657 981
658 259
659 865
660 1101
661 125
662 375
663 434
664 369
665 871
666 905
667 823
668 266
669 678
670 455
671 59
672 448
673 343
674 1067
675 1124
676 8
677 714
678 553
679 1069
680 469
681 167
682 220
683 547
684 70
685 202
686 693
687 14
688 235
689 621
690 659
691 499
692 4
693 552
694 913
695 1087
696 606
697 1104
698 452
699 150
700 567
701 907
702 766
703 190
704 731
705 817
706 1041
707 658
708 226
709 357
710 763
711 243
712 1088
713 257
714 322
715 385
716 322
717 271
718 461
719 5
720 1118
721 850
722 966
723 682
724 688
725 102
726 1021
727 89
728 44
729 51
730 307
731 185
732 381
733 448
734 1048
735 708
736 227
737 935
738 915
739 1083
740 468
741 581
742 680
743 97
744 634
745 427
746 747
747 788
748 431
749 533
750 245
751 1033
752 512
753 835
754 11
755 892
756 999
757 194
758 480
759 605
760 1075
761 648
762 24
763 1062
764 1114
765 392
766 1130
767 842
768 273
769 611
770 1083
771 466
772 1025
773 388
774 575
775 864
776 1056
777 536
778 485
779 967
780 214
781 269
782 330
783 78
784 352
785 448
786 878
787 740
788 35
789 950
790 507
791 329
792 694
793 229
794 817
795 406
796 458
797 303
798 477
799 1051
800 859
801 533
802 57
803 844
804 935
805 592
806 168
807 210
808 677
809 44
810 459
811 426
812 1117
813 479
814 404
815 385
816 39
817 963
818 1102
819 887
820 885
821 371
822 1069
823 1009
824 1097
825 24
826 973
827 869
828 577
829 107
830 1090
831 178
832 726
833 40
834 569
835 574
836 647
837 982
838 892
839 470
840 11
841 370
842 538
843 9
844 547
845 19
846 981
847 426
848 882
849 941
850 924
851 973
852 379
853 785
854 1
855 747
856 799
857 154
858 422
859 446
860 285
861 206
862 77
863 247
864 120
865 280
866 590
867 137
868 439
869 241
870 707
871 481
872 590
873 560
874 984
875 891
876 798
877 249
878 1129
879 823
880 796
881 68
882 294
883 621
884 781
885 98
886 277
887 479
888 414
889 76
890 390
891 40
892 180
893 966
894 833
895 1127
896 196
897 197
898 561
899 721
900 271
901 546
902 440
903 304
904 1122
905 317
906 707
907 113
908 124
909 363
910 555
911 24
912 582
913 478
914 478
915 323
916 981
917 636
918 437
919 1129
920 597
921 798
922 256
923 310
924 76
925 702
926 956
927 849
928 445
929 1110
930 300
931 550
932 1048
933 381
934 678
935 39
936 26
937 242
938 126
939 421
940 950
941 951
942 628
943 232
944 943
945 535
946 613
947 288
948 692
949 112
950 367
951 896
952 187
953 710
954 449
955 606
956 147
957 607
958 418
959 207
960 1022
961 466
962 47
963 873
964 11
965 855
966 92
967 1025
968 532
969 305
970 168
971 228
972 515
973 719
974 219
975 813
976 119
977 886
978 24
979 874
980 319
981 1087
982 166
983 143
984 811
985 428
986 708
987 964
988 1111
989 1011
990 456
991 604
992 253
993 297
994 140
995 1097
996 1042
997 431
998 434
999 127
1000 1089
1001 316
1002 965
1003 907
1004 44
1005 703
1006 807
1007 1047
1008 219
1009 126
1010 68
1011 652
1012 669
1013 206
1014 518
1015 339
1016 303
1017 66
1018 170
1019 273
1020 788
1021 234
1022 1125
1023 290
1024 118
1025 300
1026 1029
1027 674
1028 171
1029 137
1030 872
1031 60
1032 856
1033 514
1034 843
1035 643
1036 854
1037 605
1038 649
1039 797
1040 502
1041 638
1042 392
1043 821
1044 146
1045 504
1046 765
1047 363
1048 999
1049 22
1050 878
1051 982
1052 443
1053 429
1054 1071
1055 1002
1056 241
1057 1090
1058 985
1059 1002
1060 78
1061 71
1062 264
1063 842
1064 713
1065 743
1066 497
1067 738
1068 612
1069 554
1070 475
1071 1099
1072 611
1073 709
1074 44
1075 650
1076 314
1077 625
1078 278
1079 5
1080 50
1081 560
1082 783
1083 1095
1084 406
1085 500
1086 290
1087 466
1088 163
1089 582
1090 162
1091 152
1092 203
1093 283
1094 597
1095 823
1096 224
1097 347
1098 81
1099 180
1100 802
1101 879
1102 734
1103 988
1104 84
1105 130
1106 344
1107 138
1108 391
1109 239
1110 890
1111 167
1112 617
1113 604
1114 700
1115 147
1116 969
1117 9
1118 917
1119 868
1120 31
1121 520
1122 212
1123 63
1124 245
1125 251
1126 859
1127 784
1128 655
1129 505
1130 709
1131 533
