0 174
1 230
2 164
3 72
4 162
5 266
6 149
7 118
8 45
9 186
10 23
11 93
12 227
13 68
14 170
15 148
16 247
17 240
18 4
19 3
20 18
21 82
22 165
23 59
24 172
25 75
26 116
27 197
28 91
29 213
30 159
31 24
32 234
33 71
34 119
35 65
36 236
37 69
38 101
39 162
40 266
41 97
42 139
43 26
44 175
45 223
46 235
47 27
48 124
49 163
50 257
51 225
52 45
53 38
54 85
55 39
56 230
57 161
58 206
59 222
60 150
61 4
62 248
63 7
64 97
65 52
66 83
67 73
68 80
69 211
70 70
71 133
72 57
73 151
74 138
75 62
76 121
77 49
78 19
79 169
80 30
81 142
82 260
83 182
84 24
85 149
86 201
87 246
88 218
89 81
90 27
91 228
92 162
93 7
94 94
95 128
96 146
97 52
98 65
99 245
100 99
101 194
102 163
103 205
104 71
105 194
106 21
107 5
108 15
109 56
110 99
111 242
112 184
113 122
114 142
115 91
116 136
117 203
118 98
119 96
120 220
121 64
122 41
123 47
124 18
125 147
126 153
127 254
128 53
129 257
130 115
131 212
132 235
133 175
134 140
135 129
136 261
137 11
138 90
139 194
140 12
141 79
142 54
143 71
144 246
145 156
146 114
147 252
148 186
149 101
150 30
151 75
152 157
153 65
154 152
155 82
156 23
157 263
158 172
159 156
160 91
161 44
162 95
163 1
164 51
165 211
166 165
167 247
168 144
169 197
170 144
171 201
172 189
173 158
174 119
175 242
176 262
177 114
178 68
179 222
180 159
181 67
182 85
183 135
184 210
185 79
186 134
187 131
188 231
189 211
190 198
191 100
192 80
193 137
194 138
195 189
196 238
197 211
198 213
199 60
200 143
201 90
202 86
203 126
204 193
205 173
206 55
207 136
208 20
209 60
210 45
211 186
212 234
213 90
214 39
215 88
216 170
217 247
218 254
219 137
220 59
221 1
222 157
223 219
224 18
225 97
226 3
227 187
228 1
229 107
230 0
231 113
232 189
233 232
234 217
235 41
236 199
237 11
238 171
239 117
240 203
241 33
242 45
243 109
244 74
245 225
246 14
247 217
248 3
249 117
250 230
251 257
252 160
253 30
254 47
255 109
256 48
257 68
258 118
259 96
260 191
261 209
262 196
263 40
264 166
265 73
266 203
0 174
1 26
2 170
3 72
4 79
5 250
6 38
7 147
8 81
9 167
10 23
11 161
12 227
13 127
14 170
15 148
16 247
17 154
18 116
19 59
20 265
21 192
22 254
23 59
24 172
25 157
26 114
27 197
28 26
29 213
30 159
31 175
32 234
33 257
34 119
35 158
36 51
37 170
38 160
39 24
40 23
41 97
42 134
43 26
44 175
45 223
46 193
47 88
48 25
49 183
50 257
51 185
52 98
53 38
54 85
55 134
56 230
57 151
58 84
59 222
60 150
61 4
62 248
63 52
64 18
65 52
66 119
67 4
68 80
69 211
70 70
71 161
72 262
73 242
74 138
75 168
76 247
77 76
78 64
79 152
80 233
81 142
82 144
83 136
84 131
85 117
86 145
87 247
88 19
89 81
90 235
91 228
92 36
93 242
94 82
95 238
96 134
97 178
98 65
99 189
100 99
101 194
102 163
103 205
104 135
105 20
106 21
107 84
108 148
109 56
110 99
111 242
112 184
113 245
114 142
115 46
116 146
117 79
118 187
119 96
120 74
121 64
122 41
123 47
124 149
125 147
126 4
127 254
128 53
129 257
130 133
131 19
132 235
133 131
134 109
135 129
136 261
137 11
138 90
139 146
140 57
141 162
142 105
143 31
144 246
145 141
146 114
147 252
148 2
149 218
150 55
151 121
152 157
153 65
154 85
155 172
156 23
157 0
158 172
159 93
160 91
161 44
162 260
163 1
164 154
165 211
166 150
167 247
168 26
169 197
170 144
171 201
172 242
173 158
174 119
175 230
176 262
177 49
178 68
179 222
180 88
181 67
182 232
183 236
184 123
185 79
186 134
187 36
188 231
189 211
190 198
191 61
192 78
193 137
194 138
195 218
196 10
197 211
198 202
199 60
200 143
201 36
202 86
203 126
204 193
205 122
206 125
207 58
208 20
209 60
210 45
211 20
212 234
213 90
214 39
215 257
216 170
217 247
218 254
219 196
220 59
221 1
222 45
223 245
224 161
225 36
226 3
227 187
228 258
229 107
230 0
231 113
232 187
233 206
234 81
235 41
236 202
237 22
238 264
239 190
240 42
241 39
242 142
243 134
244 74
245 225
246 14
247 158
248 84
249 148
250 94
251 108
252 168
253 30
254 47
255 109
256 102
257 68
258 195
259 96
260 191
261 244
262 196
263 61
264 166
265 20
266 127
