0 88
1 135
2 76
3 245
4 13
5 113
6 225
7 50
8 72
9 253
10 259
11 69
12 64
13 88
14 7
15 121
16 73
17 254
18 140
19 53
20 157
21 247
22 266
23 5
24 151
25 9
26 169
27 91
28 266
29 170
30 144
31 7
32 98
33 255
34 97
35 115
36 104
37 263
38 10
39 172
40 237
41 67
42 30
43 3
44 96
45 84
46 46
47 226
48 99
49 38
50 19
51 9
52 129
53 200
54 248
55 247
56 259
57 260
58 229
59 200
60 67
61 151
62 160
63 227
64 227
65 228
66 58
67 89
68 12
69 191
70 108
71 28
72 212
73 47
74 143
75 108
76 219
77 259
78 123
79 8
80 255
81 54
82 231
83 51
84 134
85 249
86 230
87 127
88 180
89 261
90 159
91 164
92 150
93 240
94 112
95 103
96 117
97 201
98 25
99 30
100 237
101 177
102 74
103 41
104 221
105 112
106 94
107 141
108 39
109 203
110 165
111 62
112 188
113 252
114 2
115 180
116 245
117 171
118 263
119 27
120 138
121 36
122 203
123 29
124 6
125 161
126 240
127 88
128 259
129 103
130 182
131 212
132 33
133 100
134 93
135 101
136 53
137 215
138 217
139 149
140 138
141 246
142 63
143 74
144 11
145 156
146 136
147 179
148 266
149 230
150 185
151 160
152 102
153 180
154 0
155 140
156 94
157 44
158 68
159 102
160 127
161 145
162 45
163 155
164 50
165 253
166 234
167 220
168 260
169 60
170 130
171 254
172 159
173 53
174 259
175 7
176 61
177 206
178 160
179 195
180 199
181 72
182 176
183 106
184 66
185 203
186 261
187 53
188 118
189 140
190 2
191 213
192 161
193 248
194 77
195 181
196 236
197 125
198 202
199 20
200 154
201 121
202 20
203 217
204 199
205 33
206 161
207 192
208 193
209 79
210 208
211 104
212 44
213 176
214 133
215 126
216 111
217 0
218 96
219 31
220 167
221 254
222 253
223 191
224 100
225 222
226 206
227 89
228 157
229 192
230 209
231 181
232 182
233 66
234 41
235 30
236 192
237 255
238 85
239 241
240 200
241 255
242 40
243 110
244 205
245 75
246 27
247 177
248 24
249 154
250 49
251 73
252 126
253 108
254 194
255 195
256 235
257 38
258 16
259 159
260 33
261 5
262 130
263 32
264 174
265 50
266 69
0 217
1 169
2 254
3 245
4 103
5 161
6 225
7 50
8 72
9 102
10 135
11 236
12 64
13 88
14 7
15 121
16 217
17 254
18 110
19 17
20 157
21 143
22 130
23 121
24 151
25 9
26 161
27 91
28 158
29 129
30 239
31 7
32 98
33 255
34 97
35 265
36 248
37 122
38 10
39 172
40 21
41 67
42 30
43 258
44 83
45 84
46 46
47 38
48 125
49 127
50 19
51 131
52 10
53 84
54 248
55 247
56 218
57 260
58 229
59 167
60 75
61 151
62 160
63 227
64 227
65 203
66 58
67 89
68 39
69 227
70 108
71 207
72 36
73 158
74 234
75 211
76 92
77 259
78 49
79 115
80 48
81 152
82 83
83 51
84 134
85 117
86 230
87 127
88 180
89 133
90 196
91 164
92 150
93 240
94 112
95 103
96 247
97 201
98 25
99 30
100 237
101 250
102 133
103 41
104 248
105 112
106 94
107 206
108 135
109 203
110 165
111 81
112 188
113 20
114 52
115 180
116 232
117 22
118 263
119 27
120 62
121 14
122 203
123 29
124 6
125 161
126 92
127 5
128 209
129 255
130 11
131 41
132 138
133 100
134 217
135 101
136 53
137 132
138 14
139 149
140 138
141 246
142 63
143 140
144 25
145 156
146 136
147 179
148 174
149 238
150 248
151 160
152 102
153 180
154 263
155 123
156 207
157 44
158 68
159 249
160 127
161 56
162 164
163 155
164 50
165 253
166 63
167 75
168 260
169 98
170 121
171 219
172 108
173 118
174 233
175 45
176 248
177 37
178 133
179 69
180 251
181 22
182 176
183 75
184 66
185 203
186 261
187 53
188 118
189 140
190 131
191 213
192 161
193 263
194 77
195 181
196 203
197 68
198 19
199 79
200 154
201 141
202 85
203 180
204 252
205 183
206 161
207 205
208 20
209 79
210 208
211 52
212 44
213 176
214 141
215 126
216 207
217 144
218 174
219 150
220 188
221 254
222 253
223 67
224 198
225 222
226 206
227 95
228 59
229 79
230 168
231 194
232 182
233 66
234 208
235 30
236 129
237 178
238 85
239 147
240 15
241 57
242 200
243 216
244 28
245 40
246 27
247 154
248 154
249 242
250 164
251 121
252 184
253 108
254 194
255 261
256 235
257 38
258 251
259 201
260 33
261 103
262 164
263 32
264 35
265 181
266 69
