0 250
1 165
2 45
3 69
4 183
5 121
6 204
7 111
8 204
9 16
10 201
11 12
12 12
13 10
14 43
15 170
16 83
17 118
18 80
19 211
20 256
21 160
22 34
23 90
24 7
25 205
26 264
27 12
28 60
29 203
30 196
31 236
32 245
33 174
34 170
35 185
36 57
37 148
38 147
39 102
40 83
41 260
42 249
43 26
44 259
45 6
46 157
47 247
48 108
49 19
50 39
51 158
52 74
53 70
54 133
55 104
56 50
57 190
58 24
59 155
60 226
61 138
62 53
63 9
64 41
65 35
66 224
67 2
68 66
69 144
70 240
71 137
72 229
73 141
74 200
75 44
76 120
77 80
78 247
79 201
80 29
81 256
82 150
83 233
84 76
85 132
86 44
87 33
88 84
89 168
90 258
91 106
92 53
93 231
94 196
95 260
96 21
97 174
98 8
99 242
100 58
101 106
102 148
103 154
104 157
105 72
106 164
107 157
108 152
109 54
110 1
111 4
112 173
113 230
114 38
115 118
116 96
117 66
118 12
119 7
120 118
121 256
122 114
123 184
124 84
125 153
126 250
127 76
128 120
129 88
130 116
131 91
132 240
133 84
134 120
135 40
136 5
137 9
138 62
139 132
140 13
141 5
142 211
143 99
144 128
145 1
146 149
147 224
148 156
149 241
150 154
151 181
152 117
153 104
154 264
155 80
156 248
157 64
158 193
159 82
160 265
161 196
162 14
163 142
164 106
165 51
166 245
167 58
168 171
169 109
170 63
171 230
172 248
173 102
174 20
175 64
176 262
177 175
178 73
179 118
180 118
181 135
182 81
183 71
184 265
185 226
186 91
187 125
188 236
189 39
190 54
191 20
192 191
193 5
194 135
195 253
196 113
197 151
198 179
199 115
200 44
201 225
202 184
203 242
204 73
205 204
206 73
207 244
208 192
209 48
210 131
211 156
212 204
213 81
214 68
215 115
216 128
217 143
218 212
219 209
220 199
221 15
222 183
223 107
224 41
225 62
226 186
227 261
228 263
229 69
230 41
231 212
232 7
233 200
234 233
235 39
236 111
237 21
238 158
239 179
240 172
241 131
242 111
243 100
244 213
245 13
246 83
247 73
248 223
249 206
250 134
251 206
252 188
253 95
254 4
255 238
256 69
257 205
258 235
259 141
260 38
261 88
262 95
263 213
264 37
265 154
266 82
0 199
1 75
2 45
3 81
4 200
5 123
6 266
7 83
8 204
9 18
10 201
11 96
12 12
13 42
14 43
15 133
16 83
17 9
18 80
19 211
20 212
21 160
22 34
23 90
24 7
25 205
26 264
27 92
28 95
29 203
30 196
31 236
32 173
33 185
34 170
35 185
36 57
37 38
38 186
39 102
40 67
41 260
42 77
43 157
44 259
45 6
46 157
47 247
48 108
49 19
50 39
51 158
52 255
53 37
54 133
55 104
56 50
57 190
58 128
59 155
60 226
61 82
62 124
63 90
64 75
65 35
66 224
67 66
68 66
69 192
70 240
71 137
72 167
73 48
74 200
75 213
76 120
77 80
78 16
79 178
80 29
81 258
82 28
83 5
84 76
85 191
86 44
87 31
88 84
89 168
90 258
91 106
92 138
93 231
94 148
95 132
96 21
97 174
98 135
99 242
100 58
101 106
102 149
103 154
104 157
105 72
106 120
107 157
108 69
109 54
110 207
111 4
112 173
113 57
114 172
115 118
116 96
117 45
118 12
119 206
120 193
121 266
122 114
123 75
124 171
125 153
126 250
127 76
128 120
129 50
130 200
131 214
132 177
133 13
134 193
135 40
136 64
137 203
138 191
139 65
140 13
141 32
142 261
143 195
144 259
145 1
146 184
147 112
148 131
149 231
150 29
151 181
152 117
153 104
154 264
155 33
156 248
157 143
158 193
159 82
160 92
161 196
162 192
163 173
164 162
165 51
166 181
167 204
168 171
169 109
170 109
171 230
172 236
173 257
174 140
175 64
176 15
177 202
178 21
179 19
180 118
181 244
182 81
183 183
184 265
185 29
186 112
187 182
188 18
189 39
190 197
191 165
192 191
193 178
194 58
195 253
196 113
197 148
198 179
199 152
200 261
201 115
202 184
203 242
204 73
205 204
206 149
207 244
208 6
209 48
210 131
211 156
212 204
213 214
214 100
215 254
216 128
217 214
218 257
219 209
220 233
221 61
222 175
223 107
224 41
225 64
226 186
227 255
228 263
229 253
230 110
231 212
232 130
233 110
234 107
235 39
236 111
237 113
238 158
239 84
240 132
241 39
242 111
243 100
244 213
245 13
246 69
247 73
248 223
249 100
250 257
251 206
252 219
253 95
254 76
255 182
256 69
257 103
258 127
259 249
260 211
261 182
262 6
263 213
264 37
265 140
266 147
