0 12
1 253
2 177
3 140
4 114
5 17
6 238
7 67
8 101
9 153
10 250
11 134
12 49
13 27
14 60
15 178
16 70
17 7
18 20
19 116
20 246
21 16
22 196
23 241
24 258
25 59
26 39
27 174
28 170
29 204
30 261
31 258
32 227
33 245
34 126
35 209
36 58
37 121
38 63
39 25
40 264
41 30
42 125
43 151
44 136
45 177
46 225
47 56
48 56
49 179
50 60
51 81
52 12
53 223
54 113
55 262
56 150
57 77
58 118
59 94
60 154
61 0
62 159
63 188
64 114
65 240
66 54
67 215
68 98
69 184
70 94
71 232
72 225
73 103
74 19
75 151
76 65
77 118
78 84
79 112
80 47
81 43
82 108
83 79
84 17
85 227
86 104
87 70
88 181
89 217
90 8
91 240
92 3
93 8
94 138
95 193
96 119
97 130
98 207
99 42
100 221
101 29
102 227
103 3
104 168
105 193
106 131
107 257
108 100
109 261
110 70
111 103
112 96
113 97
114 144
115 9
116 261
117 36
118 264
119 8
120 209
121 72
122 171
123 234
124 92
125 235
126 133
127 246
128 20
129 65
130 12
131 175
132 106
133 32
134 37
135 53
136 32
137 10
138 11
139 159
140 105
141 96
142 202
143 24
144 52
145 139
146 87
147 191
148 172
149 198
150 82
151 14
152 139
153 145
154 42
155 161
156 52
157 221
158 157
159 112
160 153
161 62
162 37
163 179
164 36
165 94
166 254
167 264
168 139
169 205
170 202
171 19
172 80
173 101
174 182
175 205
176 60
177 21
178 155
179 210
180 206
181 198
182 117
183 193
184 135
185 101
186 22
187 43
188 210
189 189
190 53
191 5
192 94
193 81
194 161
195 142
196 21
197 9
198 154
199 243
200 117
201 120
202 40
203 199
204 252
205 194
206 154
207 233
208 225
209 5
210 199
211 31
212 130
213 235
214 144
215 20
216 68
217 231
218 110
219 6
220 156
221 219
222 177
223 18
224 140
225 35
226 187
227 117
228 216
229 108
230 228
231 4
232 188
233 101
234 110
235 81
236 107
237 4
238 209
239 125
240 234
241 188
242 211
243 106
244 233
245 32
246 56
247 134
248 88
249 181
250 86
251 152
252 209
253 122
254 232
255 68
256 228
257 215
258 132
259 49
260 44
261 80
262 8
263 58
264 237
265 74
266 206
0 213
1 253
2 208
3 140
4 114
5 130
6 238
7 59
8 187
9 123
10 262
11 134
12 9
13 27
14 214
15 178
16 245
17 28
18 20
19 116
20 246
21 76
22 186
23 241
24 258
25 90
26 39
27 18
28 146
29 204
30 188
31 258
32 114
33 245
34 196
35 209
36 58
37 121
38 63
39 28
40 18
41 97
42 117
43 151
44 129
45 177
46 225
47 42
48 50
49 100
50 60
51 81
52 207
53 223
54 113
55 262
56 2
57 109
58 118
59 259
60 136
61 230
62 76
63 188
64 86
65 240
66 54
67 85
68 54
69 75
70 250
71 33
72 126
73 163
74 239
75 169
76 65
77 118
78 84
79 112
80 47
81 197
82 108
83 248
84 17
85 227
86 104
87 70
88 181
89 25
90 124
91 240
92 3
93 8
94 246
95 228
96 119
97 200
98 207
99 42
100 128
101 96
102 242
103 134
104 168
105 176
106 131
107 257
108 100
109 135
110 94
111 103
112 76
113 73
114 144
115 80
116 99
117 205
118 264
119 8
120 209
121 235
122 171
123 234
124 260
125 235
126 127
127 58
128 20
129 220
130 228
131 166
132 115
133 32
134 37
135 53
136 156
137 69
138 65
139 217
140 209
141 160
142 202
143 24
144 12
145 177
146 65
147 110
148 172
149 218
150 108
151 14
152 258
153 145
154 41
155 161
156 52
157 2
158 11
159 112
160 153
161 62
162 148
163 9
164 189
165 149
166 229
167 228
168 139
169 205
170 230
171 19
172 80
173 101
174 182
175 4
176 201
177 169
178 174
179 99
180 206
181 198
182 111
183 193
184 135
185 42
186 22
187 32
188 210
189 189
190 53
191 5
192 11
193 120
194 137
195 96
196 21
197 214
198 75
199 243
200 117
201 120
202 40
203 133
204 252
205 26
206 169
207 233
208 225
209 5
210 199
211 31
212 63
213 235
214 112
215 102
216 178
217 72
218 247
219 192
220 156
221 219
222 233
223 211
224 140
225 266
226 23
227 46
228 216
229 108
230 108
231 4
232 51
233 44
234 110
235 81
236 107
237 4
238 218
239 6
240 153
241 116
242 56
243 106
244 128
245 163
246 72
247 22
248 178
249 79
250 86
251 152
252 209
253 62
254 10
255 68
256 266
257 99
258 132
259 75
260 119
261 185
262 115
263 30
264 237
265 207
266 193
