0 210
1 14
2 102
3 153
4 100
5 245
6 253
7 251
8 111
9 124
10 119
11 259
12 212
13 34
14 248
15 116
16 25
17 177
18 122
19 225
20 178
21 88
22 159
23 212
24 12
25 137
26 117
27 4
28 260
29 251
30 116
31 114
32 180
33 132
34 8
35 114
36 243
37 103
38 8
39 22
40 81
41 20
42 109
43 212
44 166
45 257
46 113
47 69
48 99
49 39
50 232
51 225
52 62
53 144
54 34
55 213
56 33
57 189
58 203
59 103
60 171
61 6
62 124
63 178
64 170
65 84
66 100
67 244
68 216
69 95
70 132
71 180
72 4
73 166
74 251
75 24
76 29
77 115
78 31
79 211
80 168
81 258
82 62
83 65
84 139
85 155
86 68
87 194
88 75
89 40
90 152
91 53
92 75
93 151
94 99
95 262
96 48
97 42
98 171
99 110
100 231
101 71
102 258
103 170
104 198
105 60
106 102
107 29
108 31
109 233
110 35
111 0
112 99
113 228
114 254
115 217
116 67
117 82
118 248
119 249
120 197
121 66
122 92
123 129
124 173
125 148
126 61
127 16
128 139
129 29
130 68
131 171
132 14
133 112
134 231
135 208
136 43
137 262
138 27
139 194
140 223
141 218
142 123
143 114
144 48
145 252
146 122
147 232
148 92
149 240
150 102
151 83
152 239
153 48
154 13
155 251
156 211
157 112
158 234
159 112
160 141
161 211
162 158
163 244
164 249
165 259
166 60
167 117
168 89
169 222
170 222
171 192
172 125
173 147
174 59
175 202
176 250
177 32
178 203
179 93
180 128
181 108
182 80
183 20
184 94
185 236
186 47
187 260
188 34
189 26
190 212
191 231
192 59
193 172
194 116
195 144
196 74
197 241
198 233
199 202
200 205
201 186
202 214
203 242
204 109
205 14
206 177
207 145
208 0
209 166
210 105
211 196
212 20
213 159
214 128
215 196
216 131
217 190
218 84
219 69
220 68
221 32
222 77
223 251
224 22
225 69
226 173
227 130
228 255
229 17
230 173
231 233
232 76
233 183
234 113
235 153
236 151
237 95
238 186
239 256
240 174
241 230
242 220
243 110
244 72
245 195
246 60
247 18
248 243
249 198
250 70
251 217
252 151
253 235
254 72
255 6
256 146
257 214
258 70
259 109
260 177
261 200
262 248
263 228
264 131
265 194
266 125
0 35
1 14
2 166
3 153
4 100
5 245
6 210
7 136
8 101
9 75
10 119
11 259
12 212
13 34
14 106
15 116
16 137
17 177
18 31
19 34
20 249
21 88
22 159
23 212
24 12
25 116
26 234
27 4
28 260
29 144
30 116
31 114
32 108
33 132
34 8
35 171
36 243
37 103
38 8
39 22
40 133
41 139
42 22
43 64
44 123
45 257
46 109
47 174
48 51
49 196
50 3
51 225
52 62
53 144
54 215
55 211
56 33
57 189
58 203
59 35
60 68
61 6
62 124
63 178
64 193
65 7
66 100
67 244
68 216
69 220
70 149
71 180
72 219
73 166
74 112
75 24
76 29
77 115
78 224
79 211
80 93
81 258
82 54
83 65
84 139
85 5
86 40
87 194
88 75
89 161
90 152
91 53
92 75
93 110
94 99
95 77
96 6
97 42
98 178
99 110
100 193
101 71
102 216
103 167
104 207
105 5
106 102
107 29
108 31
109 87
110 35
111 0
112 99
113 63
114 254
115 60
116 49
117 82
118 248
119 249
120 197
121 260
122 92
123 129
124 213
125 250
126 86
127 16
128 54
129 119
130 250
131 171
132 14
133 112
134 83
135 208
136 110
137 86
138 27
139 34
140 223
141 218
142 123
143 84
144 206
145 37
146 136
147 54
148 184
149 240
150 102
151 124
152 239
153 262
154 13
155 154
156 211
157 244
158 125
159 120
160 141
161 100
162 25
163 244
164 249
165 150
166 60
167 117
168 265
169 222
170 168
171 192
172 125
173 5
174 244
175 202
176 190
177 140
178 203
179 93
180 128
181 108
182 77
183 132
184 88
185 236
186 4
187 260
188 196
189 26
190 2
191 8
192 33
193 258
194 29
195 144
196 233
197 241
198 233
199 138
200 78
201 213
202 214
203 242
204 127
205 2
206 167
207 145
208 142
209 178
210 124
211 35
212 20
213 159
214 128
215 196
216 131
217 34
218 3
219 248
220 77
221 32
222 90
223 251
224 255
225 69
226 173
227 130
228 177
229 262
230 55
231 156
232 31
233 19
234 19
235 153
236 45
237 95
238 192
239 262
240 174
241 230
242 24
243 110
244 72
245 195
246 65
247 236
248 243
249 158
250 226
251 217
252 66
253 235
254 72
255 132
256 109
257 214
258 70
259 109
260 135
261 86
262 248
263 78
264 133
265 125
266 125
