0 246
1 59
2 24
3 180
4 113
5 165
6 144
7 143
8 234
9 88
10 21
11 7
12 245
13 143
14 108
15 125
16 150
17 248
18 111
19 85
20 204
21 97
22 119
23 189
24 137
25 6
26 96
27 92
28 99
29 128
30 206
31 232
32 194
33 25
34 3
35 257
36 63
37 87
38 52
39 149
40 191
41 52
42 217
43 70
44 187
45 241
46 47
47 23
48 78
49 253
50 235
51 82
52 184
53 220
54 154
55 121
56 25
57 163
58 51
59 114
60 204
61 124
62 38
63 49
64 56
65 248
66 264
67 121
68 176
69 61
70 186
71 239
72 147
73 147
74 121
75 6
76 143
77 238
78 232
79 134
80 235
81 36
82 83
83 28
84 63
85 14
86 78
87 128
88 79
89 63
90 265
91 63
92 234
93 160
94 2
95 191
96 105
97 138
98 66
99 126
100 231
101 215
102 204
103 216
104 245
105 140
106 120
107 242
108 55
109 251
110 183
111 250
112 138
113 173
114 149
115 134
116 8
117 65
118 155
119 208
120 228
121 27
122 24
123 39
124 192
125 72
126 113
127 3
128 9
129 41
130 120
131 119
132 34
133 165
134 125
135 19
136 51
137 77
138 97
139 34
140 152
141 71
142 146
143 24
144 250
145 15
146 16
147 142
148 39
149 116
150 115
151 153
152 231
153 125
154 46
155 248
156 156
157 239
158 242
159 21
160 71
161 64
162 141
163 183
164 223
165 262
166 46
167 155
168 52
169 222
170 136
171 153
172 93
173 206
174 54
175 77
176 6
177 92
178 95
179 148
180 38
181 119
182 160
183 227
184 180
185 218
186 218
187 99
188 257
189 34
190 158
191 176
192 30
193 189
194 199
195 31
196 95
197 107
198 174
199 105
200 151
201 138
202 222
203 62
204 138
205 158
206 141
207 266
208 54
209 174
210 129
211 201
212 53
213 101
214 154
215 191
216 179
217 114
218 195
219 141
220 223
221 52
222 22
223 74
224 30
225 49
226 197
227 87
228 264
229 131
230 0
231 45
232 229
233 109
234 245
235 142
236 129
237 103
238 189
239 137
240 196
241 190
242 182
243 64
244 147
245 264
246 20
247 246
248 216
249 235
250 63
251 116
252 76
253 48
254 11
255 5
256 58
257 248
258 112
259 104
260 223
261 82
262 226
263 68
264 120
265 200
266 161
0 246
1 59
2 127
3 180
4 113
5 165
6 144
7 13
8 215
9 88
10 21
11 172
12 169
13 45
14 108
15 125
16 150
17 248
18 245
19 85
20 204
21 241
22 119
23 189
24 220
25 57
26 98
27 172
28 99
29 158
30 7
31 232
32 194
33 103
34 249
35 257
36 91
37 53
38 58
39 149
40 191
41 52
42 148
43 246
44 187
45 148
46 47
47 108
48 181
49 253
50 155
51 82
52 103
53 67
54 90
55 211
56 135
57 152
58 74
59 22
60 204
61 124
62 138
63 125
64 56
65 248
66 264
67 121
68 176
69 61
70 186
71 77
72 266
73 65
74 121
75 6
76 143
77 238
78 232
79 167
80 235
81 36
82 168
83 83
84 63
85 14
86 228
87 128
88 87
89 42
90 265
91 63
92 234
93 160
94 181
95 265
96 95
97 109
98 66
99 224
100 231
101 205
102 204
103 84
104 245
105 140
106 215
107 238
108 55
109 251
110 135
111 86
112 138
113 173
114 220
115 134
116 8
117 9
118 246
119 14
120 222
121 151
122 24
123 39
124 119
125 72
126 176
127 3
128 230
129 67
130 120
131 60
132 41
133 165
134 125
135 262
136 51
137 174
138 97
139 193
140 152
141 10
142 146
143 166
144 250
145 218
146 16
147 142
148 39
149 40
150 115
151 153
152 231
153 125
154 46
155 248
156 156
157 69
158 133
159 21
160 71
161 42
162 118
163 183
164 156
165 262
166 46
167 159
168 153
169 222
170 136
171 212
172 93
173 206
174 54
175 209
176 6
177 242
178 95
179 64
180 262
181 119
182 160
183 227
184 204
185 247
186 1
187 31
188 138
189 34
190 158
191 176
192 30
193 76
194 199
195 141
196 95
197 107
198 174
199 105
200 151
201 260
202 240
203 62
204 176
205 158
206 116
207 114
208 45
209 174
210 129
211 201
212 73
213 57
214 154
215 191
216 158
217 246
218 1
219 141
220 223
221 52
222 214
223 79
224 30
225 49
226 197
227 87
228 255
229 131
230 0
231 11
232 255
233 164
234 64
235 142
236 129
237 103
238 9
239 53
240 258
241 100
242 182
243 86
244 147
245 59
246 20
247 263
248 169
249 235
250 166
251 88
252 76
253 173
254 11
255 5
256 23
257 248
258 112
259 102
260 140
261 164
262 226
263 68
264 201
265 200
266 214
