0 125
1 53
2 139
3 147
4 184
5 54
6 79
7 81
8 182
9 62
10 118
11 139
12 127
13 122
14 252
15 212
16 17
17 190
18 59
19 87
20 1
21 175
22 81
23 258
24 30
25 198
26 27
27 245
28 119
29 100
30 203
31 189
32 93
33 245
34 223
35 111
36 165
37 175
38 100
39 52
40 19
41 88
42 221
43 53
44 187
45 48
46 262
47 80
48 259
49 98
50 151
51 222
52 59
53 256
54 92
55 52
56 81
57 263
58 24
59 199
60 106
61 0
62 64
63 86
64 28
65 27
66 211
67 31
68 209
69 214
70 138
71 233
72 65
73 191
74 39
75 12
76 20
77 91
78 224
79 48
80 139
81 182
82 254
83 152
84 135
85 64
86 19
87 107
88 114
89 127
90 26
91 137
92 48
93 169
94 62
95 251
96 107
97 108
98 176
99 70
100 151
101 176
102 115
103 44
104 125
105 252
106 199
107 179
108 239
109 96
110 104
111 154
112 161
113 162
114 182
115 64
116 146
117 7
118 140
119 222
120 195
121 62
122 6
123 149
124 248
125 181
126 76
127 62
128 61
129 59
130 204
131 262
132 158
133 164
134 246
135 225
136 134
137 246
138 119
139 240
140 39
141 123
142 150
143 56
144 114
145 147
146 164
147 98
148 118
149 96
150 76
151 157
152 103
153 164
154 190
155 89
156 157
157 34
158 224
159 59
160 75
161 85
162 225
163 247
164 31
165 30
166 77
167 205
168 94
169 30
170 183
171 166
172 191
173 21
174 207
175 45
176 45
177 66
178 132
179 203
180 4
181 214
182 130
183 173
184 254
185 182
186 48
187 138
188 9
189 72
190 155
191 87
192 17
193 60
194 50
195 28
196 175
197 162
198 107
199 263
200 56
201 20
202 229
203 26
204 26
205 2
206 57
207 194
208 241
209 90
210 95
211 166
212 203
213 208
214 240
215 167
216 185
217 120
218 66
219 162
220 227
221 91
222 179
223 150
224 228
225 42
226 124
227 205
228 108
229 201
230 12
231 223
232 13
233 131
234 204
235 20
236 174
237 179
238 220
239 229
240 186
241 214
242 5
243 174
244 115
245 95
246 258
247 120
248 177
249 164
250 20
251 85
252 224
253 79
254 144
255 96
256 217
257 86
258 22
259 143
260 32
261 249
262 25
263 74
264 58
265 0
266 241
0 125
1 127
2 139
3 237
4 21
5 54
6 79
7 136
8 225
9 62
10 50
11 139
12 24
13 190
14 252
15 212
16 193
17 256
18 241
19 169
20 82
21 259
22 48
23 253
24 30
25 198
26 262
27 8
28 151
29 11
30 150
31 133
32 211
33 245
34 230
35 111
36 88
37 175
38 103
39 52
40 227
41 88
42 36
43 53
44 187
45 48
46 171
47 80
48 94
49 229
50 151
51 3
52 168
53 256
54 92
55 52
56 81
57 263
58 218
59 264
60 106
61 130
62 231
63 244
64 28
65 185
66 122
67 235
68 209
69 214
70 138
71 233
72 66
73 108
74 165
75 12
76 231
77 91
78 144
79 48
80 63
81 46
82 34
83 80
84 246
85 64
86 19
87 17
88 114
89 127
90 192
91 137
92 19
93 169
94 237
95 253
96 107
97 159
98 176
99 70
100 151
101 211
102 7
103 44
104 64
105 252
106 181
107 179
108 239
109 96
110 236
111 237
112 161
113 112
114 182
115 64
116 146
117 244
118 140
119 222
120 20
121 118
122 6
123 149
124 218
125 144
126 53
127 62
128 61
129 140
130 139
131 262
132 65
133 266
134 246
135 212
136 196
137 129
138 245
139 47
140 100
141 68
142 139
143 56
144 5
145 84
146 126
147 98
148 261
149 52
150 76
151 157
152 103
153 238
154 146
155 73
156 205
157 74
158 224
159 59
160 75
161 106
162 225
163 105
164 123
165 30
166 207
167 205
168 94
169 30
170 183
171 240
172 191
173 21
174 154
175 147
176 45
177 206
178 132
179 203
180 4
181 73
182 215
183 173
184 46
185 221
186 82
187 242
188 9
189 72
190 155
191 87
192 17
193 135
194 180
195 36
196 175
197 162
198 107
199 203
200 82
201 20
202 229
203 116
204 26
205 2
206 37
207 194
208 241
209 138
210 95
211 166
212 184
213 208
214 5
215 259
216 185
217 120
218 66
219 162
220 227
221 91
222 179
223 150
224 228
225 231
226 124
227 205
228 134
229 40
230 263
231 1
232 253
233 131
234 204
235 20
236 137
237 175
238 220
239 229
240 254
241 214
242 5
243 37
244 115
245 76
246 167
247 120
248 177
249 164
250 20
251 85
252 27
253 79
254 144
255 96
256 240
257 86
258 103
259 225
260 32
261 249
262 25
263 74
264 238
265 0
266 26
