0 140
1 131
2 111
3 138
4 120
5 219
6 143
7 89
8 135
9 28
10 117
11 121
12 124
13 247
14 250
15 171
16 63
17 247
18 251
19 213
20 100
21 22
22 259
23 189
24 129
25 139
26 195
27 51
28 234
29 264
30 247
31 201
32 19
33 201
34 227
35 222
36 175
37 173
38 27
39 172
40 75
41 141
42 254
43 168
44 221
45 85
46 5
47 52
48 44
49 3
50 157
51 162
52 252
53 151
54 144
55 239
56 33
57 136
58 58
59 45
60 146
61 14
62 200
63 255
64 239
65 195
66 237
67 4
68 168
69 38
70 68
71 60
72 191
73 236
74 154
75 54
76 61
77 2
78 261
79 136
80 164
81 160
82 145
83 212
84 214
85 231
86 94
87 127
88 15
89 122
90 54
91 258
92 85
93 221
94 166
95 59
96 202
97 154
98 43
99 64
100 207
101 74
102 47
103 236
104 187
105 196
106 17
107 76
108 84
109 113
110 257
111 76
112 142
113 11
114 224
115 244
116 178
117 205
118 127
119 150
120 139
121 100
122 244
123 112
124 146
125 88
126 188
127 264
128 108
129 85
130 131
131 117
132 172
133 184
134 189
135 263
136 176
137 69
138 91
139 38
140 193
141 157
142 160
143 209
144 203
145 95
146 141
147 189
148 217
149 1
150 177
151 52
152 186
153 248
154 56
155 182
156 54
157 88
158 126
159 187
160 227
161 41
162 237
163 135
164 69
165 10
166 228
167 189
168 86
169 173
170 264
171 225
172 258
173 114
174 245
175 152
176 220
177 259
178 250
179 23
180 67
181 68
182 196
183 221
184 221
185 15
186 211
187 203
188 238
189 236
190 26
191 10
192 111
193 124
194 188
195 122
196 125
197 151
198 39
199 234
200 161
201 33
202 82
203 93
204 213
205 242
206 119
207 179
208 262
209 102
210 90
211 184
212 257
213 61
214 153
215 249
216 216
217 155
218 208
219 6
220 112
221 6
222 203
223 193
224 105
225 94
226 124
227 159
228 149
229 33
230 83
231 125
232 71
233 257
234 4
235 158
236 20
237 25
238 111
239 75
240 73
241 39
242 264
243 52
244 237
245 60
246 193
247 230
248 143
249 67
250 54
251 114
252 60
253 147
254 69
255 113
256 211
257 16
258 67
259 135
260 229
261 2
262 48
263 150
264 254
265 12
266 99
0 142
1 131
2 92
3 138
4 39
5 219
6 143
7 151
8 33
9 28
10 224
11 121
12 124
13 247
14 250
15 171
16 187
17 247
18 251
19 182
20 100
21 262
22 259
23 189
24 153
25 87
26 9
27 96
28 242
29 264
30 57
31 123
32 19
33 201
34 227
35 47
36 245
37 173
38 27
39 61
40 212
41 37
42 254
43 160
44 139
45 27
46 145
47 52
48 261
49 96
50 231
51 177
52 183
53 151
54 104
55 239
56 33
57 96
58 58
59 45
60 114
61 14
62 200
63 4
64 107
65 143
66 101
67 216
68 168
69 11
70 48
71 60
72 19
73 38
74 223
75 228
76 61
77 2
78 261
79 153
80 164
81 160
82 138
83 173
84 214
85 231
86 94
87 127
88 259
89 185
90 164
91 258
92 169
93 215
94 32
95 233
96 12
97 154
98 43
99 2
100 207
101 216
102 47
103 213
104 253
105 196
106 98
107 215
108 84
109 30
110 257
111 76
112 142
113 11
114 224
115 135
116 192
117 205
118 257
119 150
120 139
121 222
122 244
123 173
124 146
125 88
126 119
127 66
128 193
129 85
130 6
131 160
132 141
133 42
134 237
135 83
136 125
137 117
138 91
139 117
140 193
141 157
142 160
143 209
144 240
145 149
146 131
147 189
148 3
149 165
150 146
151 209
152 186
153 248
154 117
155 129
156 142
157 116
158 126
159 187
160 234
161 41
162 237
163 135
164 5
165 10
166 228
167 189
168 225
169 173
170 108
171 235
172 107
173 114
174 245
175 152
176 106
177 249
178 216
179 68
180 242
181 68
182 13
183 221
184 154
185 15
186 211
187 203
188 238
189 178
190 26
191 153
192 111
193 70
194 179
195 239
196 184
197 214
198 63
199 234
200 161
201 64
202 234
203 39
204 181
205 31
206 189
207 249
208 262
209 102
210 140
211 152
212 257
213 61
214 36
215 249
216 216
217 176
218 208
219 6
220 151
221 192
222 203
223 193
224 134
225 94
226 124
227 132
228 80
229 33
230 83
231 22
232 141
233 32
234 4
235 158
236 20
237 25
238 192
239 75
240 128
241 39
242 264
243 226
244 237
245 14
246 86
247 97
248 143
249 67
250 235
251 114
252 253
253 143
254 166
255 113
256 211
257 217
258 224
259 135
260 37
261 2
262 48
263 150
264 152
265 12
266 152
