0 206
1 215
2 73
3 19
4 163
5 22
6 43
7 153
8 118
9 241
10 109
11 176
12 40
13 242
14 0
15 29
16 144
17 193
18 43
19 15
20 67
21 262
22 160
23 194
24 33
25 156
26 208
27 97
28 44
29 120
30 131
31 21
32 216
33 0
34 6
35 140
36 14
37 72
38 231
39 206
40 64
41 99
42 232
43 78
44 229
45 163
46 138
47 175
48 166
49 184
50 105
51 146
52 100
53 61
54 5
55 131
56 128
57 217
58 52
59 121
60 41
61 75
62 233
63 46
64 4
65 10
66 0
67 41
68 68
69 250
70 95
71 208
72 228
73 96
74 253
75 196
76 190
77 110
78 140
79 252
80 260
81 53
82 10
83 15
84 150
85 169
86 240
87 55
88 221
89 181
90 254
91 172
92 201
93 56
94 29
95 23
96 171
97 35
98 176
99 109
100 7
101 141
102 74
103 216
104 186
105 30
106 24
107 128
108 10
109 80
110 238
111 112
112 92
113 111
114 156
115 109
116 88
117 29
118 115
119 186
120 130
121 235
122 258
123 36
124 19
125 244
126 209
127 256
128 221
129 196
130 14
131 248
132 83
133 52
134 216
135 105
136 9
137 186
138 101
139 188
140 234
141 63
142 170
143 197
144 175
145 31
146 1
147 238
148 175
149 135
150 7
151 47
152 13
153 239
154 160
155 54
156 87
157 131
158 16
159 112
160 189
161 97
162 62
163 145
164 19
165 217
166 47
167 62
168 47
169 65
170 176
171 59
172 159
173 266
174 150
175 198
176 110
177 203
178 191
179 225
180 263
181 138
182 160
183 88
184 225
185 190
186 120
187 171
188 184
189 23
190 32
191 220
192 33
193 145
194 120
195 46
196 260
197 192
198 5
199 194
200 243
201 135
202 39
203 2
204 39
205 0
206 10
207 164
208 59
209 179
210 84
211 241
212 211
213 221
214 140
215 147
216 84
217 32
218 92
219 168
220 124
221 38
222 70
223 206
224 106
225 230
226 253
227 266
228 47
229 249
230 48
231 144
232 223
233 186
234 50
235 167
236 154
237 225
238 82
239 265
240 152
241 205
242 143
243 159
244 62
245 234
246 54
247 97
248 62
249 4
250 116
251 211
252 247
253 23
254 14
255 47
256 196
257 165
258 230
259 167
260 119
261 250
262 148
263 99
264 72
265 70
266 160
0 186
1 24
2 73
3 19
4 163
5 22
6 243
7 265
8 118
9 193
10 109
11 176
12 56
13 26
14 0
15 29
16 144
17 129
18 222
19 15
20 191
21 262
22 160
23 2
24 33
25 241
26 247
27 45
28 44
29 8
30 131
31 151
32 97
33 0
34 149
35 140
36 102
37 105
38 231
39 206
40 234
41 23
42 232
43 78
44 229
45 163
46 138
47 175
48 166
49 184
50 123
51 125
52 156
53 93
54 119
55 9
56 128
57 217
58 52
59 121
60 41
61 183
62 27
63 191
64 243
65 10
66 0
67 3
68 68
69 106
70 95
71 208
72 228
73 96
74 253
75 22
76 54
77 261
78 140
79 221
80 129
81 193
82 141
83 230
84 248
85 81
86 240
87 179
88 221
89 181
90 107
91 98
92 201
93 218
94 29
95 23
96 145
97 35
98 176
99 181
100 7
101 141
102 236
103 216
104 210
105 30
106 24
107 128
108 239
109 80
110 238
111 112
112 92
113 211
114 147
115 109
116 88
117 97
118 21
119 186
120 130
121 235
122 253
123 84
124 19
125 244
126 240
127 256
128 221
129 77
130 14
131 248
132 4
133 52
134 43
135 190
136 9
137 188
138 197
139 121
140 133
141 51
142 170
143 197
144 112
145 175
146 1
147 238
148 106
149 217
150 7
151 90
152 13
153 239
154 160
155 54
156 60
157 131
158 16
159 184
160 189
161 97
162 62
163 145
164 219
165 217
166 47
167 101
168 135
169 34
170 176
171 59
172 254
173 96
174 49
175 192
176 110
177 138
178 191
179 129
180 16
181 138
182 160
183 33
184 52
185 190
186 183
187 39
188 110
189 23
190 197
191 220
192 33
193 165
194 120
195 41
196 211
197 171
198 5
199 218
200 75
201 236
202 39
203 2
204 39
205 258
206 10
207 170
208 61
209 152
210 209
211 236
212 211
213 221
214 140
215 174
216 64
217 264
218 92
219 239
220 124
221 38
222 70
223 228
224 127
225 160
226 259
227 266
228 103
229 209
230 48
231 19
232 89
233 186
234 44
235 246
236 154
237 178
238 130
239 265
240 241
241 205
242 156
243 62
244 62
245 234
246 263
247 78
248 62
249 232
250 224
251 211
252 247
253 35
254 223
255 47
256 45
257 221
258 230
259 52
260 105
261 72
262 148
263 99
264 49
265 147
266 64
