0 66
1 31
2 105
3 233
4 190
5 226
6 153
7 85
8 232
9 134
10 148
11 169
12 26
13 183
14 28
15 253
16 34
17 161
18 233
19 189
20 106
21 36
22 205
23 74
24 54
25 87
26 45
27 19
28 122
29 190
30 246
31 177
32 121
33 16
34 163
35 144
36 24
37 236
38 90
39 77
40 88
41 103
42 134
43 39
44 171
45 199
46 17
47 167
48 62
49 67
50 139
51 59
52 52
53 193
54 204
55 88
56 91
57 169
58 136
59 160
60 174
61 187
62 121
63 84
64 169
65 230
66 220
67 230
68 189
69 48
70 254
71 87
72 87
73 258
74 86
75 172
76 189
77 241
78 251
79 13
80 206
81 240
82 2
83 68
84 234
85 20
86 238
87 163
88 219
89 96
90 211
91 85
92 167
93 219
94 50
95 79
96 168
97 201
98 24
99 199
100 242
101 244
102 264
103 192
104 86
105 5
106 257
107 234
108 215
109 99
110 127
111 261
112 132
113 102
114 12
115 114
116 64
117 91
118 264
119 216
120 75
121 252
122 63
123 235
124 208
125 244
126 48
127 141
128 82
129 73
130 190
131 27
132 10
133 196
134 84
135 218
136 168
137 112
138 147
139 130
140 223
141 132
142 6
143 201
144 91
145 136
146 245
147 43
148 45
149 120
150 184
151 217
152 143
153 201
154 21
155 67
156 72
157 58
158 176
159 259
160 131
161 114
162 46
163 68
164 211
165 20
166 250
167 203
168 141
169 77
170 110
171 115
172 194
173 111
174 117
175 79
176 44
177 173
178 20
179 165
180 52
181 26
182 189
183 4
184 15
185 255
186 119
187 134
188 9
189 236
190 66
191 175
192 54
193 254
194 127
195 164
196 155
197 17
198 96
199 159
200 118
201 204
202 52
203 254
204 219
205 130
206 242
207 133
208 98
209 152
210 218
211 192
212 1
213 119
214 189
215 254
216 118
217 118
218 242
219 131
220 88
221 172
222 30
223 156
224 225
225 231
226 174
227 80
228 32
229 244
230 28
231 68
232 233
233 232
234 112
235 47
236 51
237 141
238 132
239 103
240 236
241 93
242 73
243 225
244 10
245 162
246 101
247 249
248 69
249 105
250 134
251 251
252 181
253 175
254 258
255 133
256 116
257 92
258 242
259 235
260 67
261 183
262 192
263 253
264 163
265 186
266 145
0 66
1 130
2 124
3 234
4 190
5 226
6 153
7 85
8 232
9 38
10 219
11 164
12 62
13 183
14 28
15 12
16 34
17 94
18 233
19 189
20 106
21 225
22 205
23 74
24 54
25 16
26 40
27 19
28 122
29 263
30 109
31 177
32 64
33 16
34 19
35 67
36 159
37 236
38 135
39 130
40 88
41 182
42 134
43 50
44 171
45 82
46 171
47 126
48 104
49 112
50 139
51 84
52 52
53 193
54 204
55 111
56 105
57 169
58 136
59 160
60 174
61 83
62 121
63 84
64 79
65 158
66 144
67 230
68 164
69 48
70 175
71 87
72 8
73 61
74 130
75 114
76 123
77 244
78 95
79 36
80 206
81 240
82 2
83 241
84 42
85 127
86 238
87 163
88 82
89 96
90 158
91 85
92 167
93 110
94 100
95 203
96 168
97 71
98 24
99 199
100 242
101 244
102 264
103 61
104 36
105 103
106 113
107 33
108 18
109 99
110 127
111 133
112 140
113 102
114 12
115 183
116 232
117 109
118 264
119 153
120 48
121 252
122 63
123 152
124 208
125 30
126 171
127 93
128 4
129 73
130 198
131 27
132 29
133 196
134 240
135 144
136 168
137 112
138 121
139 76
140 165
141 132
142 6
143 163
144 91
145 179
146 245
147 43
148 104
149 37
150 232
151 133
152 34
153 201
154 102
155 67
156 230
157 58
158 176
159 259
160 20
161 157
162 19
163 68
164 211
165 20
166 250
167 203
168 257
169 77
170 265
171 115
172 141
173 243
174 5
175 202
176 44
177 173
178 76
179 245
180 52
181 26
182 194
183 4
184 15
185 178
186 119
187 170
188 85
189 236
190 247
191 175
192 40
193 44
194 127
195 30
196 155
197 17
198 96
199 176
200 118
201 204
202 82
203 47
204 219
205 130
206 254
207 133
208 238
209 152
210 12
211 52
212 8
213 119
214 189
215 254
216 35
217 118
218 242
219 253
220 189
221 10
222 30
223 156
224 101
225 96
226 134
227 178
228 32
229 244
230 231
231 68
232 175
233 60
234 112
235 47
236 102
237 132
238 132
239 103
240 236
241 201
242 73
243 30
244 10
245 97
246 101
247 249
248 151
249 129
250 9
251 251
252 71
253 175
254 258
255 44
256 232
257 92
258 180
259 235
260 67
261 183
262 192
263 29
264 166
265 233
266 232
