0 36
1 311
2 13
3 130
4 119
5 152
6 153
7 62
8 140
9 176
10 235
11 166
12 244
13 255
14 109
15 258
16 85
17 313
18 109
19 303
20 0
21 206
22 216
23 234
24 54
25 290
26 237
27 96
28 123
29 114
30 88
31 49
32 270
33 48
34 24
35 227
36 147
37 312
38 85
39 61
40 29
41 317
42 27
43 12
44 313
45 35
46 298
47 64
48 245
49 140
50 135
51 103
52 195
53 263
54 147
55 161
56 99
57 211
58 146
59 134
60 186
61 317
62 97
63 108
64 118
65 2
66 108
67 206
68 142
69 11
70 67
71 287
72 265
73 321
74 226
75 4
76 133
77 23
78 209
79 178
80 103
81 280
82 196
83 196
84 299
85 216
86 241
87 195
88 213
89 128
90 73
91 150
92 52
93 164
94 224
95 217
96 43
97 146
98 321
99 236
100 221
101 277
102 176
103 86
104 304
105 168
106 115
107 138
108 320
109 317
110 175
111 46
112 26
113 68
114 217
115 286
116 263
117 104
118 125
119 319
120 197
121 38
122 169
123 162
124 130
125 128
126 156
127 85
128 131
129 130
130 238
131 314
132 114
133 235
134 8
135 104
136 109
137 170
138 311
139 317
140 148
141 211
142 30
143 291
144 289
145 75
146 235
147 202
148 319
149 252
150 53
151 64
152 258
153 215
154 53
155 186
156 2
157 98
158 116
159 175
160 180
161 279
162 224
163 147
164 192
165 37
166 151
167 251
168 135
169 143
170 97
171 117
172 310
173 154
174 82
175 305
176 305
177 213
178 170
179 136
180 13
181 62
182 22
183 58
184 316
185 283
186 247
187 189
188 27
189 169
190 157
191 279
192 292
193 84
194 240
195 167
196 166
197 135
198 149
199 178
200 129
201 99
202 5
203 261
204 75
205 273
206 248
207 265
208 132
209 226
210 301
211 310
212 46
213 124
214 258
215 76
216 83
217 276
218 105
219 261
220 318
221 311
222 172
223 301
224 65
225 282
226 81
227 13
228 15
229 213
230 298
231 55
232 28
233 29
234 286
235 56
236 240
237 200
238 59
239 320
240 67
241 321
242 156
243 94
244 130
245 282
246 279
247 96
248 229
249 113
250 252
251 299
252 232
253 196
254 219
255 204
256 51
257 110
258 120
259 212
260 273
261 164
262 252
263 14
264 185
265 213
266 306
267 68
268 261
269 50
270 182
271 188
272 277
273 161
274 3
275 144
276 253
277 80
278 146
279 205
280 83
281 191
282 75
283 30
284 115
285 277
286 256
287 147
288 60
289 71
290 91
291 168
292 71
293 292
294 192
295 318
296 13
297 315
298 294
299 146
300 201
301 205
302 115
303 66
304 132
305 209
306 226
307 180
308 104
309 95
310 153
311 118
312 257
313 144
314 150
315 121
316 137
317 151
318 216
319 119
320 148
321 53
0 21
1 311
2 13
3 227
4 119
5 152
6 153
7 218
8 140
9 244
10 76
11 166
12 33
13 11
14 249
15 258
16 180
17 279
18 82
19 303
20 0
21 206
22 216
23 234
24 228
25 85
26 174
27 176
28 123
29 114
30 88
31 49
32 270
33 286
34 11
35 310
36 147
37 312
38 54
39 178
40 29
41 317
42 233
43 130
44 313
45 35
46 298
47 64
48 102
49 300
50 189
51 103
52 195
53 263
54 147
55 233
56 99
57 211
58 146
59 134
60 186
61 162
62 97
63 108
64 118
65 76
66 108
67 18
68 142
69 306
70 290
71 287
72 265
73 245
74 226
75 50
76 88
77 290
78 210
79 194
80 103
81 280
82 52
83 196
84 209
85 216
86 257
87 61
88 213
89 170
90 73
91 150
92 44
93 164
94 5
95 206
96 286
97 146
98 321
99 155
100 278
101 243
102 224
103 216
104 101
105 295
106 89
107 167
108 320
109 133
110 188
111 315
112 316
113 68
114 217
115 286
116 263
117 212
118 108
119 319
120 197
121 38
122 169
123 162
124 293
125 128
126 274
127 95
128 148
129 130
130 238
131 3
132 175
133 235
134 73
135 222
136 252
137 170
138 54
139 74
140 148
141 264
142 30
143 291
144 289
145 75
146 42
147 202
148 319
149 11
150 111
151 282
152 258
153 131
154 314
155 91
156 307
157 302
158 116
159 175
160 180
161 200
162 286
163 147
164 133
165 320
166 149
167 251
168 135
169 143
170 97
171 167
172 287
173 112
174 225
175 243
176 37
177 38
178 18
179 136
180 285
181 215
182 54
183 58
184 249
185 145
186 174
187 189
188 42
189 169
190 179
191 279
192 158
193 244
194 211
195 167
196 163
197 135
198 130
199 178
200 129
201 13
202 285
203 300
204 75
205 169
206 248
207 265
208 132
209 281
210 301
211 310
212 33
213 124
214 26
215 76
216 83
217 276
218 66
219 275
220 318
221 203
222 172
223 301
224 187
225 282
226 81
227 13
228 15
229 225
230 207
231 7
232 130
233 29
234 243
235 56
236 240
237 202
238 239
239 320
240 282
241 321
242 55
243 94
244 216
245 282
246 101
247 194
248 229
249 113
250 91
251 138
252 232
253 196
254 219
255 204
256 51
257 110
258 312
259 212
260 46
261 148
262 252
263 237
264 272
265 33
266 163
267 160
268 261
269 50
270 182
271 174
272 277
273 161
274 286
275 166
276 253
277 236
278 146
279 255
280 83
281 127
282 75
283 30
284 12
285 49
286 24
287 147
288 60
289 71
290 91
291 218
292 114
293 52
294 192
295 318
296 298
297 315
298 294
299 273
300 201
301 276
302 231
303 52
304 158
305 209
306 92
307 180
308 21
309 95
310 188
311 118
312 257
313 28
314 147
315 121
316 258
317 105
318 216
319 18
320 98
321 249
