0 51
1 57
2 220
3 179
4 185
5 312
6 268
7 279
8 20
9 147
10 230
11 248
12 20
13 235
14 211
15 242
16 248
17 315
18 178
19 137
20 319
21 52
22 311
23 27
24 248
25 1
26 258
27 121
28 279
29 293
30 236
31 289
32 100
33 236
34 36
35 273
36 109
37 311
38 316
39 248
40 184
41 253
42 259
43 51
44 19
45 76
46 294
47 248
48 278
49 139
50 138
51 273
52 265
53 206
54 253
55 131
56 101
57 192
58 278
59 269
60 55
61 84
62 306
63 223
64 50
65 299
66 166
67 213
68 167
69 218
70 224
71 103
72 108
73 222
74 37
75 84
76 98
77 253
78 128
79 7
80 11
81 139
82 218
83 181
84 105
85 84
86 315
87 267
88 20
89 161
90 205
91 196
92 154
93 316
94 77
95 253
96 139
97 41
98 80
99 231
100 300
101 253
102 164
103 268
104 162
105 128
106 8
107 117
108 167
109 59
110 230
111 96
112 84
113 181
114 96
115 108
116 50
117 211
118 290
119 213
120 269
121 45
122 172
123 281
124 216
125 178
126 161
127 103
128 16
129 163
130 318
131 251
132 85
133 239
134 152
135 95
136 230
137 69
138 102
139 300
140 8
141 228
142 187
143 297
144 291
145 85
146 20
147 206
148 249
149 120
150 157
151 249
152 169
153 65
154 136
155 316
156 6
157 62
158 74
159 106
160 300
161 226
162 268
163 122
164 147
165 287
166 72
167 282
168 259
169 139
170 133
171 224
172 169
173 208
174 169
175 6
176 75
177 153
178 275
179 171
180 182
181 172
182 255
183 318
184 105
185 305
186 147
187 10
188 55
189 285
190 171
191 314
192 215
193 35
194 7
195 46
196 318
197 282
198 195
199 255
200 312
201 114
202 60
203 148
204 80
205 53
206 97
207 146
208 179
209 304
210 114
211 176
212 48
213 100
214 228
215 299
216 232
217 266
218 29
219 99
220 216
221 230
222 124
223 180
224 37
225 50
226 56
227 34
228 256
229 116
230 192
231 114
232 215
233 187
234 149
235 126
236 259
237 251
238 243
239 93
240 64
241 60
242 201
243 16
244 200
245 198
246 197
247 303
248 242
249 319
250 45
251 198
252 45
253 37
254 225
255 33
256 290
257 226
258 258
259 68
260 72
261 150
262 278
263 269
264 214
265 204
266 231
267 279
268 173
269 123
270 26
271 192
272 234
273 131
274 107
275 210
276 82
277 72
278 118
279 313
280 6
281 162
282 252
283 3
284 101
285 312
286 203
287 134
288 91
289 142
290 225
291 73
292 288
293 67
294 118
295 70
296 186
297 265
298 162
299 166
300 16
301 7
302 274
303 303
304 37
305 272
306 82
307 261
308 206
309 51
310 12
311 272
312 71
313 184
314 22
315 305
316 161
317 214
318 226
319 0
320 179
321 224
0 51
1 57
2 186
3 179
4 172
5 224
6 268
7 279
8 20
9 147
10 256
11 183
12 20
13 110
14 301
15 242
16 248
17 95
18 178
19 137
20 254
21 52
22 311
23 305
24 318
25 16
26 50
27 121
28 47
29 293
30 236
31 289
32 100
33 124
34 36
35 173
36 120
37 311
38 316
39 157
40 166
41 133
42 5
43 247
44 19
45 76
46 117
47 248
48 278
49 139
50 138
51 241
52 265
53 206
54 253
55 310
56 119
57 192
58 278
59 11
60 256
61 84
62 191
63 201
64 2
65 223
66 314
67 96
68 167
69 218
70 224
71 103
72 108
73 256
74 37
75 84
76 98
77 111
78 128
79 39
80 19
81 139
82 218
83 181
84 105
85 84
86 263
87 267
88 20
89 71
90 144
91 196
92 154
93 316
94 110
95 259
96 302
97 41
98 80
99 47
100 21
101 253
102 229
103 268
104 162
105 128
106 17
107 301
108 167
109 59
110 211
111 57
112 84
113 216
114 96
115 108
116 50
117 211
118 290
119 207
120 69
121 170
122 168
123 281
124 56
125 140
126 161
127 103
128 16
129 36
130 22
131 207
132 223
133 305
134 152
135 95
136 108
137 167
138 102
139 197
140 116
141 228
142 187
143 311
144 34
145 85
146 110
147 206
148 249
149 132
150 2
151 40
152 319
153 208
154 136
155 141
156 112
157 62
158 196
159 106
160 109
161 226
162 268
163 122
164 223
165 287
166 75
167 113
168 259
169 139
170 133
171 6
172 101
173 208
174 169
175 6
176 75
177 153
178 275
179 56
180 182
181 30
182 255
183 213
184 105
185 88
186 147
187 206
188 55
189 87
190 256
191 314
192 257
193 24
194 7
195 46
196 208
197 303
198 195
199 101
200 223
201 262
202 143
203 148
204 80
205 53
206 287
207 260
208 51
209 304
210 114
211 176
212 193
213 3
214 228
215 201
216 232
217 266
218 29
219 99
220 92
221 145
222 124
223 217
224 37
225 97
226 54
227 46
228 126
229 116
230 192
231 284
232 10
233 187
234 303
235 126
236 259
237 251
238 139
239 93
240 127
241 270
242 34
243 16
244 302
245 198
246 197
247 142
248 242
249 290
250 45
251 293
252 45
253 246
254 34
255 290
256 285
257 226
258 103
259 117
260 72
261 150
262 97
263 269
264 214
265 321
266 231
267 279
268 313
269 123
270 30
271 239
272 234
273 151
274 160
275 210
276 280
277 136
278 118
279 313
280 233
281 162
282 252
283 266
284 231
285 251
286 179
287 100
288 91
289 262
290 261
291 73
292 195
293 67
294 118
295 254
296 186
297 265
298 320
299 291
300 16
301 45
302 90
303 303
304 251
305 272
306 82
307 261
308 44
309 121
310 12
311 75
312 71
313 130
314 60
315 305
316 150
317 182
318 171
319 0
320 307
321 25
