0 293
1 230
2 280
3 91
4 96
5 170
6 30
7 156
8 16
9 41
10 202
11 8
12 94
13 254
14 77
15 109
16 288
17 290
18 320
19 171
20 75
21 119
22 304
23 275
24 271
25 56
26 169
27 305
28 169
29 25
30 108
31 125
32 265
33 236
34 286
35 58
36 166
37 81
38 95
39 4
40 67
41 100
42 63
43 203
44 135
45 189
46 164
47 253
48 291
49 192
50 200
51 52
52 202
53 302
54 250
55 74
56 244
57 226
58 119
59 109
60 5
61 97
62 214
63 225
64 1
65 229
66 138
67 200
68 206
69 212
70 207
71 18
72 161
73 149
74 70
75 262
76 8
77 253
78 309
79 282
80 261
81 241
82 72
83 19
84 301
85 248
86 45
87 232
88 37
89 61
90 84
91 236
92 238
93 259
94 7
95 320
96 136
97 146
98 63
99 295
100 147
101 317
102 114
103 2
104 174
105 190
106 208
107 247
108 217
109 213
110 112
111 118
112 197
113 178
114 279
115 195
116 189
117 243
118 218
119 95
120 34
121 262
122 247
123 84
124 80
125 115
126 94
127 217
128 114
129 76
130 26
131 308
132 180
133 296
134 243
135 286
136 264
137 104
138 122
139 83
140 254
141 68
142 293
143 293
144 280
145 87
146 228
147 277
148 4
149 94
150 287
151 19
152 269
153 315
154 18
155 95
156 19
157 102
158 306
159 94
160 51
161 60
162 48
163 245
164 149
165 217
166 114
167 50
168 230
169 240
170 202
171 28
172 51
173 21
174 267
175 74
176 259
177 66
178 244
179 255
180 223
181 86
182 210
183 312
184 36
185 25
186 307
187 281
188 8
189 71
190 307
191 97
192 187
193 213
194 85
195 181
196 227
197 197
198 79
199 291
200 317
201 160
202 234
203 89
204 240
205 2
206 173
207 96
208 315
209 148
210 321
211 94
212 262
213 228
214 275
215 136
216 92
217 231
218 144
219 231
220 295
221 110
222 244
223 79
224 169
225 262
226 74
227 296
228 268
229 48
230 308
231 10
232 159
233 169
234 17
235 214
236 55
237 117
238 131
239 55
240 1
241 45
242 218
243 111
244 29
245 3
246 163
247 112
248 206
249 199
250 228
251 42
252 80
253 87
254 302
255 218
256 304
257 78
258 115
259 53
260 150
261 167
262 187
263 180
264 140
265 307
266 149
267 23
268 165
269 233
270 108
271 128
272 292
273 49
274 97
275 133
276 161
277 88
278 265
279 60
280 36
281 317
282 286
283 178
284 129
285 53
286 228
287 81
288 132
289 293
290 94
291 47
292 125
293 66
294 47
295 24
296 151
297 274
298 132
299 186
300 223
301 30
302 191
303 194
304 232
305 96
306 8
307 197
308 120
309 260
310 128
311 305
312 63
313 2
314 94
315 160
316 126
317 239
318 184
319 126
320 15
321 173
0 130
1 230
2 61
3 87
4 206
5 170
6 37
7 284
8 71
9 41
10 202
11 226
12 94
13 282
14 77
15 290
16 288
17 290
18 181
19 171
20 253
21 189
22 304
23 275
24 150
25 56
26 97
27 158
28 100
29 25
30 301
31 125
32 265
33 236
34 286
35 58
36 76
37 81
38 200
39 98
40 267
41 112
42 117
43 31
44 135
45 189
46 164
47 253
48 291
49 192
50 209
51 297
52 131
53 55
54 39
55 74
56 244
57 213
58 119
59 109
60 229
61 97
62 214
63 204
64 267
65 92
66 0
67 200
68 206
69 137
70 207
71 18
72 161
73 149
74 10
75 262
76 8
77 253
78 4
79 188
80 261
81 123
82 72
83 6
84 301
85 98
86 255
87 232
88 37
89 61
90 84
91 236
92 238
93 180
94 7
95 8
96 136
97 146
98 63
99 295
100 154
101 317
102 185
103 2
104 68
105 10
106 85
107 134
108 217
109 103
110 112
111 278
112 197
113 6
114 172
115 195
116 189
117 243
118 218
119 103
120 34
121 224
122 234
123 38
124 80
125 306
126 206
127 153
128 262
129 219
130 20
131 167
132 108
133 296
134 243
135 300
136 28
137 104
138 12
139 217
140 17
141 31
142 110
143 293
144 280
145 69
146 216
147 277
148 4
149 94
150 272
151 19
152 269
153 315
154 220
155 304
156 295
157 286
158 109
159 94
160 165
161 60
162 206
163 245
164 275
165 217
166 114
167 241
168 230
169 240
170 287
171 28
172 264
173 21
174 267
175 74
176 259
177 18
178 276
179 255
180 223
181 21
182 258
183 76
184 36
185 28
186 307
187 281
188 95
189 71
190 307
191 86
192 273
193 30
194 160
195 181
196 48
197 5
198 225
199 291
200 57
201 185
202 234
203 89
204 240
205 2
206 173
207 179
208 315
209 74
210 115
211 94
212 262
213 40
214 275
215 244
216 87
217 231
218 129
219 231
220 175
221 161
222 244
223 79
224 144
225 90
226 46
227 296
228 268
229 48
230 308
231 240
232 296
233 169
234 17
235 83
236 138
237 117
238 205
239 40
240 82
241 197
242 117
243 77
244 203
245 3
246 169
247 112
248 206
249 199
250 236
251 212
252 175
253 87
254 302
255 87
256 237
257 78
258 115
259 157
260 150
261 167
262 187
263 290
264 1
265 302
266 159
267 23
268 99
269 233
270 34
271 251
272 163
273 49
274 97
275 220
276 161
277 88
278 216
279 60
280 36
281 186
282 286
283 213
284 319
285 53
286 120
287 238
288 37
289 158
290 220
291 47
292 80
293 1
294 47
295 259
296 151
297 274
298 132
299 186
300 116
301 30
302 296
303 194
304 232
305 96
306 8
307 197
308 306
309 78
310 236
311 305
312 63
313 228
314 94
315 12
316 126
317 123
318 184
319 38
320 1
321 295
