0 116
1 173
2 149
3 311
4 71
5 291
6 99
7 204
8 258
9 44
10 156
11 90
12 150
13 318
14 187
15 181
16 172
17 119
18 101
19 177
20 215
21 180
22 195
23 54
24 263
25 269
26 287
27 158
28 245
29 134
30 59
31 208
32 184
33 23
34 293
35 64
36 232
37 317
38 157
39 2
40 229
41 52
42 152
43 193
44 51
45 102
46 198
47 257
48 204
49 13
50 23
51 251
52 120
53 115
54 210
55 306
56 85
57 31
58 25
59 84
60 29
61 293
62 206
63 186
64 197
65 40
66 198
67 78
68 180
69 62
70 250
71 78
72 230
73 315
74 127
75 44
76 220
77 182
78 1
79 175
80 62
81 46
82 175
83 266
84 111
85 286
86 307
87 142
88 218
89 2
90 317
91 37
92 242
93 272
94 49
95 91
96 14
97 259
98 317
99 63
100 209
101 219
102 224
103 86
104 239
105 144
106 53
107 112
108 174
109 172
110 69
111 297
112 44
113 240
114 94
115 178
116 20
117 180
118 124
119 307
120 290
121 114
122 15
123 75
124 163
125 276
126 62
127 133
128 2
129 2
130 78
131 320
132 304
133 3
134 71
135 299
136 311
137 149
138 198
139 133
140 52
141 299
142 195
143 280
144 186
145 135
146 69
147 245
148 210
149 108
150 238
151 65
152 23
153 32
154 63
155 285
156 37
157 265
158 219
159 62
160 40
161 74
162 149
163 236
164 96
165 6
166 3
167 164
168 141
169 145
170 294
171 290
172 10
173 259
174 36
175 155
176 276
177 39
178 305
179 119
180 82
181 9
182 270
183 244
184 218
185 201
186 295
187 140
188 110
189 186
190 24
191 210
192 5
193 75
194 231
195 232
196 245
197 263
198 135
199 316
200 243
201 260
202 90
203 66
204 259
205 296
206 259
207 148
208 253
209 134
210 29
211 101
212 101
213 314
214 274
215 191
216 263
217 79
218 303
219 67
220 319
221 39
222 294
223 50
224 97
225 308
226 72
227 238
228 178
229 113
230 209
231 172
232 217
233 7
234 296
235 316
236 268
237 171
238 85
239 206
240 67
241 237
242 43
243 53
244 300
245 253
246 164
247 265
248 143
249 96
250 173
251 55
252 287
253 173
254 272
255 191
256 146
257 274
258 192
259 252
260 199
261 33
262 74
263 245
264 90
265 7
266 86
267 147
268 12
269 297
270 2
271 281
272 288
273 307
274 134
275 220
276 77
277 82
278 108
279 168
280 101
281 16
282 27
283 196
284 8
285 294
286 188
287 265
288 45
289 36
290 175
291 134
292 161
293 136
294 14
295 252
296 138
297 202
298 273
299 46
300 241
301 201
302 261
303 289
304 76
305 172
306 134
307 248
308 278
309 254
310 223
311 71
312 131
313 93
314 156
315 310
316 287
317 29
318 239
319 82
320 88
321 124
0 116
1 173
2 149
3 269
4 71
5 262
6 291
7 127
8 258
9 44
10 156
11 90
12 262
13 318
14 79
15 181
16 193
17 224
18 151
19 177
20 215
21 141
22 212
23 170
24 263
25 309
26 299
27 20
28 84
29 283
30 91
31 7
32 276
33 79
34 293
35 64
36 175
37 317
38 157
39 2
40 229
41 281
42 101
43 73
44 51
45 151
46 198
47 158
48 204
49 217
50 23
51 251
52 282
53 115
54 210
55 17
56 244
57 304
58 41
59 84
60 201
61 293
62 275
63 214
64 197
65 113
66 198
67 70
68 241
69 196
70 250
71 40
72 19
73 315
74 268
75 56
76 220
77 22
78 54
79 109
80 270
81 251
82 175
83 47
84 111
85 286
86 307
87 56
88 218
89 308
90 317
91 74
92 242
93 267
94 228
95 245
96 14
97 291
98 317
99 63
100 209
101 302
102 94
103 86
104 239
105 144
106 65
107 112
108 174
109 172
110 244
111 297
112 44
113 240
114 135
115 178
116 20
117 165
118 124
119 233
120 290
121 222
122 15
123 75
124 163
125 123
126 62
127 133
128 2
129 2
130 77
131 288
132 304
133 3
134 71
135 299
136 311
137 149
138 50
139 164
140 52
141 281
142 192
143 40
144 163
145 85
146 69
147 244
148 210
149 70
150 238
151 275
152 23
153 32
154 63
155 285
156 109
157 261
158 257
159 62
160 296
161 294
162 155
163 236
164 17
165 6
166 3
167 164
168 257
169 145
170 294
171 273
172 10
173 259
174 270
175 155
176 276
177 39
178 147
179 173
180 80
181 241
182 270
183 85
184 314
185 201
186 279
187 62
188 110
189 269
190 17
191 257
192 5
193 77
194 231
195 232
196 48
197 263
198 135
199 316
200 243
201 260
202 150
203 66
204 259
205 296
206 135
207 151
208 66
209 134
210 292
211 101
212 101
213 263
214 112
215 56
216 263
217 79
218 204
219 245
220 133
221 244
222 176
223 65
224 91
225 308
226 72
227 185
228 168
229 178
230 77
231 261
232 217
233 7
234 296
235 79
236 268
237 208
238 85
239 206
240 67
241 84
242 196
243 60
244 206
245 253
246 164
247 265
248 47
249 96
250 195
251 55
252 287
253 173
254 272
255 158
256 146
257 274
258 57
259 252
260 199
261 33
262 158
263 23
264 218
265 7
266 307
267 14
268 12
269 307
270 204
271 281
272 288
273 143
274 134
275 138
276 77
277 82
278 163
279 168
280 298
281 16
282 304
283 196
284 8
285 35
286 278
287 238
288 45
289 247
290 175
291 301
292 182
293 136
294 59
295 252
296 138
297 202
298 72
299 46
300 267
301 296
302 261
303 12
304 300
305 35
306 122
307 248
308 266
309 254
310 223
311 181
312 131
313 93
314 54
315 302
316 289
317 29
318 239
319 82
320 88
321 170
