0 29
1 262
2 66
3 307
4 283
5 31
6 288
7 20
8 79
9 145
10 17
11 182
12 179
13 253
14 229
15 107
16 166
17 154
18 318
19 78
20 69
21 57
22 187
23 197
24 198
25 190
26 242
27 62
28 218
29 249
30 280
31 255
32 12
33 229
34 205
35 13
36 145
37 54
38 81
39 67
40 16
41 295
42 219
43 5
44 172
45 288
46 199
47 90
48 97
49 264
50 54
51 250
52 108
53 47
54 72
55 198
56 294
57 72
58 311
59 74
60 120
61 1
62 262
63 280
64 265
65 130
66 38
67 264
68 141
69 135
70 246
71 281
72 83
73 291
74 279
75 53
76 214
77 304
78 84
79 289
80 247
81 121
82 157
83 244
84 250
85 215
86 149
87 122
88 47
89 5
90 290
91 54
92 293
93 179
94 152
95 178
96 179
97 73
98 184
99 190
100 40
101 60
102 84
103 284
104 101
105 248
106 67
107 148
108 318
109 318
110 305
111 139
112 35
113 163
114 197
115 93
116 18
117 165
118 181
119 232
120 108
121 189
122 157
123 185
124 243
125 289
126 284
127 15
128 10
129 105
130 237
131 51
132 98
133 130
134 3
135 82
136 241
137 226
138 59
139 225
140 129
141 285
142 299
143 321
144 188
145 184
146 213
147 303
148 286
149 281
150 253
151 19
152 146
153 195
154 179
155 107
156 171
157 7
158 147
159 142
160 266
161 246
162 137
163 218
164 207
165 296
166 274
167 192
168 95
169 11
170 263
171 41
172 204
173 171
174 179
175 89
176 63
177 128
178 284
179 33
180 254
181 210
182 267
183 91
184 56
185 72
186 110
187 32
188 259
189 8
190 60
191 41
192 130
193 207
194 201
195 218
196 240
197 198
198 46
199 279
200 254
201 264
202 314
203 107
204 264
205 196
206 87
207 286
208 88
209 290
210 68
211 128
212 228
213 233
214 142
215 308
216 296
217 36
218 161
219 109
220 48
221 236
222 183
223 98
224 101
225 311
226 146
227 44
228 1
229 210
230 129
231 220
232 307
233 253
234 302
235 13
236 194
237 258
238 202
239 17
240 216
241 156
242 316
243 210
244 47
245 289
246 274
247 89
248 86
249 28
250 291
251 34
252 221
253 90
254 309
255 112
256 180
257 295
258 263
259 165
260 44
261 83
262 86
263 246
264 302
265 75
266 261
267 117
268 299
269 220
270 69
271 221
272 14
273 223
274 76
275 92
276 141
277 218
278 319
279 44
280 153
281 104
282 41
283 74
284 0
285 11
286 14
287 29
288 82
289 172
290 253
291 87
292 321
293 72
294 281
295 198
296 113
297 64
298 303
299 291
300 184
301 139
302 219
303 274
304 131
305 100
306 41
307 18
308 167
309 195
310 309
311 69
312 98
313 38
314 286
315 55
316 85
317 168
318 26
319 278
320 211
321 6
0 202
1 262
2 196
3 307
4 147
5 31
6 288
7 20
8 79
9 145
10 17
11 182
12 179
13 237
14 229
15 107
16 168
17 135
18 162
19 148
20 69
21 209
22 10
23 61
24 221
25 32
26 242
27 62
28 218
29 249
30 250
31 166
32 90
33 286
34 166
35 13
36 133
37 18
38 81
39 67
40 82
41 295
42 219
43 309
44 53
45 288
46 199
47 6
48 204
49 79
50 54
51 250
52 108
53 316
54 72
55 170
56 80
57 123
58 311
59 74
60 257
61 1
62 262
63 280
64 265
65 65
66 275
67 264
68 156
69 309
70 193
71 281
72 271
73 199
74 38
75 319
76 38
77 207
78 84
79 289
80 49
81 121
82 171
83 51
84 250
85 215
86 251
87 122
88 47
89 164
90 290
91 267
92 5
93 179
94 152
95 178
96 179
97 207
98 304
99 232
100 252
101 274
102 38
103 79
104 239
105 146
106 225
107 189
108 318
109 318
110 256
111 141
112 61
113 21
114 318
115 272
116 304
117 127
118 181
119 34
120 108
121 92
122 157
123 6
124 243
125 142
126 260
127 15
128 133
129 197
130 237
131 167
132 56
133 103
134 33
135 23
136 121
137 112
138 214
139 203
140 129
141 106
142 53
143 105
144 188
145 174
146 293
147 235
148 286
149 281
150 145
151 154
152 146
153 195
154 289
155 107
156 245
157 76
158 282
159 217
160 266
161 246
162 137
163 218
164 12
165 250
166 274
167 192
168 95
169 30
170 25
171 14
172 199
173 171
174 179
175 89
176 63
177 284
178 283
179 50
180 254
181 53
182 230
183 24
184 56
185 132
186 110
187 193
188 159
189 312
190 60
191 135
192 130
193 208
194 109
195 284
196 240
197 198
198 46
199 222
200 308
201 264
202 314
203 107
204 264
205 182
206 307
207 286
208 26
209 290
210 68
211 80
212 291
213 233
214 142
215 308
216 175
217 191
218 128
219 109
220 9
221 236
222 245
223 198
224 101
225 311
226 206
227 308
228 1
229 210
230 129
231 267
232 307
233 253
234 302
235 108
236 194
237 258
238 134
239 30
240 216
241 56
242 296
243 210
244 47
245 314
246 274
247 252
248 236
249 151
250 119
251 262
252 159
253 90
254 37
255 112
256 180
257 295
258 206
259 165
260 41
261 63
262 40
263 305
264 92
265 223
266 199
267 31
268 295
269 220
270 278
271 221
272 14
273 223
274 244
275 138
276 141
277 218
278 319
279 44
280 145
281 104
282 41
283 74
284 148
285 11
286 14
287 189
288 76
289 172
290 30
291 87
292 321
293 72
294 278
295 198
296 80
297 64
298 303
299 45
300 37
301 264
302 219
303 274
304 44
305 100
306 260
307 144
308 303
309 195
310 44
311 248
312 42
313 38
314 81
315 55
316 215
317 90
318 105
319 278
320 114
321 6
