0 64
1 35
2 70
3 44
4 310
5 76
6 114
7 128
8 285
9 8
10 72
11 153
12 285
13 36
14 14
15 236
16 102
17 161
18 310
19 287
20 184
21 17
22 77
23 215
24 211
25 255
26 215
27 41
28 220
29 38
30 317
31 81
32 18
33 272
34 119
35 230
36 137
37 179
38 201
39 10
40 152
41 148
42 135
43 183
44 262
45 296
46 250
47 5
48 81
49 80
50 62
51 136
52 199
53 319
54 250
55 280
56 55
57 279
58 318
59 83
60 17
61 251
62 14
63 27
64 301
65 310
66 239
67 198
68 22
69 293
70 109
71 198
72 272
73 302
74 206
75 141
76 284
77 199
78 18
79 81
80 152
81 233
82 262
83 247
84 269
85 3
86 127
87 186
88 22
89 222
90 135
91 97
92 226
93 28
94 64
95 50
96 279
97 169
98 307
99 125
100 4
101 306
102 259
103 291
104 204
105 127
106 275
107 291
108 227
109 41
110 111
111 148
112 34
113 156
114 94
115 186
116 27
117 186
118 261
119 57
120 107
121 313
122 107
123 25
124 206
125 10
126 119
127 280
128 194
129 231
130 67
131 177
132 269
133 152
134 197
135 6
136 232
137 236
138 263
139 53
140 111
141 15
142 63
143 199
144 146
145 216
146 202
147 163
148 132
149 130
150 293
151 35
152 8
153 53
154 96
155 301
156 124
157 32
158 188
159 125
160 21
161 42
162 25
163 315
164 52
165 195
166 248
167 103
168 237
169 288
170 245
171 285
172 44
173 92
174 60
175 148
176 29
177 233
178 205
179 159
180 10
181 302
182 130
183 12
184 237
185 57
186 89
187 308
188 225
189 241
190 72
191 3
192 241
193 206
194 244
195 92
196 85
197 170
198 283
199 133
200 97
201 138
202 296
203 189
204 217
205 22
206 142
207 199
208 284
209 215
210 305
211 127
212 187
213 226
214 231
215 153
216 89
217 145
218 268
219 124
220 108
221 232
222 305
223 274
224 186
225 63
226 196
227 42
228 28
229 308
230 146
231 174
232 241
233 68
234 54
235 171
236 268
237 239
238 113
239 192
240 104
241 111
242 10
243 43
244 115
245 104
246 50
247 21
248 25
249 317
250 6
251 225
252 163
253 243
254 10
255 169
256 255
257 203
258 99
259 315
260 238
261 321
262 139
263 318
264 52
265 308
266 120
267 221
268 153
269 313
270 242
271 130
272 170
273 242
274 2
275 299
276 56
277 197
278 1
279 153
280 288
281 145
282 20
283 70
284 143
285 263
286 81
287 28
288 150
289 274
290 44
291 252
292 119
293 48
294 13
295 17
296 58
297 124
298 108
299 0
300 11
301 248
302 41
303 284
304 220
305 38
306 254
307 185
308 312
309 211
310 58
311 109
312 148
313 30
314 166
315 269
316 257
317 258
318 268
319 277
320 122
321 90
0 64
1 35
2 100
3 44
4 310
5 13
6 114
7 128
8 71
9 8
10 13
11 153
12 285
13 98
14 102
15 237
16 25
17 251
18 310
19 131
20 30
21 17
22 77
23 137
24 211
25 61
26 166
27 208
28 220
29 38
30 317
31 59
32 36
33 50
34 223
35 198
36 31
37 179
38 201
39 10
40 234
41 148
42 135
43 11
44 320
45 38
46 246
47 69
48 81
49 62
50 203
51 136
52 7
53 289
54 250
55 70
56 122
57 221
58 9
59 83
60 197
61 318
62 120
63 27
64 23
65 310
66 5
67 38
68 22
69 131
70 100
71 198
72 272
73 277
74 90
75 141
76 284
77 202
78 151
79 117
80 8
81 267
82 98
83 247
84 269
85 3
86 127
87 186
88 59
89 111
90 185
91 15
92 226
93 138
94 314
95 227
96 279
97 313
98 139
99 237
100 4
101 93
102 208
103 97
104 204
105 7
106 275
107 76
108 142
109 262
110 111
111 120
112 317
113 170
114 50
115 186
116 259
117 186
118 106
119 57
120 107
121 313
122 211
123 25
124 206
125 216
126 296
127 84
128 216
129 214
130 65
131 289
132 218
133 152
134 164
135 6
136 37
137 248
138 263
139 251
140 111
141 231
142 63
143 311
144 146
145 270
146 44
147 235
148 25
149 130
150 178
151 93
152 148
153 53
154 236
155 301
156 91
157 32
158 293
159 301
160 166
161 305
162 25
163 315
164 52
165 195
166 202
167 103
168 178
169 70
170 245
171 114
172 85
173 188
174 60
175 297
176 29
177 233
178 148
179 242
180 150
181 170
182 85
183 137
184 237
185 57
186 20
187 161
188 225
189 241
190 72
191 3
192 186
193 206
194 244
195 291
196 7
197 255
198 70
199 133
200 246
201 138
202 296
203 281
204 217
205 271
206 142
207 199
208 284
209 21
210 173
211 262
212 187
213 143
214 231
215 153
216 89
217 145
218 241
219 124
220 106
221 185
222 303
223 274
224 120
225 121
226 196
227 42
228 132
229 308
230 164
231 174
232 37
233 68
234 23
235 136
236 75
237 239
238 281
239 156
240 235
241 111
242 294
243 43
244 115
245 104
246 117
247 21
248 310
249 77
250 6
251 74
252 129
253 237
254 208
255 169
256 283
257 34
258 99
259 315
260 30
261 33
262 139
263 230
264 52
265 308
266 99
267 221
268 153
269 313
270 231
271 130
272 88
273 41
274 2
275 299
276 237
277 132
278 75
279 153
280 49
281 145
282 110
283 180
284 91
285 263
286 226
287 28
288 150
289 274
290 44
291 252
292 24
293 153
294 13
295 207
296 58
297 76
298 108
299 0
300 67
301 182
302 308
303 255
304 101
305 273
306 104
307 102
308 312
309 211
310 58
311 183
312 151
313 150
314 166
315 269
316 99
317 258
318 96
319 123
320 299
321 318
