0 229
1 95
2 10
3 233
4 291
5 279
6 230
7 216
8 44
9 294
10 90
11 161
12 235
13 313
14 309
15 204
16 312
17 207
18 223
19 195
20 187
21 77
22 130
23 193
24 34
25 58
26 116
27 122
28 265
29 142
30 140
31 135
32 208
33 132
34 8
35 122
36 96
37 152
38 138
39 179
40 134
41 186
42 226
43 98
44 30
45 280
46 85
47 81
48 17
49 246
50 319
51 199
52 17
53 144
54 178
55 113
56 238
57 237
58 177
59 50
60 167
61 304
62 109
63 195
64 240
65 124
66 74
67 111
68 308
69 78
70 80
71 58
72 164
73 275
74 166
75 283
76 196
77 34
78 87
79 214
80 193
81 152
82 216
83 62
84 4
85 87
86 94
87 206
88 4
89 81
90 218
91 321
92 162
93 214
94 202
95 279
96 283
97 109
98 134
99 29
100 245
101 190
102 186
103 229
104 34
105 108
106 148
107 230
108 127
109 135
110 11
111 205
112 93
113 298
114 274
115 108
116 190
117 134
118 286
119 263
120 167
121 238
122 19
123 132
124 62
125 265
126 186
127 235
128 10
129 246
130 92
131 23
132 240
133 148
134 313
135 90
136 123
137 239
138 88
139 44
140 67
141 46
142 67
143 84
144 280
145 177
146 250
147 231
148 297
149 268
150 183
151 283
152 4
153 91
154 29
155 24
156 139
157 236
158 234
159 118
160 202
161 298
162 161
163 268
164 214
165 104
166 225
167 98
168 159
169 35
170 186
171 194
172 64
173 179
174 100
175 143
176 159
177 27
178 224
179 230
180 214
181 253
182 62
183 32
184 116
185 130
186 303
187 131
188 275
189 305
190 29
191 213
192 142
193 195
194 242
195 66
196 81
197 64
198 319
199 6
200 292
201 113
202 83
203 98
204 47
205 46
206 300
207 308
208 170
209 108
210 25
211 149
212 59
213 92
214 28
215 158
216 43
217 162
218 317
219 199
220 296
221 285
222 185
223 56
224 275
225 277
226 308
227 213
228 46
229 242
230 94
231 159
232 204
233 123
234 74
235 114
236 44
237 68
238 225
239 57
240 200
241 203
242 1
243 56
244 8
245 110
246 314
247 79
248 204
249 316
250 300
251 245
252 139
253 29
254 317
255 173
256 265
257 38
258 130
259 233
260 73
261 70
262 287
263 238
264 194
265 156
266 55
267 119
268 250
269 270
270 225
271 309
272 144
273 277
274 248
275 147
276 148
277 5
278 298
279 259
280 162
281 232
282 104
283 110
284 52
285 64
286 225
287 265
288 120
289 17
290 183
291 256
292 200
293 304
294 236
295 183
296 92
297 81
298 121
299 223
300 173
301 119
302 140
303 20
304 222
305 191
306 67
307 107
308 273
309 55
310 131
311 169
312 15
313 264
314 277
315 221
316 284
317 46
318 223
319 113
320 74
321 131
0 19
1 95
2 144
3 233
4 316
5 279
6 80
7 216
8 44
9 129
10 90
11 161
12 168
13 21
14 247
15 204
16 312
17 207
18 114
19 301
20 187
21 17
22 130
23 193
24 19
25 204
26 116
27 122
28 265
29 273
30 289
31 178
32 208
33 132
34 290
35 122
36 166
37 152
38 318
39 159
40 285
41 186
42 128
43 98
44 30
45 156
46 56
47 319
48 17
49 107
50 319
51 243
52 279
53 144
54 178
55 161
56 230
57 237
58 30
59 205
60 167
61 304
62 109
63 195
64 21
65 124
66 63
67 254
68 276
69 13
70 80
71 58
72 253
73 123
74 306
75 283
76 80
77 35
78 52
79 58
80 193
81 152
82 193
83 83
84 220
85 176
86 94
87 96
88 4
89 172
90 135
91 169
92 200
93 214
94 202
95 252
96 283
97 69
98 226
99 29
100 17
101 5
102 186
103 229
104 316
105 108
106 189
107 57
108 127
109 65
110 262
111 137
112 93
113 86
114 104
115 108
116 2
117 134
118 306
119 263
120 167
121 238
122 19
123 132
124 62
125 265
126 186
127 235
128 124
129 312
130 92
131 265
132 260
133 248
134 285
135 90
136 123
137 62
138 88
139 44
140 280
141 46
142 67
143 265
144 250
145 139
146 40
147 231
148 160
149 268
150 183
151 317
152 4
153 235
154 57
155 24
156 319
157 236
158 234
159 6
160 202
161 240
162 249
163 268
164 247
165 51
166 225
167 238
168 198
169 239
170 186
171 194
172 64
173 179
174 100
175 208
176 76
177 27
178 224
179 9
180 82
181 253
182 62
183 60
184 116
185 0
186 104
187 131
188 83
189 25
190 29
191 133
192 35
193 40
194 0
195 272
196 81
197 64
198 187
199 110
200 127
201 52
202 83
203 98
204 182
205 46
206 300
207 135
208 318
209 201
210 25
211 149
212 59
213 92
214 28
215 260
216 43
217 6
218 317
219 199
220 290
221 47
222 15
223 100
224 275
225 277
226 308
227 213
228 120
229 242
230 249
231 116
232 204
233 128
234 194
235 114
236 44
237 68
238 237
239 58
240 200
241 203
242 1
243 56
244 50
245 110
246 235
247 184
248 204
249 88
250 300
251 105
252 15
253 63
254 317
255 46
256 265
257 38
258 130
259 97
260 73
261 70
262 287
263 142
264 194
265 156
266 55
267 243
268 250
269 45
270 190
271 295
272 306
273 58
274 148
275 147
276 142
277 239
278 298
279 48
280 162
281 80
282 104
283 110
284 52
285 10
286 264
287 246
288 168
289 316
290 15
291 83
292 200
293 304
294 236
295 186
296 92
297 280
298 50
299 288
300 7
301 174
302 140
303 20
304 263
305 35
306 137
307 107
308 273
309 55
310 131
311 169
312 234
313 264
314 59
315 169
316 195
317 46
318 282
319 113
320 125
321 319
