0 198
1 178
2 77
3 101
4 78
5 320
6 88
7 4
8 230
9 131
10 41
11 61
12 2
13 170
14 227
15 55
16 187
17 80
18 180
19 311
20 121
21 314
22 310
23 262
24 148
25 278
26 49
27 121
28 297
29 159
30 265
31 291
32 44
33 117
34 21
35 48
36 310
37 180
38 99
39 71
40 101
41 71
42 68
43 125
44 293
45 8
46 228
47 185
48 82
49 16
50 158
51 159
52 276
53 132
54 249
55 192
56 65
57 125
58 282
59 102
60 232
61 145
62 204
63 107
64 69
65 81
66 301
67 214
68 297
69 216
70 133
71 101
72 130
73 190
74 205
75 258
76 160
77 152
78 229
79 192
80 12
81 59
82 89
83 2
84 253
85 3
86 152
87 174
88 28
89 113
90 311
91 151
92 217
93 38
94 68
95 273
96 59
97 201
98 150
99 168
100 72
101 257
102 270
103 281
104 109
105 236
106 27
107 253
108 174
109 132
110 282
111 25
112 280
113 278
114 217
115 137
116 235
117 6
118 105
119 127
120 150
121 300
122 55
123 200
124 9
125 88
126 100
127 252
128 94
129 121
130 14
131 195
132 291
133 94
134 218
135 63
136 125
137 304
138 34
139 225
140 218
141 125
142 251
143 279
144 277
145 293
146 288
147 291
148 113
149 43
150 251
151 297
152 135
153 315
154 100
155 130
156 53
157 60
158 72
159 243
160 268
161 200
162 294
163 82
164 161
165 18
166 210
167 52
168 263
169 69
170 82
171 138
172 23
173 44
174 172
175 265
176 115
177 168
178 22
179 66
180 227
181 15
182 201
183 261
184 270
185 104
186 54
187 156
188 49
189 110
190 247
191 286
192 269
193 212
194 21
195 154
196 39
197 94
198 154
199 149
200 15
201 90
202 159
203 191
204 189
205 315
206 135
207 66
208 198
209 97
210 174
211 130
212 128
213 195
214 249
215 179
216 83
217 41
218 198
219 213
220 308
221 288
222 138
223 169
224 243
225 171
226 307
227 302
228 136
229 166
230 102
231 289
232 307
233 269
234 171
235 9
236 167
237 165
238 255
239 235
240 12
241 319
242 252
243 11
244 260
245 221
246 69
247 118
248 267
249 136
250 127
251 101
252 109
253 189
254 266
255 217
256 50
257 114
258 300
259 34
260 318
261 31
262 300
263 68
264 95
265 41
266 197
267 109
268 319
269 97
270 267
271 23
272 6
273 25
274 241
275 75
276 51
277 85
278 240
279 73
280 64
281 11
282 116
283 261
284 185
285 27
286 250
287 313
288 119
289 132
290 197
291 121
292 256
293 97
294 180
295 14
296 127
297 246
298 95
299 168
300 252
301 39
302 163
303 12
304 138
305 214
306 304
307 99
308 290
309 247
310 300
311 117
312 20
313 117
314 74
315 87
316 312
317 7
318 301
319 193
320 178
321 237
0 14
1 15
2 110
3 203
4 78
5 50
6 321
7 285
8 230
9 174
10 24
11 61
12 2
13 170
14 227
15 55
16 74
17 29
18 238
19 311
20 105
21 318
22 310
23 192
24 97
25 142
26 49
27 121
28 262
29 288
30 253
31 291
32 272
33 117
34 192
35 48
36 310
37 180
38 319
39 71
40 101
41 117
42 68
43 125
44 293
45 190
46 228
47 185
48 97
49 216
50 158
51 295
52 276
53 132
54 249
55 192
56 65
57 125
58 25
59 172
60 232
61 145
62 204
63 109
64 5
65 246
66 155
67 254
68 297
69 53
70 133
71 101
72 130
73 240
74 42
75 298
76 160
77 107
78 48
79 192
80 194
81 242
82 202
83 186
84 253
85 271
86 7
87 85
88 28
89 215
90 167
91 177
92 288
93 239
94 144
95 117
96 59
97 201
98 24
99 168
100 72
101 257
102 202
103 24
104 11
105 228
106 140
107 253
108 257
109 36
110 116
111 25
112 304
113 227
114 217
115 198
116 0
117 6
118 105
119 198
120 150
121 300
122 187
123 200
124 59
125 142
126 100
127 134
128 183
129 121
130 115
131 195
132 238
133 94
134 218
135 275
136 155
137 304
138 34
139 225
140 218
141 125
142 251
143 279
144 7
145 228
146 197
147 47
148 304
149 43
150 125
151 307
152 135
153 315
154 192
155 127
156 94
157 60
158 72
159 243
160 268
161 14
162 35
163 82
164 244
165 203
166 25
167 130
168 263
169 77
170 82
171 138
172 129
173 44
174 156
175 157
176 130
177 47
178 22
179 182
180 32
181 270
182 251
183 289
184 270
185 195
186 54
187 249
188 0
189 171
190 247
191 294
192 73
193 212
194 160
195 139
196 104
197 94
198 241
199 152
200 168
201 56
202 217
203 73
204 108
205 315
206 135
207 57
208 321
209 305
210 85
211 130
212 128
213 273
214 61
215 179
216 283
217 276
218 29
219 213
220 308
221 288
222 204
223 287
224 55
225 202
226 307
227 266
228 184
229 166
230 36
231 289
232 60
233 269
234 278
235 255
236 229
237 258
238 209
239 235
240 22
241 319
242 252
243 11
244 260
245 221
246 222
247 155
248 267
249 136
250 127
251 101
252 265
253 91
254 297
255 217
256 192
257 114
258 4
259 85
260 318
261 31
262 307
263 298
264 177
265 247
266 145
267 315
268 319
269 152
270 68
271 23
272 230
273 40
274 241
275 288
276 202
277 250
278 240
279 132
280 120
281 11
282 116
283 261
284 185
285 27
286 76
287 302
288 269
289 132
290 161
291 121
292 256
293 258
294 180
295 14
296 35
297 246
298 32
299 46
300 23
301 179
302 97
303 12
304 318
305 214
306 304
307 272
308 219
309 247
310 300
311 117
312 114
313 194
314 74
315 111
316 302
317 94
318 288
319 193
320 178
321 140
