0 278
1 155
2 63
3 216
4 119
5 297
6 316
7 216
8 248
9 182
10 197
11 208
12 98
13 183
14 258
15 277
16 234
17 143
18 31
19 60
20 121
21 137
22 180
23 299
24 148
25 213
26 263
27 246
28 285
29 116
30 87
31 95
32 200
33 254
34 184
35 130
36 229
37 165
38 252
39 17
40 295
41 1
42 313
43 178
44 241
45 140
46 52
47 103
48 267
49 32
50 159
51 0
52 85
53 13
54 228
55 92
56 70
57 218
58 207
59 99
60 85
61 256
62 168
63 303
64 62
65 86
66 121
67 152
68 204
69 321
70 80
71 250
72 295
73 15
74 320
75 62
76 279
77 289
78 101
79 240
80 262
81 204
82 292
83 22
84 28
85 74
86 269
87 297
88 64
89 191
90 247
91 256
92 286
93 51
94 182
95 253
96 265
97 173
98 34
99 197
100 217
101 137
102 192
103 16
104 110
105 155
106 263
107 49
108 137
109 153
110 15
111 310
112 299
113 149
114 23
115 161
116 148
117 109
118 268
119 301
120 161
121 213
122 132
123 257
124 80
125 92
126 21
127 297
128 53
129 15
130 314
131 207
132 168
133 109
134 117
135 69
136 204
137 287
138 170
139 271
140 189
141 285
142 60
143 216
144 154
145 222
146 2
147 263
148 235
149 185
150 278
151 127
152 94
153 58
154 224
155 310
156 60
157 306
158 103
159 261
160 194
161 285
162 208
163 87
164 54
165 131
166 72
167 246
168 129
169 40
170 181
171 169
172 15
173 95
174 4
175 37
176 97
177 56
178 320
179 125
180 187
181 271
182 76
183 110
184 300
185 42
186 196
187 228
188 225
189 315
190 27
191 44
192 116
193 245
194 44
195 44
196 83
197 99
198 148
199 46
200 208
201 111
202 150
203 190
204 190
205 123
206 88
207 254
208 179
209 49
210 57
211 155
212 50
213 57
214 100
215 73
216 314
217 64
218 239
219 212
220 286
221 106
222 108
223 153
224 148
225 11
226 212
227 238
228 190
229 284
230 243
231 135
232 298
233 213
234 315
235 125
236 170
237 39
238 305
239 191
240 148
241 32
242 243
243 45
244 218
245 299
246 1
247 122
248 273
249 116
250 285
251 4
252 62
253 25
254 173
255 270
256 265
257 77
258 133
259 29
260 89
261 165
262 92
263 107
264 305
265 42
266 308
267 256
268 270
269 239
270 302
271 287
272 101
273 235
274 277
275 135
276 296
277 298
278 222
279 293
280 144
281 25
282 234
283 138
284 280
285 41
286 18
287 194
288 123
289 42
290 206
291 293
292 89
293 121
294 22
295 147
296 10
297 282
298 141
299 281
300 296
301 252
302 178
303 215
304 33
305 280
306 215
307 182
308 58
309 221
310 133
311 52
312 107
313 5
314 304
315 74
316 132
317 231
318 183
319 158
320 97
321 160
0 140
1 42
2 63
3 216
4 119
5 297
6 161
7 258
8 248
9 34
10 219
11 255
12 98
13 183
14 258
15 198
16 7
17 97
18 311
19 276
20 207
21 137
22 67
23 299
24 214
25 100
26 263
27 246
28 285
29 116
30 199
31 95
32 47
33 313
34 184
35 130
36 229
37 258
38 252
39 17
40 79
41 1
42 98
43 178
44 156
45 140
46 125
47 284
48 267
49 32
50 196
51 3
52 130
53 13
54 258
55 92
56 61
57 218
58 32
59 129
60 289
61 36
62 168
63 109
64 62
65 86
66 121
67 152
68 204
69 274
70 80
71 250
72 111
73 15
74 320
75 64
76 279
77 289
78 101
79 240
80 96
81 204
82 223
83 117
84 242
85 180
86 140
87 288
88 161
89 83
90 135
91 234
92 286
93 51
94 182
95 45
96 26
97 173
98 21
99 190
100 217
101 137
102 192
103 16
104 110
105 155
106 286
107 84
108 131
109 31
110 173
111 114
112 8
113 149
114 23
115 109
116 75
117 109
118 200
119 113
120 227
121 132
122 154
123 257
124 80
125 92
126 22
127 168
128 53
129 160
130 239
131 207
132 153
133 35
134 117
135 159
136 143
137 66
138 60
139 271
140 187
141 285
142 115
143 96
144 23
145 237
146 2
147 38
148 26
149 185
150 173
151 73
152 307
153 58
154 261
155 29
156 103
157 306
158 271
159 261
160 225
161 285
162 304
163 87
164 54
165 131
166 72
167 41
168 129
169 21
170 101
171 169
172 60
173 95
174 4
175 37
176 67
177 228
178 295
179 319
180 187
181 271
182 22
183 209
184 300
185 128
186 24
187 228
188 225
189 259
190 117
191 307
192 10
193 154
194 44
195 44
196 312
197 135
198 148
199 46
200 208
201 256
202 79
203 190
204 190
205 179
206 179
207 254
208 23
209 49
210 57
211 230
212 56
213 232
214 100
215 73
216 314
217 64
218 57
219 32
220 272
221 87
222 112
223 153
224 91
225 115
226 212
227 214
228 190
229 284
230 233
231 135
232 298
233 44
234 3
235 140
236 170
237 170
238 305
239 230
240 148
241 32
242 144
243 258
244 156
245 228
246 1
247 123
248 273
249 241
250 248
251 4
252 62
253 90
254 0
255 270
256 265
257 77
258 133
259 29
260 89
261 169
262 25
263 107
264 189
265 42
266 143
267 283
268 270
269 239
270 302
271 287
272 303
273 200
274 6
275 135
276 296
277 27
278 219
279 60
280 144
281 76
282 234
283 146
284 280
285 186
286 204
287 194
288 7
289 34
290 247
291 293
292 147
293 121
294 22
295 95
296 109
297 282
298 141
299 281
300 182
301 252
302 235
303 215
304 33
305 42
306 282
307 2
308 58
309 221
310 154
311 52
312 107
313 249
314 119
315 74
316 132
317 231
318 195
319 46
320 97
321 259
