0 30
1 124
2 248
3 291
4 313
5 52
6 266
7 84
8 93
9 283
10 145
11 276
12 176
13 141
14 274
15 47
16 76
17 293
18 154
19 14
20 196
21 208
22 206
23 312
24 133
25 256
26 101
27 321
28 253
29 74
30 240
31 141
32 84
33 51
34 8
35 320
36 29
37 181
38 274
39 113
40 114
41 296
42 149
43 48
44 173
45 250
46 213
47 76
48 300
49 255
50 2
51 43
52 184
53 236
54 139
55 12
56 73
57 59
58 247
59 251
60 133
61 178
62 211
63 121
64 196
65 95
66 149
67 85
68 23
69 267
70 1
71 129
72 14
73 142
74 317
75 68
76 43
77 282
78 79
79 254
80 30
81 46
82 291
83 26
84 219
85 221
86 122
87 224
88 4
89 139
90 215
91 127
92 182
93 254
94 232
95 280
96 227
97 299
98 148
99 254
100 171
101 228
102 276
103 212
104 50
105 76
106 305
107 99
108 59
109 162
110 248
111 218
112 20
113 46
114 121
115 308
116 106
117 245
118 58
119 75
120 200
121 30
122 65
123 204
124 81
125 61
126 167
127 43
128 166
129 219
130 96
131 28
132 240
133 261
134 220
135 190
136 84
137 124
138 290
139 312
140 233
141 308
142 301
143 157
144 275
145 200
146 167
147 258
148 281
149 205
150 200
151 267
152 121
153 291
154 275
155 158
156 16
157 6
158 171
159 169
160 268
161 274
162 58
163 42
164 118
165 160
166 304
167 304
168 107
169 27
170 298
171 87
172 20
173 68
174 11
175 181
176 137
177 189
178 186
179 15
180 265
181 122
182 282
183 300
184 84
185 221
186 194
187 73
188 176
189 145
190 174
191 310
192 234
193 304
194 71
195 120
196 10
197 107
198 6
199 63
200 267
201 279
202 154
203 70
204 156
205 168
206 310
207 29
208 0
209 117
210 194
211 193
212 270
213 242
214 48
215 182
216 183
217 124
218 256
219 65
220 166
221 117
222 284
223 247
224 62
225 149
226 59
227 123
228 123
229 110
230 182
231 46
232 198
233 125
234 250
235 65
236 252
237 308
238 215
239 166
240 48
241 166
242 13
243 110
244 122
245 81
246 91
247 185
248 210
249 136
250 104
251 53
252 234
253 314
254 56
255 11
256 278
257 181
258 282
259 108
260 281
261 77
262 238
263 13
264 243
265 298
266 272
267 258
268 259
269 193
270 207
271 23
272 79
273 40
274 29
275 130
276 161
277 113
278 315
279 77
280 60
281 298
282 26
283 277
284 175
285 155
286 72
287 11
288 278
289 234
290 154
291 267
292 225
293 129
294 201
295 135
296 41
297 218
298 198
299 215
300 210
301 207
302 121
303 76
304 291
305 46
306 313
307 285
308 271
309 241
310 89
311 119
312 29
313 134
314 173
315 159
316 67
317 290
318 192
319 268
320 159
321 234
0 31
1 105
2 248
3 269
4 313
5 285
6 266
7 84
8 230
9 283
10 145
11 86
12 262
13 247
14 145
15 77
16 95
17 101
18 154
19 254
20 240
21 208
22 30
23 312
24 226
25 295
26 101
27 321
28 253
29 151
30 89
31 301
32 84
33 90
34 8
35 320
36 29
37 181
38 274
39 190
40 139
41 213
42 189
43 189
44 173
45 250
46 213
47 234
48 309
49 255
50 283
51 70
52 32
53 236
54 139
55 178
56 210
57 255
58 247
59 59
60 133
61 178
62 211
63 58
64 155
65 95
66 149
67 237
68 23
69 267
70 1
71 129
72 51
73 142
74 162
75 192
76 43
77 282
78 132
79 254
80 30
81 46
82 276
83 26
84 219
85 221
86 109
87 224
88 4
89 251
90 270
91 288
92 67
93 254
94 73
95 219
96 93
97 28
98 148
99 292
100 203
101 228
102 13
103 40
104 50
105 76
106 52
107 99
108 59
109 105
110 36
111 238
112 287
113 46
114 121
115 223
116 83
117 204
118 52
119 131
120 73
121 30
122 65
123 192
124 81
125 208
126 167
127 148
128 170
129 219
130 96
131 47
132 240
133 261
134 220
135 190
136 84
137 124
138 26
139 312
140 233
141 185
142 81
143 145
144 275
145 255
146 167
147 178
148 67
149 205
150 200
151 267
152 27
153 62
154 72
155 36
156 223
157 6
158 171
159 156
160 252
161 276
162 253
163 255
164 118
165 44
166 289
167 142
168 251
169 50
170 13
171 83
172 274
173 68
174 284
175 181
176 137
177 270
178 226
179 15
180 24
181 13
182 282
183 300
184 84
185 221
186 181
187 177
188 179
189 203
190 174
191 310
192 63
193 47
194 106
195 6
196 10
197 107
198 6
199 63
200 267
201 218
202 259
203 317
204 7
205 168
206 310
207 29
208 28
209 122
210 156
211 193
212 28
213 125
214 48
215 120
216 183
217 124
218 256
219 141
220 295
221 191
222 284
223 20
224 10
225 155
226 59
227 123
228 191
229 110
230 279
231 150
232 198
233 20
234 27
235 88
236 252
237 162
238 215
239 166
240 48
241 303
242 309
243 110
244 122
245 97
246 261
247 258
248 311
249 0
250 104
251 155
252 299
253 282
254 259
255 207
256 278
257 77
258 265
259 118
260 255
261 77
262 122
263 92
264 149
265 249
266 272
267 270
268 259
269 193
270 26
271 23
272 79
273 50
274 208
275 19
276 127
277 113
278 315
279 94
280 60
281 283
282 202
283 171
284 175
285 188
286 154
287 11
288 278
289 234
290 154
291 267
292 225
293 129
294 83
295 135
296 202
297 218
298 198
299 215
300 256
301 207
302 121
303 76
304 35
305 178
306 313
307 293
308 254
309 241
310 89
311 47
312 307
313 134
314 237
315 159
316 282
317 14
318 10
319 268
320 251
321 259
