0 627
1 1156
2 213
3 1186
4 228
5 793
6 1993
7 1489
8 1708
9 2089
10 2131
11 2156
12 1855
13 688
14 1261
15 893
16 1290
17 93
18 1788
19 1639
20 679
21 1516
22 748
23 1608
24 1417
25 426
26 341
27 1704
28 2076
29 442
30 2079
31 1115
32 1777
33 1894
34 1512
35 2120
36 719
37 342
38 2168
39 792
40 640
41 2135
42 468
43 2003
44 1814
45 1278
46 2194
47 1099
48 1110
49 322
50 1805
51 2107
52 2144
53 726
54 256
55 872
56 1309
57 267
58 1449
59 330
60 1107
61 1705
62 70
63 1648
64 488
65 2142
66 266
67 804
68 1434
69 579
70 2220
71 1450
72 2174
73 1510
74 2204
75 2095
76 1418
77 1586
78 726
79 892
80 1862
81 2204
82 435
83 1336
84 102
85 275
86 742
87 1984
88 897
89 1884
90 1799
91 154
92 1973
93 2065
94 320
95 383
96 670
97 2129
98 1549
99 1914
100 1167
101 303
102 2144
103 369
104 580
105 988
106 2203
107 1690
108 759
109 1475
110 1230
111 294
112 1253
113 690
114 836
115 477
116 1709
117 1229
118 461
119 1411
120 381
121 694
122 989
123 1969
124 2211
125 2135
126 1145
127 1027
128 1267
129 199
130 2141
131 2101
132 1836
133 2178
134 569
135 943
136 438
137 1211
138 2054
139 1650
140 659
141 1320
142 1964
143 222
144 331
145 2188
146 912
147 726
148 852
149 534
150 958
151 1568
152 241
153 1196
154 1346
155 1112
156 357
157 983
158 1769
159 2058
160 367
161 2041
162 2146
163 1078
164 50
165 25
166 370
167 65
168 292
169 1701
170 1040
171 810
172 2047
173 1719
174 264
175 1412
176 505
177 756
178 1573
179 1450
180 2078
181 73
182 683
183 205
184 1408
185 76
186 131
187 934
188 336
189 1853
190 848
191 287
192 1675
193 2211
194 1947
195 1080
196 1413
197 75
198 1663
199 1188
200 1762
201 1617
202 910
203 898
204 1139
205 2034
206 1316
207 296
208 2128
209 1284
210 383
211 1762
212 1251
213 1823
214 921
215 1580
216 1582
217 723
218 1406
219 1666
220 1251
221 301
222 956
223 734
224 231
225 2054
226 1177
227 1458
228 130
229 946
230 1490
231 2184
232 1103
233 2179
234 1601
235 1221
236 197
237 1321
238 2088
239 1068
240 1069
241 131
242 1987
243 1826
244 2139
245 546
246 1859
247 21
248 685
249 1399
250 1693
251 643
252 1353
253 154
254 2079
255 43
256 524
257 1918
258 1330
259 930
260 904
261 1977
262 1656
263 643
264 943
265 1772
266 405
267 1804
268 1075
269 428
270 1985
271 1962
272 1696
273 1419
274 340
275 1000
276 1038
277 1250
278 1504
279 1153
280 1844
281 140
282 1341
283 2085
284 1131
285 380
286 388
287 758
288 1171
289 1920
290 1242
291 1807
292 701
293 2137
294 2161
295 1462
296 830
297 967
298 899
299 1387
300 1509
301 806
302 91
303 597
304 1182
305 784
306 1606
307 1495
308 1152
309 118
310 2199
311 821
312 537
313 436
314 1206
315 131
316 1208
317 1353
318 1296
319 1935
320 792
321 1936
322 791
323 517
324 498
325 1712
326 1717
327 2023
328 1982
329 1949
330 683
331 682
332 1404
333 1851
334 46
335 48
336 170
337 1083
338 1095
339 1714
340 1148
341 1180
342 1290
343 1429
344 1852
345 1833
346 1569
347 385
348 940
349 1199
350 1967
351 308
352 757
353 1565
354 666
355 480
356 1972
357 2061
358 882
359 1849
360 1362
361 852
362 250
363 228
364 62
365 333
366 1393
367 2151
368 269
369 1187
370 1970
371 1993
372 560
373 910
374 1530
375 903
376 1419
377 1754
378 1587
379 253
380 1411
381 753
382 2192
383 498
384 679
385 1948
386 2199
387 484
388 873
389 1310
390 824
391 1393
392 2224
393 1725
394 2166
395 141
396 905
397 1969
398 1615
399 786
400 519
401 907
402 2126
403 843
404 1148
405 1462
406 75
407 775
408 1222
409 713
410 1232
411 919
412 217
413 596
414 1508
415 1575
416 1426
417 2103
418 14
419 140
420 1475
421 643
422 823
423 158
424 543
425 1450
426 1645
427 2028
428 732
429 601
430 78
431 1728
432 740
433 474
434 2187
435 1094
436 2183
437 1717
438 817
439 1718
440 1263
441 2097
442 1663
443 1094
444 1957
445 1435
446 705
447 477
448 1249
449 1747
450 411
451 1214
452 954
453 476
454 1258
455 1742
456 1536
457 852
458 1999
459 86
460 383
461 903
462 1023
463 679
464 1278
465 287
466 2138
467 1753
468 796
469 1118
470 135
471 1366
472 551
473 1266
474 559
475 1025
476 2145
477 691
478 2190
479 461
480 1482
481 1740
482 570
483 1992
484 471
485 1876
486 1224
487 202
488 1060
489 941
490 1083
491 963
492 2102
493 1051
494 1236
495 1576
496 85
497 541
498 1391
499 1598
500 1079
501 871
502 881
503 2038
504 818
505 1032
506 1508
507 439
508 2086
509 1235
510 818
511 335
512 1369
513 832
514 464
515 125
516 1319
517 756
518 310
519 97
520 1181
521 367
522 2095
523 2031
524 1831
525 1322
526 633
527 140
528 1301
529 751
530 824
531 1853
532 1074
533 2011
534 1363
535 1356
536 847
537 683
538 1440
539 1959
540 2036
541 1276
542 2102
543 654
544 952
545 703
546 1329
547 327
548 241
549 1848
550 1555
551 1360
552 79
553 687
554 705
555 1690
556 1510
557 1335
558 1617
559 428
560 113
561 542
562 908
563 944
564 2029
565 121
566 2115
567 2031
568 891
569 1986
570 1437
571 1039
572 1436
573 1763
574 1406
575 510
576 63
577 262
578 2222
579 447
580 908
581 1019
582 2164
583 2144
584 1795
585 1896
586 1171
587 1246
588 1065
589 1737
590 2126
591 331
592 2152
593 1101
594 346
595 367
596 1357
597 1975
598 1102
599 1051
600 1824
601 1898
602 1846
603 1818
604 835
605 1180
606 1975
607 1245
608 1910
609 1618
610 1811
611 1255
612 1772
613 254
614 1133
615 1443
616 1995
617 2152
618 1534
619 1987
620 841
621 1172
622 267
623 1877
624 1082
625 838
626 634
627 1069
628 750
629 2097
630 2162
631 165
632 1053
633 1921
634 2002
635 1375
636 895
637 1485
638 2195
639 1281
640 1542
641 1939
642 459
643 538
644 1378
645 1006
646 1889
647 1352
648 549
649 1744
650 433
651 1769
652 1331
653 361
654 347
655 983
656 625
657 1478
658 1491
659 921
660 1480
661 762
662 1432
663 632
664 715
665 1408
666 2070
667 892
668 1401
669 761
670 122
671 384
672 2168
673 1549
674 471
675 475
676 1056
677 2154
678 900
679 2071
680 1977
681 1290
682 543
683 1070
684 1341
685 1180
686 58
687 226
688 203
689 1360
690 1013
691 2197
692 679
693 1463
694 613
695 243
696 946
697 1009
698 406
699 1623
700 908
701 1591
702 1398
703 1085
704 1306
705 2124
706 1494
707 1528
708 188
709 2016
710 230
711 590
712 1847
713 1223
714 1439
715 1349
716 2223
717 1475
718 377
719 1145
720 1892
721 54
722 1191
723 1649
724 1945
725 1810
726 574
727 1913
728 1030
729 637
730 134
731 1785
732 576
733 1321
734 503
735 1445
736 1411
737 1587
738 1497
739 587
740 1777
741 1051
742 1501
743 1882
744 1395
745 1189
746 814
747 1730
748 1878
749 977
750 742
751 68
752 1992
753 1845
754 1839
755 381
756 315
757 96
758 1898
759 553
760 1423
761 266
762 2208
763 1222
764 2123
765 1827
766 2149
767 1844
768 2218
769 852
770 108
771 955
772 1903
773 1055
774 642
775 579
776 1698
777 2049
778 994
779 1787
780 511
781 500
782 286
783 957
784 1802
785 1838
786 741
787 564
788 168
789 1204
790 1613
791 489
792 947
793 1670
794 934
795 162
796 809
797 414
798 1622
799 2076
800 2066
801 576
802 2106
803 1095
804 1609
805 1537
806 671
807 1286
808 1045
809 1196
810 906
811 835
812 448
813 1335
814 65
815 567
816 1663
817 2096
818 566
819 1515
820 692
821 1959
822 156
823 527
824 2019
825 694
826 141
827 693
828 1173
829 1923
830 1691
831 2156
832 1731
833 541
834 854
835 1965
836 1170
837 1025
838 1870
839 961
840 2069
841 280
842 881
843 2062
844 184
845 1358
846 1606
847 692
848 1159
849 1908
850 1107
851 1112
852 434
853 706
854 575
855 2018
856 1757
857 1197
858 1879
859 334
860 1182
861 537
862 551
863 2159
864 1664
865 426
866 2108
867 981
868 194
869 916
870 960
871 94
872 676
873 1750
874 887
875 2188
876 1874
877 1383
878 2056
879 1779
880 861
881 1704
882 1461
883 1502
884 1280
885 1106
886 970
887 1602
888 1374
889 43
890 2014
891 633
892 1627
893 2092
894 1105
895 1484
896 2033
897 723
898 1221
899 373
900 1203
901 428
902 209
903 1818
904 9
905 2092
906 1659
907 1668
908 679
909 282
910 1764
911 1033
912 664
913 1016
914 388
915 414
916 1184
917 2157
918 67
919 1879
920 1330
921 1818
922 1179
923 170
924 937
925 1266
926 1453
927 1971
928 1101
929 1945
930 2035
931 202
932 610
933 217
934 1019
935 1616
936 579
937 1766
938 1346
939 2106
940 2204
941 450
942 1412
943 2010
944 1920
945 1309
946 152
947 416
948 2086
949 403
950 1370
951 1731
952 718
953 1239
954 1665
955 2076
956 1415
957 1615
958 994
959 1871
960 343
961 1420
962 296
963 550
964 936
965 1163
966 361
967 2003
968 151
969 581
970 142
971 959
972 545
973 1487
974 831
975 123
976 445
977 1104
978 1855
979 948
980 1172
981 2197
982 2132
983 145
984 1868
985 1703
986 759
987 1488
988 793
989 1951
990 360
991 629
992 53
993 2099
994 926
995 1891
996 1376
997 900
998 214
999 1615
1000 2038
1001 101
1002 1155
1003 1618
1004 1130
1005 2048
1006 643
1007 1373
1008 656
1009 1775
1010 1435
1011 663
1012 111
1013 1175
1014 1263
1015 1939
1016 1801
1017 244
1018 660
1019 1872
1020 1411
1021 143
1022 1547
1023 1749
1024 1214
1025 925
1026 481
1027 1643
1028 773
1029 1194
1030 1717
1031 1717
1032 948
1033 392
1034 2198
1035 501
1036 1586
1037 1809
1038 1675
1039 2005
1040 1902
1041 1191
1042 869
1043 768
1044 1257
1045 1362
1046 1954
1047 480
1048 78
1049 885
1050 1134
1051 2068
1052 1870
1053 73
1054 661
1055 1682
1056 921
1057 2176
1058 28
1059 1744
1060 444
1061 590
1062 208
1063 526
1064 1600
1065 1341
1066 823
1067 630
1068 1955
1069 466
1070 1224
1071 1354
1072 536
1073 1180
1074 1689
1075 1919
1076 447
1077 1656
1078 951
1079 1453
1080 2171
1081 606
1082 982
1083 1932
1084 658
1085 101
1086 951
1087 503
1088 157
1089 62
1090 685
1091 1418
1092 1737
1093 1844
1094 1337
1095 771
1096 1081
1097 1139
1098 651
1099 1292
1100 1306
1101 1098
1102 913
1103 1672
1104 833
1105 1683
1106 1995
1107 433
1108 225
1109 1737
1110 545
1111 1929
1112 2213
1113 506
1114 1174
1115 131
1116 1183
1117 450
1118 1713
1119 945
1120 677
1121 659
1122 465
1123 2031
1124 1811
1125 1545
1126 222
1127 992
1128 1759
1129 1867
1130 234
1131 1916
1132 1718
1133 1219
1134 1956
1135 1425
1136 802
1137 1601
1138 584
1139 2063
1140 305
1141 671
1142 953
1143 1874
1144 636
1145 1581
1146 468
1147 1753
1148 2083
1149 2120
1150 908
1151 2127
1152 742
1153 71
1154 679
1155 150
1156 350
1157 428
1158 2082
1159 1559
1160 1879
1161 806
1162 625
1163 1324
1164 1462
1165 783
1166 1107
1167 1774
1168 624
1169 124
1170 1872
1171 1277
1172 1585
1173 1960
1174 884
1175 2203
1176 1149
1177 876
1178 1152
1179 2136
1180 1831
1181 1680
1182 1847
1183 2158
1184 201
1185 1329
1186 1794
1187 216
1188 1964
1189 1886
1190 1567
1191 1071
1192 1642
1193 1001
1194 1170
1195 202
1196 1555
1197 1450
1198 1522
1199 654
1200 1356
1201 2176
1202 529
1203 473
1204 451
1205 771
1206 1858
1207 1747
1208 111
1209 1741
1210 336
1211 347
1212 616
1213 2091
1214 575
1215 558
1216 1491
1217 1420
1218 1391
1219 506
1220 663
1221 855
1222 1609
1223 1971
1224 937
1225 1746
1226 1546
1227 77
1228 1001
1229 1785
1230 601
1231 179
1232 1003
1233 1448
1234 674
1235 1889
1236 319
1237 531
1238 830
1239 218
1240 2138
1241 1301
1242 1443
1243 1557
1244 41
1245 1835
1246 2155
1247 802
1248 935
1249 2122
1250 2069
1251 1497
1252 1662
1253 2166
1254 737
1255 1943
1256 2028
1257 718
1258 1679
1259 1947
1260 1151
1261 1211
1262 979
1263 2129
1264 2139
1265 1624
1266 208
1267 1323
1268 216
1269 2053
1270 1547
1271 1157
1272 793
1273 204
1274 748
1275 2026
1276 295
1277 2137
1278 1849
1279 1401
1280 2131
1281 288
1282 1311
1283 733
1284 815
1285 971
1286 795
1287 1680
1288 707
1289 2142
1290 1950
1291 89
1292 817
1293 1457
1294 870
1295 858
1296 119
1297 1584
1298 102
1299 444
1300 1335
1301 709
1302 1999
1303 525
1304 1978
1305 789
1306 75
1307 1540
1308 2118
1309 1809
1310 2193
1311 1393
1312 605
1313 2129
1314 1430
1315 2155
1316 230
1317 687
1318 441
1319 704
1320 985
1321 1085
1322 910
1323 1257
1324 1182
1325 846
1326 261
1327 2196
1328 1949
1329 988
1330 1961
1331 4
1332 611
1333 1864
1334 274
1335 243
1336 807
1337 60
1338 375
1339 2008
1340 1200
1341 1643
1342 2120
1343 1760
1344 253
1345 877
1346 234
1347 1908
1348 1023
1349 1578
1350 2057
1351 1303
1352 640
1353 1081
1354 1639
1355 2054
1356 2212
1357 1791
1358 648
1359 1735
1360 724
1361 346
1362 1035
1363 273
1364 707
1365 236
1366 514
1367 1405
1368 491
1369 2214
1370 1348
1371 602
1372 348
1373 202
1374 2165
1375 2187
1376 1775
1377 805
1378 911
1379 1317
1380 1842
1381 258
1382 2110
1383 1580
1384 1995
1385 1100
1386 109
1387 2117
1388 583
1389 2121
1390 983
1391 612
1392 561
1393 720
1394 358
1395 467
1396 263
1397 1852
1398 770
1399 77
1400 1909
1401 2164
1402 1493
1403 717
1404 481
1405 1354
1406 516
1407 1023
1408 1431
1409 1879
1410 1818
1411 1435
1412 1049
1413 781
1414 437
1415 1509
1416 1707
1417 336
1418 350
1419 1375
1420 1639
1421 1195
1422 1465
1423 1293
1424 1282
1425 917
1426 1784
1427 2147
1428 918
1429 1138
1430 872
1431 229
1432 351
1433 993
1434 108
1435 501
1436 2071
1437 1119
1438 74
1439 309
1440 1411
1441 526
1442 664
1443 1751
1444 517
1445 1008
1446 1485
1447 1580
1448 1351
1449 2029
1450 788
1451 2019
1452 1321
1453 204
1454 732
1455 218
1456 128
1457 1175
1458 1975
1459 2085
1460 983
1461 288
1462 647
1463 1955
1464 1646
1465 1897
1466 1702
1467 922
1468 1565
1469 519
1470 1663
1471 1479
1472 417
1473 428
1474 1601
1475 2124
1476 1056
1477 444
1478 126
1479 134
1480 1554
1481 1616
1482 113
1483 1392
1484 1506
1485 1768
1486 1949
1487 1370
1488 2127
1489 1042
1490 1384
1491 458
1492 799
1493 1292
1494 897
1495 436
1496 185
1497 1165
1498 512
1499 1808
1500 788
1501 1378
1502 1384
1503 11
1504 820
1505 1493
1506 704
1507 1664
1508 173
1509 11
1510 1431
1511 1681
1512 479
1513 982
1514 277
1515 387
1516 676
1517 815
1518 2140
1519 1563
1520 1478
1521 707
1522 1372
1523 850
1524 1404
1525 1889
1526 518
1527 1581
1528 1309
1529 594
1530 783
1531 347
1532 337
1533 2051
1534 189
1535 2031
1536 83
1537 869
1538 1433
1539 1015
1540 216
1541 1765
1542 121
1543 140
1544 1246
1545 2102
1546 332
1547 581
1548 607
1549 2021
1550 2143
1551 615
1552 1899
1553 604
1554 770
1555 1069
1556 1106
1557 1451
1558 501
1559 533
1560 1504
1561 892
1562 1400
1563 1401
1564 791
1565 635
1566 550
1567 1405
1568 1099
1569 1157
1570 192
1571 1242
1572 1674
1573 1423
1574 419
1575 1313
1576 566
1577 987
1578 2216
1579 1185
1580 639
1581 2010
1582 2039
1583 2012
1584 530
1585 529
1586 805
1587 15
1588 1689
1589 1052
1590 2062
1591 734
1592 1953
1593 824
1594 1030
1595 822
1596 1869
1597 1869
1598 1100
1599 1104
1600 118
1601 320
1602 908
1603 2096
1604 1063
1605 1481
1606 1771
1607 1643
1608 305
1609 1191
1610 1412
1611 1148
1612 1456
1613 2057
1614 241
1615 56
1616 976
1617 354
1618 573
1619 417
1620 509
1621 423
1622 146
1623 2052
1624 35
1625 65
1626 1006
1627 125
1628 830
1629 1917
1630 1338
1631 793
1632 330
1633 1623
1634 585
1635 2040
1636 1855
1637 11
1638 553
1639 955
1640 249
1641 992
1642 620
1643 1906
1644 2101
1645 485
1646 961
1647 922
1648 1107
1649 1291
1650 1120
1651 177
1652 196
1653 261
1654 1269
1655 976
1656 1625
1657 1586
1658 2222
1659 1452
1660 882
1661 1603
1662 1225
1663 1876
1664 542
1665 939
1666 1520
1667 1233
1668 1613
1669 962
1670 1893
1671 1636
1672 5
1673 1307
1674 1152
1675 8
1676 266
1677 505
1678 206
1679 1755
1680 911
1681 1053
1682 2124
1683 2177
1684 747
1685 1198
1686 699
1687 1241
1688 36
1689 1496
1690 1550
1691 305
1692 756
1693 1087
1694 671
1695 318
1696 1210
1697 216
1698 1171
1699 108
1700 1278
1701 831
1702 1370
1703 989
1704 1561
1705 1486
1706 2196
1707 528
1708 1421
1709 1300
1710 546
1711 1048
1712 1811
1713 108
1714 1969
1715 1378
1716 1727
1717 1213
1718 342
1719 1642
1720 795
1721 346
1722 737
1723 1505
1724 1227
1725 129
1726 1440
1727 241
1728 1602
1729 922
1730 71
1731 66
1732 1796
1733 967
1734 687
1735 951
1736 1778
1737 1373
1738 482
1739 782
1740 1278
1741 1257
1742 434
1743 1324
1744 2210
1745 407
1746 1836
1747 706
1748 236
1749 65
1750 1996
1751 1164
1752 977
1753 2147
1754 1025
1755 1629
1756 1441
1757 2055
1758 2014
1759 1021
1760 355
1761 1533
1762 589
1763 508
1764 2070
1765 843
1766 467
1767 1841
1768 2039
1769 716
1770 889
1771 2153
1772 1635
1773 515
1774 1352
1775 756
1776 239
1777 887
1778 1231
1779 1428
1780 908
1781 1684
1782 1034
1783 2055
1784 1687
1785 1483
1786 957
1787 1765
1788 1566
1789 268
1790 2011
1791 1645
1792 105
1793 1886
1794 1268
1795 1229
1796 725
1797 980
1798 368
1799 1858
1800 602
1801 66
1802 1335
1803 1587
1804 735
1805 1684
1806 1358
1807 1374
1808 1826
1809 602
1810 519
1811 564
1812 832
1813 1137
1814 775
1815 1113
1816 1742
1817 1121
1818 1959
1819 74
1820 1012
1821 1304
1822 2179
1823 277
1824 1868
1825 2111
1826 1153
1827 2005
1828 1756
1829 1281
1830 255
1831 581
1832 216
1833 1566
1834 1662
1835 472
1836 1340
1837 1087
1838 40
1839 47
1840 2133
1841 1921
1842 27
1843 2048
1844 1748
1845 1418
1846 1760
1847 1987
1848 797
1849 611
1850 451
1851 506
1852 1381
1853 1481
1854 1783
1855 527
1856 1588
1857 1608
1858 941
1859 670
1860 1436
1861 941
1862 566
1863 464
1864 215
1865 573
1866 1068
1867 988
1868 1299
1869 1760
1870 1050
1871 406
1872 590
1873 615
1874 243
1875 134
1876 293
1877 108
1878 1246
1879 690
1880 1419
1881 944
1882 86
1883 1576
1884 1129
1885 1782
1886 1549
1887 1913
1888 1572
1889 1836
1890 1083
1891 1600
1892 1780
1893 592
1894 530
1895 2111
1896 99
1897 217
1898 1458
1899 1014
1900 573
1901 1079
1902 960
1903 88
1904 487
1905 2161
1906 1349
1907 390
1908 1051
1909 609
1910 1106
1911 2072
1912 674
1913 311
1914 1051
1915 2021
1916 373
1917 114
1918 1930
1919 1559
1920 1039
1921 1718
1922 135
1923 1276
1924 311
1925 2202
1926 1854
1927 1466
1928 1180
1929 1071
1930 391
1931 712
1932 886
1933 424
1934 2026
1935 1186
1936 1
1937 742
1938 2044
1939 1941
1940 1240
1941 248
1942 712
1943 803
1944 1954
1945 992
1946 860
1947 260
1948 321
1949 108
1950 1592
1951 1879
1952 1067
1953 121
1954 1486
1955 979
1956 1365
1957 1351
1958 499
1959 1001
1960 2158
1961 48
1962 861
1963 2146
1964 980
1965 697
1966 1773
1967 1015
1968 2182
1969 1152
1970 1124
1971 1703
1972 160
1973 62
1974 1024
1975 1642
1976 1923
1977 2179
1978 1120
1979 1821
1980 2080
1981 1262
1982 1424
1983 415
1984 10
1985 1391
1986 1256
1987 1028
1988 1868
1989 1828
1990 204
1991 549
1992 282
1993 312
1994 1618
1995 1588
1996 2056
1997 519
1998 1690
1999 228
2000 89
2001 1300
2002 1991
2003 257
2004 913
2005 958
2006 180
2007 1705
2008 899
2009 1917
2010 690
2011 181
2012 1756
2013 237
2014 1327
2015 864
2016 661
2017 1161
2018 589
2019 1176
2020 747
2021 2092
2022 1986
2023 736
2024 2092
2025 483
2026 637
2027 1190
2028 1078
2029 439
2030 1147
2031 515
2032 1258
2033 1866
2034 1889
2035 1966
2036 1991
2037 90
2038 648
2039 585
2040 1486
2041 944
2042 1973
2043 1817
2044 697
2045 1687
2046 853
2047 738
2048 807
2049 2096
2050 1735
2051 1842
2052 842
2053 240
2054 82
2055 1271
2056 1923
2057 392
2058 807
2059 1786
2060 1006
2061 2041
2062 1045
2063 1024
2064 1414
2065 1787
2066 1760
2067 492
2068 303
2069 1248
2070 1918
2071 1044
2072 1166
2073 1959
2074 1937
2075 4
2076 88
2077 66
2078 1188
2079 1157
2080 1787
2081 2091
2082 101
2083 986
2084 2209
2085 428
2086 1518
2087 1388
2088 289
2089 214
2090 1535
2091 961
2092 1844
2093 358
2094 1569
2095 1612
2096 39
2097 154
2098 146
2099 2067
2100 335
2101 1420
2102 2109
2103 2026
2104 906
2105 2034
2106 365
2107 1294
2108 1187
2109 512
2110 1506
2111 77
2112 1478
2113 2171
2114 1813
2115 397
2116 1535
2117 1733
2118 600
2119 1820
2120 1175
2121 72
2122 1901
2123 24
2124 1861
2125 271
2126 360
2127 976
2128 856
2129 2203
2130 370
2131 1224
2132 1632
2133 223
2134 1040
2135 2214
2136 1674
2137 741
2138 1726
2139 1515
2140 405
2141 1722
2142 245
2143 710
2144 1042
2145 333
2146 2141
2147 410
2148 360
2149 1227
2150 1062
2151 106
2152 1401
2153 750
2154 63
2155 348
2156 1225
2157 1495
2158 1462
2159 1895
2160 495
2161 1305
2162 961
2163 112
2164 848
2165 1301
2166 427
2167 1151
2168 1007
2169 102
2170 295
2171 650
2172 12
2173 716
2174 1103
2175 1985
2176 685
2177 987
2178 665
2179 124
2180 390
2181 1655
2182 1030
2183 1734
2184 1926
2185 1001
2186 1848
2187 659
2188 177
2189 1343
2190 658
2191 882
2192 1772
2193 626
2194 2165
2195 943
2196 1160
2197 1357
2198 572
2199 241
2200 1063
2201 88
2202 334
2203 1845
2204 1286
2205 508
2206 94
2207 266
2208 829
2209 1169
2210 548
2211 1933
2212 739
2213 794
2214 1146
2215 343
2216 1252
2217 660
2218 2186
2219 579
2220 217
2221 546
2222 787
2223 1118
2224 620
0 1521
1 1933
2 213
3 1186
4 228
5 991
6 990
7 1855
8 1356
9 2089
10 2206
11 339
12 938
13 688
14 1261
15 840
16 169
17 93
18 1788
19 2002
20 49
21 1859
22 524
23 1030
24 1417
25 426
26 775
27 1704
28 693
29 757
30 2079
31 44
32 1808
33 936
34 1512
35 1850
36 719
37 854
38 2168
39 1306
40 640
41 2135
42 1189
43 2003
44 696
45 1278
46 922
47 2174
48 545
49 1673
50 439
51 1086
52 696
53 1302
54 256
55 872
56 1309
57 267
58 701
59 1732
60 61
61 1705
62 70
63 1894
64 761
65 2142
66 266
67 350
68 1721
69 1513
70 967
71 1458
72 1310
73 1510
74 2204
75 2095
76 781
77 1772
78 1666
79 2182
80 717
81 295
82 569
83 110
84 1745
85 1685
86 742
87 1984
88 1772
89 2132
90 187
91 154
92 355
93 2065
94 320
95 383
96 670
97 1847
98 1764
99 1971
100 621
101 1839
102 17
103 2204
104 160
105 988
106 2203
107 1690
108 759
109 1220
110 527
111 294
112 1253
113 690
114 836
115 477
116 1314
117 1406
118 174
119 932
120 381
121 694
122 328
123 404
124 2211
125 874
126 1301
127 1027
128 1223
129 199
130 811
131 1360
132 1680
133 1266
134 569
135 943
136 1354
137 1211
138 2054
139 104
140 642
141 1320
142 1964
143 222
144 331
145 2188
146 912
147 1526
148 1957
149 534
150 958
151 2070
152 241
153 1196
154 1769
155 1382
156 357
157 328
158 1769
159 346
160 1220
161 2041
162 2146
163 832
164 50
165 25
166 1138
167 1222
168 1493
169 110
170 308
171 1366
172 2052
173 1000
174 1300
175 818
176 1007
177 213
178 1213
179 191
180 2078
181 73
182 1968
183 1037
184 1563
185 76
186 742
187 2206
188 2112
189 2134
190 1989
191 1354
192 1675
193 999
194 1947
195 1080
196 1413
197 75
198 1253
199 1143
200 1762
201 1617
202 1847
203 898
204 1139
205 2034
206 1132
207 376
208 606
209 19
210 190
211 1762
212 1251
213 1823
214 921
215 423
216 1582
217 723
218 1539
219 1864
220 268
221 301
222 835
223 1248
224 231
225 2054
226 193
227 1458
228 1586
229 946
230 1490
231 259
232 84
233 2179
234 1601
235 937
236 270
237 597
238 1637
239 1924
240 1069
241 131
242 1973
243 654
244 1490
245 1089
246 629
247 21
248 685
249 1938
250 762
251 329
252 589
253 340
254 695
255 1892
256 648
257 1918
258 1330
259 930
260 1795
261 899
262 346
263 643
264 943
265 1772
266 1858
267 1198
268 1075
269 422
270 661
271 1962
272 1677
273 1419
274 340
275 1368
276 1563
277 1769
278 630
279 1751
280 1844
281 985
282 1341
283 2085
284 1131
285 2199
286 362
287 1689
288 1171
289 626
290 798
291 1807
292 1431
293 2115
294 2161
295 1462
296 66
297 1345
298 899
299 1387
300 334
301 806
302 91
303 597
304 1182
305 784
306 2002
307 1600
308 449
309 1637
310 1119
311 821
312 957
313 1385
314 106
315 1806
316 1208
317 1353
318 1243
319 1935
320 1984
321 1936
322 791
323 517
324 293
325 1712
326 1717
327 184
328 1982
329 1849
330 683
331 937
332 467
333 143
334 966
335 1942
336 1788
337 408
338 1095
339 1714
340 2152
341 1180
342 1473
343 1429
344 1852
345 1833
346 778
347 2104
348 940
349 1199
350 1967
351 1552
352 286
353 1133
354 666
355 2113
356 1972
357 2086
358 120
359 665
360 1472
361 198
362 121
363 1046
364 1087
365 1127
366 1393
367 1704
368 269
369 1309
370 1401
371 1759
372 683
373 910
374 1530
375 1287
376 1419
377 1754
378 1587
379 1752
380 1497
381 1734
382 666
383 503
384 679
385 995
386 1949
387 484
388 1145
389 1157
390 55
391 1426
392 2224
393 2208
394 2166
395 1647
396 568
397 1969
398 285
399 1119
400 398
401 907
402 1860
403 843
404 625
405 941
406 75
407 1689
408 1097
409 713
410 1359
411 919
412 217
413 596
414 1508
415 1575
416 1426
417 835
418 53
419 140
420 1475
421 643
422 823
423 158
424 543
425 1217
426 123
427 2028
428 276
429 601
430 78
431 1728
432 740
433 1818
434 1252
435 161
436 721
437 1717
438 1877
439 1546
440 1263
441 61
442 1550
443 1094
444 1957
445 319
446 249
447 1992
448 1249
449 593
450 411
451 118
452 801
453 238
454 126
455 1851
456 702
457 852
458 1193
459 86
460 1222
461 395
462 1023
463 11
464 1343
465 1608
466 2138
467 1753
468 796
469 1118
470 1809
471 1302
472 1738
473 1111
474 1687
475 1306
476 515
477 2210
478 1982
479 461
480 1482
481 1833
482 1586
483 229
484 1192
485 794
486 1224
487 1307
488 1060
489 788
490 1720
491 1543
492 848
493 1294
494 1236
495 1576
496 172
497 76
498 937
499 1029
500 950
501 13
502 881
503 2038
504 1347
505 1887
506 1522
507 16
508 2018
509 1235
510 1448
511 603
512 826
513 832
514 1748
515 1441
516 321
517 756
518 1225
519 89
520 368
521 86
522 477
523 1572
524 372
525 1388
526 397
527 1376
528 351
529 751
530 824
531 2127
532 1513
533 2011
534 1363
535 1567
536 724
537 1193
538 287
539 1959
540 1248
541 1276
542 476
543 191
544 952
545 1683
546 952
547 327
548 241
549 2001
550 1555
551 1149
552 1054
553 687
554 705
555 548
556 423
557 1455
558 13
559 1842
560 2083
561 1796
562 908
563 1857
564 2029
565 1737
566 758
567 1832
568 8
569 1740
570 1569
571 1915
572 297
573 1841
574 1406
575 510
576 1083
577 945
578 1498
579 447
580 908
581 1019
582 2164
583 2144
584 1465
585 295
586 501
587 1285
588 1707
589 501
590 2126
591 331
592 1612
593 1101
594 804
595 367
596 1497
597 36
598 1102
599 970
600 1824
601 1898
602 1846
603 1982
604 835
605 191
606 956
607 1109
608 109
609 1618
610 2007
611 1255
612 927
613 2025
614 1133
615 1443
616 1856
617 2152
618 1797
619 743
620 1835
621 1302
622 1748
623 2111
624 2136
625 838
626 2067
627 1996
628 750
629 2097
630 2162
631 165
632 1551
633 879
634 1205
635 1459
636 895
637 1485
638 1576
639 393
640 1354
641 1939
642 744
643 538
644 1378
645 1006
646 700
647 1352
648 549
649 2048
650 1300
651 1769
652 1331
653 749
654 1195
655 1613
656 625
657 1465
658 642
659 409
660 27
661 1542
662 1432
663 686
664 715
665 1296
666 749
667 892
668 1441
669 761
670 2221
671 883
672 644
673 1549
674 471
675 475
676 827
677 974
678 1008
679 1720
680 1977
681 1290
682 453
683 1070
684 53
685 1180
686 58
687 220
688 203
689 798
690 1549
691 1410
692 679
693 1257
694 613
695 1985
696 1693
697 1635
698 1260
699 1623
700 908
701 1591
702 1854
703 671
704 1306
705 2124
706 1494
707 1528
708 2216
709 406
710 230
711 590
712 414
713 2075
714 1439
715 1349
716 2223
717 1475
718 642
719 1145
720 2118
721 503
722 1523
723 808
724 1945
725 701
726 574
727 1913
728 1823
729 1126
730 134
731 1785
732 667
733 198
734 299
735 560
736 1411
737 2025
738 491
739 1347
740 458
741 232
742 1501
743 1978
744 1395
745 2141
746 1453
747 1547
748 834
749 1823
750 742
751 68
752 321
753 1160
754 1839
755 517
756 315
757 510
758 1898
759 553
760 183
761 420
762 1739
763 1632
764 1143
765 1827
766 2149
767 1778
768 2218
769 852
770 108
771 955
772 2122
773 1055
774 642
775 856
776 1642
777 2049
778 994
779 1787
780 361
781 500
782 286
783 1968
784 1784
785 1838
786 661
787 972
788 168
789 1204
790 1380
791 105
792 502
793 1290
794 1193
795 1785
796 2136
797 414
798 20
799 176
800 285
801 576
802 2106
803 150
804 1609
805 1537
806 991
807 1694
808 1045
809 1443
810 2024
811 835
812 750
813 1335
814 1458
815 1215
816 1169
817 238
818 566
819 232
820 692
821 1324
822 1168
823 527
824 2019
825 1620
826 141
827 590
828 907
829 832
830 1691
831 2156
832 1731
833 1667
834 2104
835 1965
836 1170
837 1025
838 857
839 2123
840 2069
841 52
842 881
843 2062
844 184
845 1358
846 1606
847 692
848 1159
849 2202
850 1010
851 2028
852 188
853 1272
854 1177
855 53
856 1757
857 587
858 1879
859 205
860 929
861 1526
862 19
863 2159
864 825
865 18
866 972
867 981
868 773
869 1526
870 43
871 94
872 676
873 461
874 979
875 2188
876 1874
877 1383
878 2056
879 1216
880 1669
881 1463
882 158
883 1995
884 1045
885 1106
886 1313
887 1602
888 1374
889 43
890 1011
891 2033
892 1710
893 2092
894 1818
895 692
896 169
897 1502
898 108
899 373
900 1203
901 428
902 768
903 510
904 9
905 2038
906 1158
907 1668
908 679
909 1665
910 258
911 611
912 664
913 1016
914 1616
915 414
916 1184
917 1026
918 668
919 1879
920 1826
921 1818
922 2008
923 1118
924 937
925 1266
926 441
927 112
928 1101
929 1776
930 2035
931 108
932 610
933 1406
934 1019
935 1616
936 1141
937 1766
938 1346
939 99
940 2162
941 1424
942 1412
943 725
944 217
945 439
946 290
947 1969
948 2086
949 312
950 747
951 1344
952 2056
953 1239
954 1665
955 2076
956 1078
957 1489
958 848
959 1871
960 507
961 463
962 155
963 1434
964 936
965 1163
966 361
967 2003
968 2005
969 2079
970 142
971 461
972 545
973 1487
974 1427
975 1272
976 172
977 2061
978 970
979 35
980 1963
981 2197
982 2132
983 331
984 2046
985 1889
986 1489
987 1407
988 412
989 1951
990 360
991 899
992 53
993 1893
994 854
995 1891
996 890
997 900
998 214
999 1615
1000 1104
1001 68
1002 764
1003 693
1004 1955
1005 2048
1006 643
1007 545
1008 1689
1009 1609
1010 1435
1011 663
1012 1428
1013 1175
1014 1123
1015 1223
1016 1801
1017 244
1018 127
1019 1872
1020 1411
1021 1994
1022 1547
1023 1718
1024 1770
1025 1043
1026 481
1027 1624
1028 1535
1029 1194
1030 1717
1031 1594
1032 1662
1033 392
1034 1449
1035 763
1036 1248
1037 1212
1038 208
1039 2005
1040 2037
1041 1664
1042 869
1043 1424
1044 1257
1045 1362
1046 1954
1047 480
1048 78
1049 885
1050 272
1051 2068
1052 660
1053 36
1054 661
1055 8
1056 921
1057 1032
1058 28
1059 2045
1060 444
1061 1553
1062 2026
1063 407
1064 1600
1065 1709
1066 823
1067 630
1068 1716
1069 940
1070 543
1071 403
1072 536
1073 1713
1074 1870
1075 2099
1076 2054
1077 1656
1078 609
1079 1453
1080 2171
1081 606
1082 1258
1083 948
1084 431
1085 219
1086 1148
1087 503
1088 1836
1089 2096
1090 2075
1091 1217
1092 1387
1093 997
1094 1809
1095 2091
1096 328
1097 567
1098 651
1099 2195
1100 1306
1101 1098
1102 1853
1103 1672
1104 833
1105 1683
1106 153
1107 739
1108 942
1109 636
1110 1029
1111 2142
1112 1
1113 506
1114 696
1115 238
1116 1848
1117 1641
1118 1552
1119 945
1120 1355
1121 1125
1122 1833
1123 2031
1124 1944
1125 1545
1126 222
1127 1142
1128 1759
1129 1867
1130 827
1131 1916
1132 1718
1133 1067
1134 1956
1135 1902
1136 45
1137 1601
1138 92
1139 2063
1140 512
1141 1891
1142 1708
1143 1069
1144 636
1145 305
1146 520
1147 1841
1148 2083
1149 611
1150 908
1151 25
1152 742
1153 71
1154 794
1155 684
1156 350
1157 1200
1158 174
1159 987
1160 1454
1161 806
1162 1172
1163 2143
1164 1900
1165 1888
1166 660
1167 2011
1168 624
1169 124
1170 2193
1171 2099
1172 1319
1173 72
1174 884
1175 1687
1176 226
1177 1257
1178 548
1179 2136
1180 1831
1181 1680
1182 330
1183 2158
1184 1069
1185 1790
1186 1794
1187 640
1188 1964
1189 452
1190 2125
1191 1959
1192 1904
1193 1789
1194 1909
1195 791
1196 386
1197 273
1198 1245
1199 1237
1200 1356
1201 1407
1202 2165
1203 2000
1204 187
1205 996
1206 89
1207 1747
1208 1803
1209 1741
1210 336
1211 347
1212 1863
1213 2091
1214 1332
1215 558
1216 1491
1217 1403
1218 1391
1219 2166
1220 2084
1221 1355
1222 1609
1223 1915
1224 937
1225 192
1226 1546
1227 599
1228 1150
1229 1785
1230 1888
1231 2162
1232 1003
1233 721
1234 1287
1235 1889
1236 2101
1237 531
1238 191
1239 1393
1240 2070
1241 1301
1242 425
1243 717
1244 1406
1245 1835
1246 2155
1247 1695
1248 935
1249 2122
1250 772
1251 1368
1252 2090
1253 1060
1254 476
1255 1341
1256 2028
1257 718
1258 906
1259 1625
1260 1131
1261 1211
1262 979
1263 2129
1264 192
1265 1624
1266 208
1267 1323
1268 216
1269 140
1270 966
1271 1157
1272 1308
1273 545
1274 748
1275 2026
1276 1956
1277 593
1278 1849
1279 1401
1280 1170
1281 556
1282 23
1283 22
1284 536
1285 971
1286 795
1287 1680
1288 426
1289 2142
1290 1950
1291 1620
1292 522
1293 1457
1294 447
1295 858
1296 119
1297 1584
1298 769
1299 1326
1300 1000
1301 709
1302 1315
1303 1065
1304 855
1305 1408
1306 658
1307 1540
1308 2118
1309 627
1310 1502
1311 1774
1312 605
1313 48
1314 1545
1315 2155
1316 1002
1317 1063
1318 441
1319 704
1320 985
1321 126
1322 911
1323 1257
1324 1182
1325 1617
1326 261
1327 2196
1328 1949
1329 1838
1330 1961
1331 283
1332 654
1333 1864
1334 274
1335 1988
1336 807
1337 359
1338 266
1339 2008
1340 1200
1341 1643
1342 942
1343 1572
1344 253
1345 357
1346 1609
1347 619
1348 1023
1349 1416
1350 2057
1351 770
1352 640
1353 1081
1354 612
1355 2054
1356 982
1357 276
1358 404
1359 1735
1360 724
1361 1781
1362 672
1363 273
1364 707
1365 236
1366 472
1367 1405
1368 491
1369 159
1370 297
1371 602
1372 348
1373 29
1374 2165
1375 424
1376 1444
1377 966
1378 911
1379 1317
1380 1842
1381 258
1382 2110
1383 1580
1384 1995
1385 2155
1386 109
1387 2117
1388 583
1389 1082
1390 983
1391 612
1392 561
1393 1572
1394 434
1395 467
1396 1857
1397 600
1398 770
1399 77
1400 667
1401 2164
1402 1493
1403 717
1404 5
1405 1354
1406 1174
1407 1023
1408 2094
1409 682
1410 955
1411 1392
1412 1197
1413 1012
1414 1797
1415 1603
1416 198
1417 336
1418 656
1419 1375
1420 1639
1421 959
1422 885
1423 1293
1424 1282
1425 917
1426 1784
1427 449
1428 918
1429 832
1430 822
1431 840
1432 1746
1433 993
1434 1553
1435 794
1436 2071
1437 2090
1438 765
1439 2178
1440 1411
1441 2107
1442 1430
1443 1316
1444 517
1445 1352
1446 1485
1447 1580
1448 1351
1449 881
1450 409
1451 2019
1452 333
1453 1101
1454 2053
1455 97
1456 128
1457 1175
1458 1975
1459 834
1460 1298
1461 2213
1462 647
1463 1955
1464 2142
1465 1897
1466 1602
1467 922
1468 1044
1469 519
1470 1663
1471 31
1472 417
1473 2203
1474 456
1475 600
1476 1056
1477 180
1478 126
1479 739
1480 1630
1481 1762
1482 113
1483 1600
1484 1506
1485 1768
1486 1091
1487 106
1488 2127
1489 1042
1490 2101
1491 458
1492 799
1493 481
1494 1687
1495 589
1496 31
1497 1165
1498 975
1499 886
1500 2058
1501 437
1502 1434
1503 11
1504 888
1505 841
1506 704
1507 1197
1508 357
1509 11
1510 1431
1511 388
1512 479
1513 982
1514 1452
1515 1317
1516 964
1517 815
1518 1591
1519 1563
1520 1478
1521 1151
1522 2129
1523 850
1524 1834
1525 2079
1526 23
1527 1814
1528 902
1529 594
1530 1201
1531 347
1532 801
1533 2051
1534 184
1535 2031
1536 59
1537 869
1538 1433
1539 1015
1540 216
1541 1765
1542 121
1543 280
1544 1246
1545 2102
1546 1264
1547 1601
1548 607
1549 1710
1550 350
1551 615
1552 1128
1553 1472
1554 1247
1555 1069
1556 425
1557 1451
1558 501
1559 533
1560 2049
1561 1062
1562 1400
1563 1401
1564 1587
1565 635
1566 550
1567 1042
1568 1255
1569 696
1570 902
1571 2190
1572 1043
1573 1332
1574 419
1575 59
1576 9
1577 1742
1578 2216
1579 1185
1580 333
1581 1558
1582 1654
1583 2012
1584 530
1585 1506
1586 805
1587 659
1588 1689
1589 1569
1590 1726
1591 1624
1592 1938
1593 824
1594 237
1595 822
1596 1869
1597 1869
1598 1992
1599 450
1600 118
1601 100
1602 908
1603 2096
1604 1063
1605 1481
1606 1771
1607 1643
1608 305
1609 1310
1610 1412
1611 1972
1612 1456
1613 243
1614 241
1615 5
1616 976
1617 354
1618 573
1619 417
1620 509
1621 423
1622 1355
1623 389
1624 493
1625 2117
1626 1006
1627 125
1628 830
1629 240
1630 663
1631 2039
1632 2175
1633 1623
1634 135
1635 2040
1636 1855
1637 11
1638 1453
1639 837
1640 2221
1641 992
1642 620
1643 2141
1644 1349
1645 1409
1646 2045
1647 922
1648 2011
1649 1291
1650 1120
1651 1038
1652 196
1653 1898
1654 1688
1655 976
1656 1577
1657 1586
1658 2222
1659 1452
1660 882
1661 1603
1662 213
1663 1238
1664 542
1665 1697
1666 1520
1667 1637
1668 1613
1669 1359
1670 1306
1671 1352
1672 673
1673 119
1674 1152
1675 1764
1676 752
1677 505
1678 206
1679 1755
1680 911
1681 985
1682 1395
1683 1117
1684 1611
1685 1863
1686 699
1687 1241
1688 1337
1689 2183
1690 1550
1691 966
1692 1691
1693 1087
1694 1609
1695 1753
1696 1691
1697 182
1698 1171
1699 1365
1700 1278
1701 1155
1702 273
1703 1808
1704 1512
1705 1534
1706 1832
1707 528
1708 337
1709 164
1710 1984
1711 611
1712 683
1713 108
1714 1617
1715 2160
1716 1727
1717 1315
1718 342
1719 1642
1720 1977
1721 346
1722 1206
1723 1505
1724 1227
1725 860
1726 719
1727 2006
1728 1033
1729 828
1730 1364
1731 66
1732 1796
1733 967
1734 110
1735 1483
1736 307
1737 1628
1738 482
1739 782
1740 1303
1741 1461
1742 1737
1743 447
1744 2160
1745 407
1746 1321
1747 871
1748 1847
1749 65
1750 1344
1751 1164
1752 885
1753 398
1754 406
1755 1350
1756 1441
1757 1410
1758 46
1759 1021
1760 75
1761 1724
1762 543
1763 1684
1764 1397
1765 843
1766 467
1767 1841
1768 2039
1769 1168
1770 889
1771 2153
1772 1372
1773 515
1774 1918
1775 950
1776 1139
1777 887
1778 437
1779 2151
1780 1065
1781 1880
1782 922
1783 2055
1784 1687
1785 2012
1786 957
1787 1765
1788 494
1789 861
1790 2011
1791 1645
1792 2198
1793 1549
1794 1268
1795 1398
1796 157
1797 980
1798 368
1799 1245
1800 568
1801 1486
1802 958
1803 1587
1804 1383
1805 1684
1806 1358
1807 1295
1808 1826
1809 837
1810 683
1811 564
1812 317
1813 906
1814 775
1815 534
1816 618
1817 2138
1818 976
1819 130
1820 624
1821 1304
1822 976
1823 277
1824 1497
1825 458
1826 1548
1827 838
1828 1125
1829 437
1830 255
1831 2078
1832 216
1833 625
1834 1827
1835 533
1836 1340
1837 1781
1838 1914
1839 47
1840 446
1841 1921
1842 27
1843 2048
1844 2224
1845 1418
1846 1551
1847 1929
1848 1608
1849 611
1850 451
1851 506
1852 385
1853 1481
1854 1783
1855 527
1856 1588
1857 544
1858 1711
1859 229
1860 1436
1861 1421
1862 566
1863 464
1864 961
1865 388
1866 1068
1867 988
1868 1299
1869 318
1870 756
1871 873
1872 590
1873 1526
1874 243
1875 329
1876 2043
1877 2112
1878 48
1879 716
1880 1419
1881 183
1882 86
1883 1576
1884 789
1885 1029
1886 1
1887 327
1888 77
1889 1405
1890 2196
1891 1831
1892 1238
1893 565
1894 1738
1895 2111
1896 472
1897 1764
1898 1428
1899 683
1900 573
1901 2174
1902 468
1903 892
1904 18
1905 958
1906 1349
1907 390
1908 1051
1909 1262
1910 490
1911 413
1912 674
1913 311
1914 1366
1915 2021
1916 1338
1917 703
1918 351
1919 1503
1920 1039
1921 1718
1922 135
1923 1276
1924 568
1925 2202
1926 1831
1927 1838
1928 1180
1929 1275
1930 114
1931 2065
1932 1811
1933 77
1934 1361
1935 1186
1936 1
1937 1022
1938 2044
1939 1941
1940 1240
1941 2003
1942 1629
1943 1045
1944 59
1945 456
1946 860
1947 1197
1948 321
1949 1197
1950 1592
1951 1879
1952 1067
1953 1226
1954 1486
1955 261
1956 1075
1957 1351
1958 245
1959 1001
1960 1918
1961 1882
1962 861
1963 1089
1964 443
1965 697
1966 1773
1967 2054
1968 2182
1969 457
1970 1124
1971 133
1972 160
1973 62
1974 1024
1975 1642
1976 1923
1977 2179
1978 1120
1979 965
1980 2080
1981 1992
1982 1746
1983 1609
1984 10
1985 1617
1986 1075
1987 2110
1988 1868
1989 704
1990 204
1991 293
1992 282
1993 1067
1994 1312
1995 1398
1996 2056
1997 519
1998 1690
1999 228
2000 89
2001 1300
2002 1395
2003 257
2004 1759
2005 1600
2006 180
2007 1705
2008 1715
2009 1917
2010 690
2011 1563
2012 1731
2013 237
2014 1327
2015 864
2016 661
2017 885
2018 589
2019 1176
2020 1326
2021 2092
2022 928
2023 231
2024 1260
2025 709
2026 1257
2027 1190
2028 1078
2029 1725
2030 305
2031 515
2032 370
2033 1866
2034 1889
2035 1966
2036 359
2037 90
2038 699
2039 1627
2040 1745
2041 917
2042 1495
2043 1610
2044 1454
2045 136
2046 1714
2047 555
2048 807
2049 1230
2050 1735
2051 1367
2052 842
2053 240
2054 2055
2055 459
2056 2052
2057 392
2058 310
2059 1786
2060 1006
2061 1507
2062 2009
2063 425
2064 1412
2065 1787
2066 247
2067 492
2068 303
2069 697
2070 1918
2071 1044
2072 1166
2073 1959
2074 33
2075 1294
2076 146
2077 1691
2078 1140
2079 1046
2080 1354
2081 992
2082 146
2083 202
2084 1041
2085 428
2086 2032
2087 2052
2088 289
2089 260
2090 1535
2091 1473
2092 937
2093 1795
2094 1569
2095 273
2096 39
2097 1405
2098 146
2099 2067
2100 335
2101 1420
2102 537
2103 1404
2104 906
2105 1504
2106 365
2107 1294
2108 1559
2109 2003
2110 890
2111 574
2112 1317
2113 2171
2114 1813
2115 397
2116 1535
2117 399
2118 2222
2119 1820
2120 12
2121 72
2122 1901
2123 24
2124 58
2125 271
2126 467
2127 976
2128 1150
2129 2203
2130 370
2131 1224
2132 1309
2133 1766
2134 485
2135 1511
2136 2111
2137 741
2138 1726
2139 1515
2140 405
2141 276
2142 2204
2143 710
2144 762
2145 1202
2146 2141
2147 1762
2148 360
2149 1928
2150 1062
2151 106
2152 1401
2153 1440
2154 1827
2155 348
2156 1964
2157 1495
2158 792
2159 2158
2160 1151
2161 1305
2162 961
2163 112
2164 1905
2165 1301
2166 1143
2167 1913
2168 1007
2169 861
2170 1718
2171 1774
2172 63
2173 716
2174 1103
2175 1644
2176 862
2177 324
2178 665
2179 124
2180 521
2181 625
2182 348
2183 1037
2184 530
2185 1391
2186 65
2187 646
2188 177
2189 11
2190 816
2191 298
2192 1772
2193 626
2194 2165
2195 1458
2196 1339
2197 1730
2198 269
2199 1109
2200 106
2201 53
2202 1772
2203 1378
2204 1286
2205 508
2206 94
2207 1928
2208 976
2209 1952
2210 1462
2211 431
2212 739
2213 1389
2214 1039
2215 315
2216 216
2217 1139
2218 569
2219 579
2220 1776
2221 603
2222 115
2223 1118
2224 1646
