0 1653
1 957
2 1738
3 470
4 2113
5 192
6 1301
7 2104
8 1112
9 1639
10 449
11 752
12 65
13 1102
14 960
15 1970
16 303
17 727
18 1180
19 985
20 28
21 1589
22 810
23 619
24 1155
25 834
26 1072
27 1488
28 852
29 1815
30 1129
31 1095
32 1407
33 1258
34 2048
35 621
36 895
37 1183
38 829
39 191
40 398
41 177
42 885
43 392
44 1600
45 615
46 1572
47 1480
48 644
49 1251
50 1916
51 59
52 1448
53 209
54 1207
55 502
56 578
57 582
58 1540
59 2028
60 850
61 1044
62 1366
63 2055
64 15
65 1145
66 451
67 348
68 1254
69 1602
70 842
71 39
72 179
73 603
74 407
75 649
76 941
77 33
78 942
79 646
80 1835
81 1698
82 287
83 1728
84 2064
85 1124
86 1537
87 1453
88 164
89 2130
90 1111
91 131
92 372
93 2040
94 354
95 422
96 1057
97 900
98 862
99 203
100 2098
101 2175
102 1581
103 1424
104 665
105 1712
106 1821
107 1295
108 2161
109 1013
110 673
111 1381
112 2032
113 1328
114 869
115 1299
116 368
117 757
118 1951
119 1821
120 185
121 715
122 1156
123 818
124 2172
125 783
126 813
127 1030
128 1835
129 1260
130 606
131 96
132 429
133 1537
134 260
135 1527
136 1534
137 797
138 736
139 143
140 760
141 741
142 1099
143 2123
144 936
145 108
146 1816
147 178
148 1563
149 11
150 774
151 637
152 1329
153 1556
154 14
155 1943
156 1590
157 2142
158 2166
159 666
160 42
161 18
162 742
163 75
164 920
165 1253
166 1022
167 495
168 1003
169 1376
170 1752
171 1232
172 776
173 143
174 879
175 321
176 860
177 1236
178 1930
179 492
180 773
181 300
182 294
183 556
184 845
185 1807
186 2096
187 1327
188 129
189 81
190 529
191 1920
192 1733
193 1675
194 714
195 538
196 564
197 1208
198 380
199 2115
200 1566
201 1158
202 433
203 509
204 95
205 336
206 1150
207 409
208 1671
209 1390
210 521
211 1183
212 986
213 1393
214 1645
215 1484
216 753
217 1318
218 121
219 1375
220 2222
221 1833
222 1206
223 1066
224 2080
225 1744
226 227
227 644
228 264
229 2074
230 712
231 2054
232 1429
233 2
234 1305
235 769
236 1079
237 57
238 951
239 869
240 1792
241 1817
242 856
243 1464
244 1570
245 1178
246 1788
247 1941
248 1532
249 330
250 24
251 91
252 112
253 1381
254 1548
255 168
256 1699
257 1722
258 747
259 890
260 217
261 2034
262 1135
263 775
264 1162
265 1466
266 1639
267 1404
268 1811
269 1517
270 90
271 2045
272 4
273 861
274 445
275 1311
276 2198
277 2043
278 1465
279 1009
280 895
281 1707
282 1493
283 568
284 342
285 1663
286 175
287 295
288 1911
289 556
290 1557
291 302
292 552
293 1128
294 2099
295 1497
296 1726
297 1506
298 842
299 1162
300 9
301 534
302 1566
303 318
304 1640
305 773
306 379
307 1150
308 33
309 1450
310 494
311 1587
312 907
313 2208
314 1570
315 1609
316 70
317 1828
318 1673
319 281
320 250
321 41
322 2025
323 1403
324 1151
325 1405
326 1315
327 355
328 476
329 594
330 803
331 1587
332 1295
333 1890
334 1031
335 1656
336 990
337 724
338 1372
339 1109
340 1427
341 803
342 1528
343 1862
344 829
345 2085
346 1768
347 1704
348 403
349 953
350 1819
351 1786
352 149
353 84
354 833
355 126
356 1897
357 1853
358 862
359 862
360 863
361 1783
362 532
363 2009
364 345
365 6
366 831
367 904
368 1623
369 849
370 1079
371 114
372 1698
373 77
374 668
375 815
376 2007
377 2084
378 1851
379 373
380 1421
381 1096
382 903
383 553
384 137
385 415
386 258
387 40
388 1561
389 76
390 1449
391 1940
392 685
393 1033
394 333
395 350
396 696
397 1513
398 1964
399 852
400 278
401 724
402 1768
403 267
404 834
405 157
406 151
407 207
408 50
409 678
410 361
411 1287
412 1826
413 1410
414 1213
415 1474
416 2140
417 1625
418 1951
419 1709
420 1409
421 1331
422 1850
423 1192
424 1007
425 800
426 635
427 1046
428 419
429 755
430 1493
431 2221
432 1078
433 1313
434 1569
435 567
436 2124
437 805
438 1624
439 648
440 279
441 562
442 2213
443 1243
444 548
445 1178
446 183
447 1119
448 2124
449 1532
450 707
451 894
452 1887
453 2218
454 217
455 1688
456 1291
457 643
458 515
459 2158
460 1889
461 1377
462 1976
463 481
464 1108
465 438
466 1357
467 768
468 1500
469 1173
470 1062
471 539
472 1976
473 1695
474 213
475 533
476 1545
477 442
478 640
479 959
480 1093
481 1871
482 1744
483 553
484 329
485 1823
486 1590
487 999
488 1131
489 1397
490 1297
491 707
492 1714
493 541
494 826
495 1723
496 2019
497 1110
498 1501
499 648
500 1231
501 3
502 2003
503 120
504 1822
505 860
506 395
507 179
508 1009
509 1976
510 964
511 2106
512 1408
513 1685
514 685
515 1984
516 2104
517 417
518 1622
519 1177
520 51
521 1548
522 360
523 459
524 1671
525 1172
526 1397
527 924
528 707
529 2074
530 2024
531 1708
532 2217
533 1154
534 734
535 1381
536 1816
537 1110
538 1152
539 879
540 160
541 209
542 1418
543 1845
544 322
545 2114
546 1592
547 1735
548 1118
549 660
550 74
551 195
552 428
553 1813
554 814
555 1239
556 1390
557 1271
558 412
559 971
560 82
561 2034
562 23
563 447
564 450
565 790
566 234
567 675
568 2133
569 1234
570 1853
571 902
572 168
573 2065
574 2055
575 1471
576 645
577 1886
578 1909
579 865
580 1577
581 2017
582 803
583 1386
584 89
585 1320
586 1724
587 1456
588 1473
589 1261
590 539
591 2143
592 990
593 1803
594 273
595 519
596 1855
597 1888
598 682
599 842
600 562
601 1699
602 948
603 178
604 520
605 2183
606 371
607 229
608 2112
609 570
610 507
611 1255
612 22
613 1627
614 1448
615 242
616 511
617 1881
618 1629
619 1680
620 2118
621 1674
622 1162
623 1922
624 1
625 1325
626 844
627 1444
628 1139
629 1177
630 1781
631 630
632 1661
633 416
634 1699
635 1917
636 1894
637 1075
638 1270
639 2144
640 170
641 675
642 611
643 511
644 2017
645 522
646 1351
647 1419
648 1548
649 896
650 1364
651 1516
652 637
653 2072
654 362
655 2211
656 579
657 684
658 835
659 1545
660 1450
661 1736
662 51
663 1730
664 2032
665 698
666 1926
667 1972
668 1243
669 1166
670 93
671 1372
672 208
673 2136
674 871
675 1653
676 1721
677 1602
678 924
679 983
680 1115
681 1992
682 1367
683 395
684 572
685 1606
686 9
687 2069
688 1354
689 1167
690 925
691 1001
692 1027
693 1080
694 201
695 2003
696 2192
697 1376
698 1896
699 207
700 1657
701 965
702 1309
703 1765
704 1777
705 568
706 769
707 487
708 265
709 210
710 1373
711 1254
712 883
713 1161
714 1743
715 1353
716 672
717 213
718 715
719 734
720 1181
721 1357
722 2191
723 1444
724 1743
725 1853
726 109
727 1586
728 1815
729 1721
730 1499
731 2173
732 1497
733 20
734 1089
735 1907
736 1325
737 1333
738 1116
739 807
740 174
741 1599
742 1790
743 758
744 1402
745 67
746 1078
747 871
748 501
749 1451
750 157
751 2032
752 339
753 2173
754 659
755 862
756 2173
757 988
758 2017
759 1632
760 1024
761 642
762 1074
763 1088
764 508
765 355
766 634
767 472
768 167
769 559
770 501
771 2065
772 846
773 622
774 898
775 1717
776 624
777 123
778 1607
779 1479
780 848
781 1249
782 1399
783 1854
784 367
785 1165
786 87
787 125
788 1994
789 1142
790 860
791 540
792 1803
793 2170
794 1109
795 155
796 170
797 585
798 1209
799 1615
800 1969
801 1222
802 1502
803 1245
804 1213
805 1863
806 1901
807 464
808 368
809 1710
810 1357
811 158
812 945
813 1578
814 1290
815 1721
816 1600
817 1818
818 1940
819 859
820 768
821 1931
822 1179
823 2016
824 1849
825 99
826 2166
827 2159
828 430
829 883
830 1489
831 1557
832 657
833 230
834 723
835 1394
836 1844
837 345
838 1622
839 355
840 581
841 550
842 1215
843 1278
844 1599
845 1278
846 182
847 1996
848 2071
849 183
850 1732
851 1651
852 1559
853 1564
854 799
855 402
856 1586
857 2020
858 39
859 2117
860 1098
861 610
862 1368
863 419
864 371
865 1016
866 2129
867 1109
868 1539
869 810
870 2019
871 767
872 1424
873 1803
874 1721
875 669
876 1684
877 2091
878 132
879 1821
880 1904
881 305
882 1579
883 2022
884 1810
885 609
886 1230
887 83
888 457
889 357
890 1602
891 1425
892 1346
893 2100
894 1712
895 1669
896 1310
897 1910
898 1719
899 828
900 1212
901 403
902 319
903 2042
904 2193
905 1046
906 428
907 1692
908 2170
909 851
910 1570
911 196
912 1779
913 547
914 1940
915 1417
916 1993
917 1990
918 2112
919 479
920 1763
921 1628
922 2115
923 686
924 1120
925 410
926 1122
927 1348
928 1300
929 652
930 165
931 336
932 1598
933 354
934 421
935 354
936 820
937 288
938 1686
939 520
940 1148
941 796
942 199
943 599
944 642
945 1287
946 937
947 1163
948 561
949 1880
950 566
951 352
952 684
953 1483
954 1713
955 191
956 1888
957 2149
958 1
959 666
960 1098
961 1309
962 41
963 431
964 1492
965 77
966 2190
967 1280
968 1376
969 879
970 86
971 834
972 1413
973 426
974 148
975 474
976 2204
977 591
978 1373
979 1048
980 2207
981 1226
982 1410
983 2020
984 2188
985 1031
986 1161
987 1583
988 558
989 483
990 1123
991 616
992 741
993 702
994 1514
995 1367
996 161
997 1946
998 160
999 159
1000 414
1001 1564
1002 582
1003 1449
1004 1723
1005 1135
1006 514
1007 1898
1008 576
1009 2001
1010 914
1011 1795
1012 754
1013 1525
1014 1152
1015 1550
1016 2104
1017 477
1018 941
1019 2154
1020 133
1021 356
1022 2161
1023 1749
1024 1190
1025 702
1026 967
1027 756
1028 763
1029 146
1030 233
1031 1443
1032 1743
1033 2177
1034 761
1035 963
1036 1552
1037 1389
1038 1056
1039 677
1040 303
1041 1745
1042 64
1043 1388
1044 244
1045 94
1046 40
1047 1368
1048 907
1049 694
1050 650
1051 2039
1052 2127
1053 1646
1054 1748
1055 1601
1056 1487
1057 373
1058 718
1059 1523
1060 498
1061 791
1062 1053
1063 621
1064 1213
1065 621
1066 63
1067 30
1068 282
1069 714
1070 2008
1071 580
1072 491
1073 1919
1074 41
1075 131
1076 335
1077 1245
1078 1588
1079 626
1080 2133
1081 1059
1082 1282
1083 326
1084 967
1085 1003
1086 1740
1087 177
1088 823
1089 1407
1090 167
1091 878
1092 693
1093 173
1094 1662
1095 224
1096 326
1097 1406
1098 979
1099 2072
1100 816
1101 1696
1102 1561
1103 1997
1104 686
1105 1246
1106 1132
1107 1957
1108 2147
1109 1043
1110 161
1111 2209
1112 364
1113 373
1114 794
1115 442
1116 762
1117 182
1118 1781
1119 1702
1120 1900
1121 1147
1122 228
1123 1281
1124 345
1125 1817
1126 56
1127 370
1128 913
1129 274
1130 522
1131 1116
1132 1156
1133 1482
1134 1783
1135 1542
1136 808
1137 733
1138 1489
1139 2054
1140 211
1141 1602
1142 329
1143 2
1144 779
1145 773
1146 809
1147 1791
1148 1649
1149 181
1150 373
1151 851
1152 1950
1153 1769
1154 795
1155 527
1156 2210
1157 623
1158 138
1159 2055
1160 514
1161 1074
1162 1491
1163 931
1164 939
1165 1772
1166 888
1167 1241
1168 1102
1169 424
1170 975
1171 1240
1172 713
1173 1524
1174 1247
1175 1259
1176 1189
1177 1863
1178 496
1179 27
1180 2154
1181 901
1182 1715
1183 70
1184 1163
1185 1534
1186 571
1187 61
1188 1512
1189 1707
1190 1647
1191 1636
1192 1050
1193 329
1194 219
1195 1609
1196 1213
1197 1003
1198 1547
1199 1298
1200 596
1201 925
1202 1669
1203 1052
1204 784
1205 235
1206 852
1207 2095
1208 635
1209 1667
1210 883
1211 1592
1212 1025
1213 379
1214 523
1215 1601
1216 2095
1217 695
1218 815
1219 1705
1220 795
1221 1528
1222 150
1223 1703
1224 1061
1225 1907
1226 631
1227 1717
1228 1436
1229 2203
1230 1819
1231 1339
1232 548
1233 10
1234 617
1235 1441
1236 2207
1237 2125
1238 261
1239 757
1240 1438
1241 1098
1242 1211
1243 1242
1244 414
1245 248
1246 106
1247 1388
1248 952
1249 1801
1250 1354
1251 1748
1252 1995
1253 1785
1254 382
1255 2042
1256 1203
1257 238
1258 1615
1259 1583
1260 885
1261 1159
1262 502
1263 1040
1264 907
1265 277
1266 2165
1267 426
1268 610
1269 611
1270 1282
1271 1009
1272 4
1273 60
1274 123
1275 1991
1276 392
1277 1340
1278 526
1279 186
1280 674
1281 986
1282 2075
1283 243
1284 209
1285 975
1286 2062
1287 1663
1288 1572
1289 574
1290 1089
1291 167
1292 1550
1293 2129
1294 1367
1295 2182
1296 1995
1297 2214
1298 236
1299 1606
1300 1281
1301 2184
1302 257
1303 1059
1304 549
1305 952
1306 2132
1307 2171
1308 235
1309 145
1310 2085
1311 557
1312 1332
1313 690
1314 780
1315 195
1316 1630
1317 2024
1318 788
1319 519
1320 2058
1321 243
1322 1271
1323 1555
1324 1163
1325 501
1326 1391
1327 1994
1328 1156
1329 2090
1330 635
1331 543
1332 411
1333 2150
1334 1535
1335 856
1336 881
1337 1207
1338 2115
1339 512
1340 1821
1341 14
1342 1730
1343 1145
1344 93
1345 1271
1346 617
1347 1954
1348 1221
1349 815
1350 363
1351 1353
1352 1123
1353 1170
1354 1286
1355 1838
1356 2030
1357 2125
1358 839
1359 1539
1360 2009
1361 689
1362 1419
1363 1271
1364 1036
1365 2161
1366 805
1367 409
1368 557
1369 1299
1370 122
1371 65
1372 437
1373 2102
1374 2151
1375 1911
1376 2049
1377 1951
1378 222
1379 352
1380 1247
1381 1204
1382 186
1383 1231
1384 1480
1385 2120
1386 1421
1387 788
1388 634
1389 1062
1390 623
1391 1480
1392 1373
1393 880
1394 104
1395 896
1396 122
1397 1689
1398 769
1399 1905
1400 179
1401 77
1402 1350
1403 93
1404 1268
1405 195
1406 735
1407 1250
1408 406
1409 582
1410 1163
1411 370
1412 705
1413 988
1414 1639
1415 67
1416 691
1417 1129
1418 184
1419 1178
1420 1786
1421 1333
1422 1226
1423 116
1424 1887
1425 1507
1426 138
1427 2195
1428 1929
1429 1182
1430 1063
1431 1209
1432 945
1433 1735
1434 235
1435 1832
1436 1031
1437 1098
1438 585
1439 2172
1440 1487
1441 595
1442 562
1443 2212
1444 2048
1445 810
1446 779
1447 182
1448 372
1449 1111
1450 2146
1451 2130
1452 17
1453 1459
1454 1185
1455 53
1456 806
1457 1626
1458 1648
1459 215
1460 482
1461 1739
1462 1753
1463 833
1464 1729
1465 2062
1466 1749
1467 293
1468 1419
1469 1284
1470 34
1471 463
1472 907
1473 652
1474 1315
1475 2125
1476 2097
1477 271
1478 1652
1479 887
1480 1328
1481 1019
1482 1267
1483 407
1484 497
1485 1044
1486 2222
1487 317
1488 281
1489 2199
1490 2082
1491 531
1492 797
1493 1657
1494 1986
1495 292
1496 1385
1497 1356
1498 689
1499 2022
1500 1032
1501 1747
1502 859
1503 1522
1504 1609
1505 335
1506 678
1507 1743
1508 2086
1509 163
1510 1299
1511 1611
1512 1767
1513 1157
1514 1136
1515 1462
1516 129
1517 232
1518 485
1519 354
1520 340
1521 1853
1522 634
1523 2148
1524 470
1525 914
1526 1887
1527 390
1528 562
1529 1269
1530 1458
1531 464
1532 831
1533 338
1534 694
1535 224
1536 1323
1537 524
1538 181
1539 2102
1540 1498
1541 2158
1542 898
1543 489
1544 2079
1545 152
1546 2222
1547 1293
1548 103
1549 2011
1550 1545
1551 284
1552 1548
1553 545
1554 1910
1555 2186
1556 1789
1557 1802
1558 1882
1559 258
1560 1849
1561 173
1562 1112
1563 1838
1564 354
1565 813
1566 341
1567 522
1568 1668
1569 1045
1570 1093
1571 92
1572 1091
1573 622
1574 2163
1575 1124
1576 323
1577 1665
1578 410
1579 878
1580 1496
1581 2143
1582 202
1583 140
1584 2022
1585 557
1586 659
1587 1501
1588 2087
1589 1423
1590 243
1591 81
1592 596
1593 547
1594 1595
1595 1295
1596 1721
1597 1881
1598 595
1599 343
1600 1486
1601 1029
1602 443
1603 1772
1604 1905
1605 1014
1606 1095
1607 1668
1608 1275
1609 1026
1610 1679
1611 1348
1612 1840
1613 1998
1614 281
1615 1786
1616 864
1617 2158
1618 1702
1619 449
1620 2074
1621 746
1622 620
1623 873
1624 403
1625 1253
1626 1519
1627 1619
1628 1619
1629 317
1630 523
1631 853
1632 1040
1633 75
1634 376
1635 1794
1636 242
1637 1853
1638 1243
1639 1754
1640 381
1641 432
1642 1184
1643 244
1644 282
1645 2088
1646 1341
1647 1419
1648 246
1649 163
1650 1865
1651 1162
1652 1046
1653 2103
1654 555
1655 13
1656 424
1657 1017
1658 1861
1659 331
1660 1462
1661 1935
1662 284
1663 995
1664 1004
1665 1898
1666 1161
1667 1709
1668 1150
1669 224
1670 2106
1671 113
1672 1543
1673 1764
1674 1350
1675 873
1676 1285
1677 123
1678 263
1679 672
1680 840
1681 1193
1682 88
1683 484
1684 1564
1685 46
1686 1305
1687 781
1688 401
1689 793
1690 742
1691 810
1692 1651
1693 43
1694 1409
1695 408
1696 1734
1697 1858
1698 1831
1699 119
1700 422
1701 1694
1702 410
1703 308
1704 277
1705 1391
1706 1175
1707 1060
1708 344
1709 1028
1710 1682
1711 1206
1712 1578
1713 294
1714 1874
1715 914
1716 1021
1717 1491
1718 595
1719 1123
1720 702
1721 1121
1722 1827
1723 243
1724 83
1725 1229
1726 494
1727 1440
1728 2161
1729 709
1730 2193
1731 2180
1732 38
1733 1645
1734 926
1735 1620
1736 940
1737 281
1738 597
1739 1174
1740 494
1741 771
1742 814
1743 726
1744 403
1745 1276
1746 1014
1747 1372
1748 658
1749 393
1750 875
1751 1510
1752 65
1753 1141
1754 605
1755 37
1756 1861
1757 2038
1758 1861
1759 384
1760 1834
1761 1787
1762 2073
1763 2118
1764 1212
1765 362
1766 1546
1767 999
1768 163
1769 2002
1770 1012
1771 1925
1772 2105
1773 235
1774 1006
1775 2193
1776 1094
1777 1869
1778 302
1779 881
1780 2131
1781 1247
1782 1184
1783 1036
1784 504
1785 2094
1786 792
1787 695
1788 331
1789 652
1790 1400
1791 1501
1792 624
1793 990
1794 256
1795 21
1796 1841
1797 682
1798 153
1799 1875
1800 525
1801 2201
1802 707
1803 174
1804 1447
1805 1886
1806 592
1807 1374
1808 2142
1809 1269
1810 1965
1811 176
1812 112
1813 1930
1814 784
1815 941
1816 1044
1817 2067
1818 2221
1819 746
1820 1918
1821 142
1822 1767
1823 1808
1824 1007
1825 1163
1826 1327
1827 1268
1828 38
1829 1512
1830 700
1831 816
1832 980
1833 1411
1834 953
1835 2155
1836 1960
1837 846
1838 2105
1839 267
1840 1451
1841 966
1842 1545
1843 562
1844 1579
1845 2205
1846 1751
1847 1186
1848 439
1849 1365
1850 1775
1851 1482
1852 1360
1853 731
1854 1585
1855 1916
1856 141
1857 1266
1858 110
1859 1826
1860 1837
1861 1657
1862 2082
1863 367
1864 773
1865 1070
1866 783
1867 475
1868 975
1869 1116
1870 1671
1871 1281
1872 420
1873 1276
1874 1451
1875 61
1876 1510
1877 1001
1878 2052
1879 275
1880 1989
1881 445
1882 2142
1883 960
1884 863
1885 1357
1886 96
1887 764
1888 866
1889 1815
1890 414
1891 1274
1892 1303
1893 1755
1894 63
1895 947
1896 1622
1897 1898
1898 850
1899 336
1900 552
1901 1615
1902 1500
1903 1542
1904 294
1905 309
1906 2085
1907 48
1908 960
1909 962
1910 1747
1911 1937
1912 1053
1913 281
1914 2199
1915 551
1916 1542
1917 1866
1918 833
1919 1430
1920 868
1921 477
1922 2201
1923 1630
1924 148
1925 1293
1926 1192
1927 248
1928 1751
1929 1238
1930 373
1931 1854
1932 859
1933 820
1934 69
1935 1142
1936 1966
1937 515
1938 926
1939 543
1940 1147
1941 1990
1942 1746
1943 1997
1944 1118
1945 47
1946 1424
1947 1132
1948 1739
1949 930
1950 972
1951 729
1952 720
1953 1423
1954 1146
1955 2104
1956 1805
1957 1424
1958 1311
1959 411
1960 2007
1961 179
1962 423
1963 2067
1964 464
1965 170
1966 874
1967 978
1968 1026
1969 1429
1970 1389
1971 364
1972 471
1973 891
1974 2177
1975 1061
1976 1571
1977 1513
1978 309
1979 763
1980 1411
1981 1801
1982 1788
1983 832
1984 447
1985 1584
1986 580
1987 135
1988 273
1989 1552
1990 1546
1991 1419
1992 1788
1993 2013
1994 1485
1995 1347
1996 57
1997 143
1998 954
1999 725
2000 326
2001 1286
2002 904
2003 421
2004 1952
2005 76
2006 2206
2007 608
2008 581
2009 738
2010 1347
2011 1864
2012 2208
2013 121
2014 2031
2015 36
2016 1109
2017 1397
2018 393
2019 1780
2020 723
2021 73
2022 2074
2023 1764
2024 365
2025 1702
2026 179
2027 868
2028 39
2029 906
2030 1701
2031 1671
2032 1651
2033 1784
2034 1690
2035 571
2036 956
2037 194
2038 1423
2039 1618
2040 1541
2041 746
2042 1904
2043 1699
2044 1530
2045 509
2046 90
2047 1909
2048 1937
2049 1960
2050 2183
2051 2022
2052 141
2053 170
2054 108
2055 2141
2056 1298
2057 1171
2058 2101
2059 1159
2060 2100
2061 560
2062 1300
2063 761
2064 43
2065 2008
2066 1521
2067 1988
2068 275
2069 915
2070 914
2071 1692
2072 1806
2073 850
2074 1222
2075 1385
2076 1817
2077 1350
2078 1427
2079 657
2080 1533
2081 2011
2082 1679
2083 1859
2084 541
2085 328
2086 1069
2087 1424
2088 1833
2089 735
2090 658
2091 1723
2092 823
2093 1808
2094 1768
2095 258
2096 1017
2097 1745
2098 182
2099 2127
2100 1135
2101 1988
2102 900
2103 410
2104 271
2105 1116
2106 1818
2107 2055
2108 830
2109 1007
2110 693
2111 2099
2112 1019
2113 893
2114 1699
2115 1547
2116 645
2117 1953
2118 1644
2119 863
2120 1597
2121 2087
2122 1191
2123 1884
2124 453
2125 278
2126 170
2127 119
2128 112
2129 631
2130 975
2131 537
2132 731
2133 1201
2134 520
2135 2189
2136 562
2137 566
2138 310
2139 483
2140 1439
2141 1917
2142 882
2143 2128
2144 1300
2145 1631
2146 85
2147 1886
2148 1073
2149 1711
2150 1925
2151 1048
2152 1057
2153 1574
2154 1745
2155 1035
2156 1377
2157 201
2158 2102
2159 719
2160 792
2161 1987
2162 477
2163 785
2164 640
2165 41
2166 876
2167 1210
2168 1377
2169 1880
2170 1225
2171 531
2172 2152
2173 1708
2174 35
2175 1288
2176 220
2177 208
2178 1675
2179 188
2180 1096
2181 1131
2182 1628
2183 251
2184 1718
2185 1881
2186 2006
2187 711
2188 2082
2189 1513
2190 1344
2191 179
2192 1373
2193 2162
2194 368
2195 1306
2196 1097
2197 873
2198 613
2199 648
2200 1581
2201 1481
2202 1174
2203 401
2204 1002
2205 1029
2206 2210
2207 304
2208 409
2209 38
2210 2217
2211 1619
2212 1840
2213 1335
2214 1118
2215 1261
2216 737
2217 1030
2218 948
2219 1011
2220 8
2221 125
2222 2084
2223 1311
2224 1999
0 1653
1 957
2 2060
3 1909
4 1061
5 192
6 1301
7 2104
8 1112
9 359
10 1883
11 752
12 868
13 1102
14 143
15 1970
16 2170
17 1463
18 1180
19 985
20 1258
21 1589
22 1735
23 873
24 1628
25 1287
26 1818
27 1488
28 852
29 1361
30 57
31 2168
32 1874
33 932
34 2048
35 621
36 129
37 179
38 1923
39 1078
40 398
41 712
42 831
43 2132
44 187
45 1787
46 1572
47 1480
48 300
49 141
50 1916
51 2122
52 1850
53 429
54 1445
55 1753
56 709
57 1521
58 1540
59 2028
60 716
61 1044
62 1366
63 2055
64 636
65 21
66 451
67 348
68 961
69 1456
70 842
71 39
72 179
73 563
74 407
75 649
76 1927
77 1026
78 744
79 646
80 1835
81 843
82 287
83 643
84 2064
85 1124
86 390
87 1453
88 1102
89 2130
90 571
91 131
92 387
93 2040
94 354
95 422
96 1711
97 378
98 862
99 1291
100 156
101 930
102 1581
103 1424
104 665
105 1712
106 2032
107 195
108 2161
109 1013
110 171
111 526
112 1710
113 1216
114 1254
115 1299
116 1685
117 1731
118 633
119 245
120 1684
121 715
122 596
123 2208
124 2172
125 1846
126 2046
127 706
128 1835
129 1260
130 353
131 2067
132 743
133 1537
134 709
135 971
136 1534
137 1329
138 1890
139 38
140 760
141 37
142 1099
143 1859
144 1019
145 108
146 700
147 178
148 1464
149 2005
150 774
151 637
152 1449
153 696
154 253
155 1015
156 1590
157 1798
158 2123
159 486
160 42
161 475
162 742
163 615
164 2096
165 1526
166 683
167 1467
168 1003
169 1376
170 85
171 454
172 776
173 1580
174 977
175 321
176 860
177 1236
178 639
179 695
180 773
181 2220
182 294
183 556
184 845
185 1807
186 2096
187 1437
188 2055
189 818
190 529
191 1920
192 1642
193 2051
194 714
195 1994
196 822
197 1208
198 380
199 2136
200 1566
201 1309
202 1793
203 1154
204 71
205 336
206 1236
207 797
208 320
209 1390
210 521
211 1183
212 1161
213 1393
214 1082
215 1484
216 534
217 1318
218 1474
219 1876
220 2099
221 1833
222 1514
223 87
224 925
225 1744
226 227
227 1067
228 264
229 1975
230 1962
231 1424
232 1256
233 634
234 1079
235 769
236 1079
237 152
238 355
239 1131
240 1792
241 254
242 1200
243 1464
244 1784
245 918
246 1788
247 1941
248 573
249 735
250 1717
251 91
252 112
253 835
254 419
255 168
256 452
257 1375
258 864
259 1892
260 1776
261 1111
262 1135
263 499
264 1560
265 662
266 667
267 1404
268 1811
269 1517
270 1432
271 1942
272 495
273 21
274 445
275 1311
276 1925
277 1617
278 1465
279 1009
280 895
281 627
282 1493
283 640
284 342
285 226
286 175
287 2184
288 1254
289 556
290 1557
291 66
292 552
293 1128
294 1392
295 1503
296 630
297 1506
298 842
299 1231
300 9
301 534
302 1566
303 2053
304 902
305 265
306 379
307 334
308 849
309 861
310 1204
311 1476
312 907
313 246
314 1833
315 1609
316 330
317 678
318 1673
319 962
320 2022
321 112
322 2025
323 1403
324 1151
325 1186
326 893
327 76
328 476
329 594
330 499
331 1587
332 1032
333 1890
334 1442
335 1656
336 209
337 724
338 1372
339 1109
340 683
341 803
342 808
343 396
344 829
345 1500
346 1768
347 1508
348 403
349 1805
350 101
351 1786
352 149
353 378
354 833
355 126
356 261
357 642
358 1507
359 862
360 322
361 487
362 1333
363 2009
364 345
365 2170
366 1836
367 1595
368 1623
369 1472
370 1079
371 931
372 1698
373 77
374 916
375 761
376 2007
377 2084
378 1851
379 2010
380 1881
381 997
382 903
383 553
384 1522
385 415
386 771
387 40
388 1561
389 70
390 1449
391 1940
392 685
393 1033
394 1155
395 1778
396 1380
397 385
398 1964
399 739
400 647
401 724
402 1768
403 1480
404 1580
405 1328
406 225
407 406
408 50
409 678
410 1987
411 1035
412 1826
413 1410
414 666
415 1122
416 444
417 650
418 1951
419 1709
420 1409
421 1151
422 1850
423 565
424 1841
425 1363
426 159
427 1592
428 192
429 755
430 609
431 650
432 1078
433 782
434 1569
435 1474
436 2124
437 805
438 79
439 1512
440 350
441 562
442 1213
443 2217
444 2069
445 1178
446 183
447 893
448 2124
449 899
450 1927
451 693
452 2028
453 2218
454 217
455 393
456 1291
457 1229
458 515
459 1848
460 614
461 1751
462 1976
463 481
464 1108
465 438
466 1357
467 1916
468 2072
469 1173
470 2022
471 1532
472 1741
473 1695
474 1332
475 2133
476 1545
477 442
478 1305
479 2034
480 1002
481 1871
482 640
483 436
484 1050
485 2034
486 1236
487 999
488 241
489 211
490 892
491 707
492 1714
493 506
494 826
495 1723
496 321
497 248
498 1501
499 648
500 1398
501 1176
502 1175
503 403
504 1822
505 414
506 395
507 941
508 192
509 967
510 964
511 2106
512 531
513 1685
514 969
515 1984
516 609
517 1885
518 1744
519 852
520 2011
521 2134
522 832
523 247
524 569
525 774
526 217
527 924
528 707
529 45
530 2024
531 1708
532 845
533 2155
534 734
535 64
536 1816
537 1606
538 1905
539 879
540 160
541 53
542 1418
543 1482
544 322
545 647
546 1592
547 1735
548 672
549 1143
550 74
551 195
552 428
553 1776
554 548
555 1239
556 135
557 1271
558 2157
559 971
560 1542
561 2034
562 23
563 549
564 450
565 790
566 2128
567 1964
568 1878
569 653
570 1853
571 902
572 1911
573 169
574 1868
575 993
576 1105
577 745
578 1909
579 865
580 2077
581 358
582 1368
583 946
584 966
585 1795
586 1036
587 1795
588 1942
589 2038
590 539
591 964
592 1332
593 1951
594 1412
595 2067
596 1855
597 1554
598 682
599 842
600 1994
601 1
602 992
603 1630
604 360
605 649
606 235
607 1600
608 1561
609 2194
610 507
611 2073
612 1286
613 1627
614 1360
615 1355
616 676
617 1908
618 1937
619 1230
620 1890
621 1090
622 279
623 559
624 416
625 1325
626 844
627 61
628 985
629 1177
630 1060
631 535
632 201
633 416
634 598
635 860
636 1894
637 1941
638 2221
639 2144
640 170
641 763
642 863
643 511
644 2017
645 1433
646 477
647 83
648 1548
649 896
650 2097
651 138
652 489
653 124
654 362
655 216
656 579
657 684
658 288
659 249
660 1750
661 296
662 325
663 734
664 803
665 698
666 1148
667 975
668 291
669 2027
670 93
671 1372
672 2186
673 2136
674 2187
675 1653
676 113
677 54
678 924
679 598
680 887
681 1992
682 1056
683 2106
684 1795
685 1606
686 189
687 2069
688 1354
689 1167
690 1405
691 1001
692 1027
693 1080
694 201
695 2003
696 1389
697 441
698 2059
699 207
700 1275
701 965
702 1220
703 1765
704 1743
705 568
706 297
707 487
708 265
709 105
710 266
711 2024
712 883
713 287
714 1743
715 984
716 672
717 8
718 2206
719 734
720 392
721 1357
722 1782
723 2209
724 1743
725 1889
726 139
727 1586
728 1815
729 1039
730 1938
731 2173
732 1497
733 20
734 951
735 1414
736 895
737 1333
738 494
739 807
740 486
741 1124
742 1670
743 758
744 1402
745 67
746 1945
747 871
748 1497
749 1451
750 157
751 1726
752 339
753 1414
754 659
755 190
756 2173
757 141
758 2017
759 1632
760 1024
761 1425
762 569
763 1088
764 1171
765 50
766 1826
767 472
768 49
769 1173
770 501
771 685
772 130
773 34
774 898
775 1717
776 624
777 123
778 1607
779 1479
780 573
781 1242
782 1399
783 1272
784 367
785 137
786 87
787 125
788 573
789 1142
790 1701
791 2102
792 1643
793 2170
794 2104
795 155
796 693
797 101
798 926
799 798
800 1390
801 903
802 2152
803 31
804 1213
805 1863
806 1495
807 1619
808 1562
809 1413
810 1745
811 1263
812 945
813 1578
814 1290
815 1769
816 1600
817 1818
818 749
819 859
820 768
821 1931
822 1179
823 135
824 555
825 1389
826 1580
827 1069
828 286
829 1325
830 2052
831 1595
832 657
833 230
834 1256
835 504
836 22
837 1
838 1622
839 1465
840 581
841 550
842 1215
843 11
844 441
845 1278
846 182
847 1996
848 4
849 183
850 1708
851 1468
852 829
853 1564
854 341
855 2120
856 128
857 2020
858 524
859 1305
860 1098
861 707
862 1368
863 419
864 371
865 178
866 462
867 1109
868 862
869 1512
870 1754
871 1702
872 1010
873 1803
874 450
875 344
876 1075
877 667
878 110
879 1821
880 428
881 889
882 442
883 2011
884 1002
885 400
886 1230
887 83
888 1667
889 357
890 1439
891 539
892 1346
893 1943
894 288
895 1669
896 1477
897 1910
898 947
899 828
900 1212
901 2084
902 319
903 2042
904 850
905 2023
906 1303
907 1692
908 2170
909 674
910 609
911 196
912 1779
913 295
914 1940
915 1417
916 1993
917 449
918 1174
919 146
920 920
921 1366
922 880
923 686
924 1624
925 410
926 83
927 2036
928 1582
929 2182
930 165
931 1119
932 1598
933 185
934 421
935 354
936 827
937 2009
938 1686
939 1001
940 1119
941 771
942 199
943 599
944 642
945 1794
946 867
947 1622
948 927
949 1033
950 566
951 352
952 684
953 625
954 1200
955 191
956 1888
957 946
958 1
959 1630
960 2157
961 1309
962 848
963 431
964 1492
965 1754
966 136
967 1280
968 1376
969 879
970 86
971 64
972 257
973 519
974 148
975 474
976 2210
977 1862
978 1244
979 1820
980 1252
981 1994
982 1410
983 521
984 2188
985 1031
986 164
987 110
988 558
989 1173
990 513
991 616
992 854
993 2186
994 1328
995 1367
996 161
997 1597
998 160
999 453
1000 1980
1001 1524
1002 2015
1003 870
1004 1723
1005 1849
1006 359
1007 1898
1008 1918
1009 51
1010 687
1011 1762
1012 754
1013 1294
1014 1152
1015 1469
1016 2104
1017 1412
1018 1137
1019 2154
1020 1895
1021 2120
1022 427
1023 514
1024 395
1025 1923
1026 189
1027 756
1028 1755
1029 146
1030 362
1031 307
1032 1743
1033 646
1034 2190
1035 344
1036 1552
1037 832
1038 1056
1039 677
1040 577
1041 1745
1042 967
1043 1006
1044 244
1045 94
1046 1690
1047 1366
1048 1001
1049 694
1050 1255
1051 367
1052 2127
1053 1646
1054 1269
1055 1601
1056 699
1057 856
1058 94
1059 1590
1060 1522
1061 809
1062 1053
1063 621
1064 395
1065 476
1066 63
1067 853
1068 178
1069 873
1070 1001
1071 13
1072 1627
1073 1521
1074 433
1075 1432
1076 335
1077 482
1078 1588
1079 609
1080 527
1081 1056
1082 1282
1083 326
1084 1869
1085 1798
1086 1923
1087 177
1088 752
1089 1407
1090 1048
1091 1338
1092 1865
1093 1927
1094 1662
1095 548
1096 1495
1097 1406
1098 980
1099 2072
1100 1843
1101 1960
1102 2137
1103 1997
1104 441
1105 1385
1106 1393
1107 1957
1108 780
1109 1043
1110 161
1111 1110
1112 364
1113 373
1114 830
1115 442
1116 1199
1117 900
1118 746
1119 1702
1120 1900
1121 1777
1122 228
1123 1281
1124 2094
1125 1817
1126 1876
1127 13
1128 913
1129 1342
1130 1953
1131 727
1132 1156
1133 69
1134 1014
1135 1555
1136 723
1137 583
1138 180
1139 929
1140 2212
1141 1602
1142 40
1143 2
1144 779
1145 773
1146 809
1147 703
1148 1649
1149 1464
1150 2176
1151 550
1152 515
1153 1769
1154 1954
1155 1468
1156 1988
1157 749
1158 138
1159 2055
1160 900
1161 253
1162 1491
1163 1234
1164 939
1165 1772
1166 560
1167 2065
1168 1102
1169 582
1170 1627
1171 220
1172 792
1173 1524
1174 1145
1175 1087
1176 2195
1177 2207
1178 180
1179 1491
1180 2048
1181 461
1182 1715
1183 70
1184 2006
1185 1754
1186 571
1187 61
1188 405
1189 381
1190 1261
1191 132
1192 1050
1193 740
1194 219
1195 1609
1196 1738
1197 1068
1198 1547
1199 1241
1200 596
1201 206
1202 732
1203 1464
1204 1388
1205 151
1206 123
1207 2095
1208 635
1209 1667
1210 883
1211 1592
1212 1196
1213 331
1214 1822
1215 1601
1216 1215
1217 153
1218 815
1219 250
1220 795
1221 1818
1222 150
1223 396
1224 356
1225 2132
1226 1937
1227 1450
1228 1436
1229 2203
1230 1819
1231 1765
1232 548
1233 10
1234 2053
1235 1441
1236 43
1237 1205
1238 261
1239 661
1240 797
1241 345
1242 386
1243 566
1244 335
1245 271
1246 1583
1247 1388
1248 952
1249 1473
1250 1354
1251 565
1252 655
1253 560
1254 767
1255 1015
1256 1203
1257 1309
1258 1615
1259 1583
1260 1130
1261 2124
1262 502
1263 2144
1264 1233
1265 277
1266 511
1267 426
1268 610
1269 1202
1270 772
1271 323
1272 2072
1273 827
1274 1987
1275 1991
1276 1850
1277 242
1278 526
1279 1235
1280 844
1281 986
1282 1309
1283 243
1284 213
1285 975
1286 33
1287 2105
1288 1572
1289 968
1290 668
1291 167
1292 891
1293 1911
1294 848
1295 1418
1296 1995
1297 757
1298 236
1299 1893
1300 2210
1301 571
1302 257
1303 1059
1304 549
1305 952
1306 1446
1307 1912
1308 888
1309 1847
1310 1301
1311 1560
1312 250
1313 690
1314 529
1315 195
1316 1592
1317 1533
1318 1313
1319 2122
1320 856
1321 243
1322 1793
1323 262
1324 225
1325 501
1326 468
1327 1773
1328 805
1329 2090
1330 1439
1331 846
1332 411
1333 2150
1334 1535
1335 856
1336 881
1337 37
1338 670
1339 512
1340 952
1341 2080
1342 679
1343 2094
1344 93
1345 2165
1346 615
1347 1954
1348 1221
1349 38
1350 1144
1351 1353
1352 1123
1353 1170
1354 744
1355 2166
1356 2030
1357 917
1358 839
1359 611
1360 600
1361 689
1362 1123
1363 488
1364 1036
1365 2161
1366 2030
1367 409
1368 557
1369 1299
1370 1446
1371 513
1372 1821
1373 538
1374 766
1375 1274
1376 1275
1377 1121
1378 222
1379 352
1380 1802
1381 1453
1382 1367
1383 1231
1384 437
1385 269
1386 1981
1387 788
1388 1103
1389 1062
1390 623
1391 304
1392 1373
1393 2156
1394 574
1395 896
1396 122
1397 1792
1398 769
1399 253
1400 686
1401 1057
1402 1913
1403 93
1404 2056
1405 1318
1406 735
1407 1900
1408 406
1409 2064
1410 499
1411 2081
1412 705
1413 208
1414 2148
1415 1099
1416 587
1417 1129
1418 342
1419 1078
1420 1786
1421 1333
1422 1226
1423 745
1424 202
1425 348
1426 828
1427 1102
1428 1929
1429 1035
1430 1311
1431 1627
1432 1704
1433 355
1434 330
1435 1832
1436 1619
1437 1098
1438 585
1439 562
1440 119
1441 595
1442 562
1443 1445
1444 2048
1445 712
1446 1757
1447 182
1448 1032
1449 974
1450 471
1451 975
1452 1271
1453 645
1454 2197
1455 1105
1456 806
1457 931
1458 693
1459 215
1460 229
1461 857
1462 428
1463 1290
1464 1266
1465 1184
1466 1749
1467 729
1468 1419
1469 1874
1470 34
1471 767
1472 1548
1473 1035
1474 1315
1475 353
1476 2097
1477 1767
1478 1652
1479 863
1480 1328
1481 289
1482 1267
1483 450
1484 497
1485 1058
1486 1408
1487 350
1488 1415
1489 1082
1490 2082
1491 1620
1492 1086
1493 1657
1494 1986
1495 318
1496 963
1497 1597
1498 689
1499 2022
1500 1032
1501 1747
1502 156
1503 27
1504 1609
1505 2184
1506 678
1507 430
1508 749
1509 163
1510 1299
1511 1840
1512 1140
1513 394
1514 823
1515 1462
1516 129
1517 232
1518 1675
1519 354
1520 1730
1521 1853
1522 1755
1523 2148
1524 758
1525 406
1526 1887
1527 390
1528 2205
1529 1285
1530 2102
1531 464
1532 831
1533 1557
1534 1648
1535 203
1536 2040
1537 409
1538 181
1539 2102
1540 1498
1541 2158
1542 1363
1543 1215
1544 2079
1545 1551
1546 2222
1547 2207
1548 103
1549 2011
1550 1545
1551 1754
1552 177
1553 1135
1554 678
1555 1859
1556 729
1557 403
1558 1027
1559 688
1560 40
1561 1846
1562 1376
1563 1838
1564 354
1565 813
1566 341
1567 2187
1568 561
1569 1757
1570 1093
1571 1778
1572 782
1573 1059
1574 184
1575 1124
1576 323
1577 1665
1578 920
1579 372
1580 1496
1581 2143
1582 202
1583 140
1584 1363
1585 1445
1586 659
1587 1501
1588 1074
1589 645
1590 1555
1591 1200
1592 324
1593 1239
1594 1902
1595 1295
1596 1257
1597 1481
1598 85
1599 1008
1600 593
1601 1740
1602 242
1603 1772
1604 1416
1605 1014
1606 634
1607 1097
1608 141
1609 460
1610 1679
1611 1348
1612 1840
1613 1998
1614 1214
1615 1786
1616 542
1617 2158
1618 1702
1619 1489
1620 2074
1621 948
1622 620
1623 2153
1624 1538
1625 1905
1626 1519
1627 717
1628 1619
1629 1020
1630 523
1631 853
1632 1040
1633 290
1634 300
1635 1991
1636 1333
1637 1853
1638 261
1639 1581
1640 1855
1641 1798
1642 1336
1643 244
1644 200
1645 2088
1646 1341
1647 790
1648 2067
1649 1851
1650 1865
1651 1162
1652 1016
1653 1587
1654 555
1655 13
1656 424
1657 1017
1658 1861
1659 331
1660 1462
1661 1515
1662 284
1663 995
1664 1036
1665 139
1666 1161
1667 1709
1668 1507
1669 1817
1670 2106
1671 2050
1672 1543
1673 133
1674 1350
1675 1716
1676 763
1677 123
1678 263
1679 522
1680 625
1681 1193
1682 557
1683 484
1684 1564
1685 395
1686 1305
1687 488
1688 401
1689 1525
1690 322
1691 810
1692 1078
1693 889
1694 332
1695 1136
1696 1734
1697 814
1698 1199
1699 119
1700 422
1701 1694
1702 1928
1703 308
1704 1257
1705 1391
1706 1879
1707 464
1708 778
1709 587
1710 1682
1711 1206
1712 1578
1713 1055
1714 1755
1715 2193
1716 1750
1717 1491
1718 940
1719 727
1720 600
1721 1121
1722 1827
1723 243
1724 83
1725 1229
1726 92
1727 1440
1728 2161
1729 709
1730 2193
1731 2180
1732 340
1733 1645
1734 926
1735 1157
1736 1266
1737 449
1738 329
1739 1994
1740 1639
1741 771
1742 1958
1743 484
1744 2111
1745 1276
1746 1014
1747 1372
1748 658
1749 393
1750 875
1751 434
1752 65
1753 1141
1754 605
1755 37
1756 1861
1757 1525
1758 842
1759 1138
1760 1834
1761 1787
1762 360
1763 1567
1764 1172
1765 1374
1766 1360
1767 940
1768 363
1769 2002
1770 1012
1771 1925
1772 1456
1773 1852
1774 907
1775 2193
1776 393
1777 1869
1778 1680
1779 945
1780 681
1781 1247
1782 1184
1783 1809
1784 1902
1785 2094
1786 1090
1787 695
1788 245
1789 652
1790 1133
1791 1836
1792 624
1793 990
1794 1099
1795 21
1796 1841
1797 682
1798 933
1799 1934
1800 19
1801 2201
1802 826
1803 777
1804 362
1805 1886
1806 775
1807 1374
1808 1823
1809 1269
1810 352
1811 1024
1812 69
1813 676
1814 211
1815 941
1816 630
1817 2067
1818 2221
1819 746
1820 1058
1821 37
1822 1767
1823 965
1824 1007
1825 1163
1826 1432
1827 1268
1828 523
1829 1512
1830 98
1831 816
1832 894
1833 1800
1834 953
1835 2155
1836 1406
1837 846
1838 394
1839 1720
1840 1605
1841 2095
1842 2064
1843 562
1844 1579
1845 1074
1846 1678
1847 1738
1848 650
1849 123
1850 931
1851 1736
1852 1355
1853 1086
1854 1585
1855 1916
1856 141
1857 1266
1858 1338
1859 1826
1860 1837
1861 1657
1862 228
1863 367
1864 773
1865 1070
1866 1064
1867 75
1868 1153
1869 233
1870 1671
1871 1281
1872 420
1873 1276
1874 1451
1875 109
1876 670
1877 1597
1878 2052
1879 915
1880 691
1881 1805
1882 2142
1883 960
1884 863
1885 888
1886 96
1887 764
1888 866
1889 238
1890 53
1891 1590
1892 1246
1893 1755
1894 614
1895 193
1896 1956
1897 62
1898 15
1899 1842
1900 552
1901 1267
1902 1500
1903 755
1904 294
1905 2054
1906 1359
1907 48
1908 960
1909 1557
1910 220
1911 489
1912 1053
1913 1734
1914 2199
1915 606
1916 1542
1917 1866
1918 833
1919 229
1920 868
1921 477
1922 1233
1923 1241
1924 1741
1925 29
1926 1192
1927 872
1928 2177
1929 1238
1930 1890
1931 1027
1932 859
1933 820
1934 1897
1935 1829
1936 1321
1937 690
1938 258
1939 1055
1940 1147
1941 1231
1942 1008
1943 1702
1944 1118
1945 47
1946 1353
1947 1122
1948 61
1949 506
1950 972
1951 729
1952 1707
1953 1532
1954 1259
1955 2104
1956 746
1957 888
1958 1311
1959 411
1960 2007
1961 179
1962 423
1963 2067
1964 1043
1965 1198
1966 52
1967 978
1968 2115
1969 1140
1970 522
1971 364
1972 471
1973 891
1974 1918
1975 1061
1976 1165
1977 302
1978 1656
1979 584
1980 1411
1981 455
1982 821
1983 832
1984 2201
1985 1629
1986 1356
1987 135
1988 273
1989 1839
1990 589
1991 1312
1992 1788
1993 2013
1994 1485
1995 1347
1996 57
1997 143
1998 954
1999 1707
2000 557
2001 1537
2002 958
2003 421
2004 1221
2005 76
2006 2206
2007 1820
2008 1156
2009 738
2010 1895
2011 573
2012 1654
2013 899
2014 960
2015 650
2016 1929
2017 1397
2018 1450
2019 904
2020 476
2021 73
2022 2048
2023 1764
2024 365
2025 214
2026 179
2027 868
2028 39
2029 906
2030 1701
2031 1452
2032 1907
2033 328
2034 10
2035 948
2036 1079
2037 1085
2038 1423
2039 1618
2040 1947
2041 746
2042 91
2043 1508
2044 1509
2045 1184
2046 1499
2047 998
2048 1937
2049 1960
2050 95
2051 2022
2052 1548
2053 634
2054 1461
2055 2141
2056 1298
2057 1171
2058 1809
2059 1621
2060 842
2061 560
2062 2025
2063 730
2064 1275
2065 2008
2066 885
2067 606
2068 1789
2069 915
2070 193
2071 67
2072 804
2073 1978
2074 70
2075 1385
2076 1817
2077 1037
2078 1466
2079 717
2080 1146
2081 2011
2082 1679
2083 1859
2084 1743
2085 1722
2086 1069
2087 1424
2088 2150
2089 1115
2090 658
2091 18
2092 124
2093 2035
2094 901
2095 1270
2096 295
2097 1745
2098 1787
2099 1593
2100 1741
2101 209
2102 94
2103 48
2104 1150
2105 742
2106 1818
2107 2055
2108 1114
2109 1146
2110 2082
2111 2160
2112 1937
2113 195
2114 430
2115 1547
2116 2075
2117 166
2118 1108
2119 1724
2120 2035
2121 2087
2122 1191
2123 26
2124 2077
2125 1490
2126 1591
2127 119
2128 112
2129 631
2130 910
2131 537
2132 1864
2133 1201
2134 467
2135 2189
2136 562
2137 1444
2138 310
2139 483
2140 1930
2141 1099
2142 882
2143 1897
2144 286
2145 330
2146 1792
2147 1886
2148 1121
2149 1711
2150 1925
2151 1107
2152 1057
2153 1249
2154 1174
2155 2135
2156 1377
2157 993
2158 2102
2159 719
2160 643
2161 1987
2162 477
2163 1962
2164 1146
2165 1052
2166 1451
2167 1378
2168 197
2169 920
2170 1691
2171 113
2172 1922
2173 1708
2174 1488
2175 1288
2176 405
2177 208
2178 291
2179 117
2180 1096
2181 1131
2182 1602
2183 1922
2184 1718
2185 1881
2186 2006
2187 711
2188 79
2189 599
2190 1001
2191 2071
2192 1373
2193 2162
2194 368
2195 1306
2196 1097
2197 109
2198 1956
2199 690
2200 1283
2201 2170
2202 1139
2203 401
2204 1002
2205 22
2206 65
2207 1185
2208 1910
2209 38
2210 508
2211 1619
2212 1840
2213 965
2214 1118
2215 1598
2216 2014
2217 1934
2218 324
2219 1011
2220 1479
2221 761
2222 2084
2223 1853
2224 1999
