0 966
1 2071
2 997
3 939
4 1707
5 2216
6 106
7 457
8 1735
9 1551
10 1869
11 757
12 1888
13 1307
14 1014
15 1848
16 2133
17 439
18 421
19 1215
20 942
21 256
22 326
23 300
24 1241
25 970
26 1915
27 1095
28 4
29 2224
30 1445
31 317
32 767
33 1552
34 548
35 275
36 1815
37 2013
38 1666
39 1450
40 1678
41 355
42 36
43 1510
44 395
45 854
46 1079
47 463
48 774
49 175
50 360
51 994
52 484
53 912
54 705
55 1784
56 893
57 2197
58 1371
59 2159
60 2192
61 1812
62 651
63 755
64 1085
65 201
66 115
67 433
68 875
69 274
70 1022
71 1294
72 1814
73 506
74 780
75 2155
76 2027
77 707
78 405
79 591
80 300
81 997
82 929
83 1486
84 1760
85 1054
86 115
87 268
88 218
89 825
90 1795
91 1540
92 1279
93 400
94 224
95 600
96 1726
97 1474
98 2224
99 2111
100 114
101 1790
102 1594
103 1418
104 106
105 725
106 23
107 1155
108 1214
109 97
110 1426
111 1940
112 124
113 1591
114 549
115 1898
116 576
117 1970
118 1881
119 1637
120 1981
121 1819
122 59
123 727
124 1747
125 990
126 379
127 1847
128 2102
129 1347
130 974
131 1282
132 1622
133 595
134 2034
135 642
136 689
137 288
138 1734
139 589
140 1875
141 1101
142 1973
143 784
144 1483
145 1187
146 637
147 396
148 920
149 1310
150 1888
151 491
152 953
153 1091
154 1600
155 1543
156 993
157 1406
158 1648
159 1494
160 1371
161 2222
162 1104
163 2164
164 134
165 1121
166 182
167 1667
168 1948
169 613
170 609
171 1709
172 1571
173 508
174 2039
175 1172
176 2091
177 1128
178 2210
179 214
180 260
181 2179
182 927
183 61
184 1811
185 735
186 1876
187 2208
188 223
189 1504
190 1699
191 448
192 561
193 1883
194 1856
195 1582
196 2027
197 1300
198 2019
199 1110
200 1199
201 1442
202 763
203 221
204 1312
205 454
206 469
207 1701
208 1943
209 128
210 1359
211 1602
212 327
213 2199
214 1549
215 1193
216 843
217 511
218 26
219 1568
220 1939
221 508
222 1786
223 1532
224 2020
225 1880
226 1684
227 1989
228 820
229 1925
230 944
231 395
232 1964
233 949
234 249
235 229
236 1186
237 1418
238 1557
239 224
240 1669
241 1114
242 1737
243 465
244 1251
245 1365
246 1790
247 643
248 1195
249 162
250 1114
251 749
252 1826
253 1687
254 1656
255 1858
256 1519
257 1149
258 1084
259 833
260 667
261 1334
262 360
263 980
264 1671
265 1727
266 1858
267 1298
268 1644
269 1505
270 1973
271 273
272 478
273 290
274 649
275 162
276 1995
277 69
278 119
279 996
280 1486
281 668
282 2076
283 1737
284 2122
285 711
286 2029
287 1620
288 1033
289 577
290 1283
291 1502
292 130
293 642
294 569
295 695
296 994
297 20
298 1669
299 1528
300 1417
301 1529
302 1807
303 392
304 835
305 504
306 1315
307 1859
308 1969
309 362
310 2150
311 428
312 1467
313 985
314 2068
315 674
316 1736
317 571
318 1775
319 1148
320 1383
321 620
322 2049
323 36
324 236
325 1230
326 402
327 1273
328 265
329 1017
330 1346
331 1686
332 700
333 1342
334 508
335 1536
336 1958
337 1260
338 357
339 1370
340 1982
341 1663
342 362
343 1994
344 561
345 535
346 667
347 456
348 1433
349 2183
350 2136
351 940
352 726
353 1299
354 856
355 2198
356 746
357 2016
358 201
359 99
360 281
361 1340
362 1644
363 1381
364 1568
365 381
366 399
367 2117
368 453
369 511
370 357
371 1002
372 770
373 1141
374 2109
375 789
376 827
377 915
378 1917
379 1580
380 1058
381 1626
382 181
383 1423
384 528
385 768
386 513
387 1509
388 255
389 631
390 804
391 477
392 559
393 1523
394 1358
395 1024
396 483
397 1755
398 927
399 2045
400 695
401 1407
402 773
403 1236
404 855
405 318
406 675
407 1043
408 629
409 1804
410 2084
411 960
412 1422
413 1454
414 1943
415 2025
416 1688
417 1299
418 2211
419 788
420 654
421 169
422 1667
423 1317
424 2125
425 1091
426 1125
427 816
428 66
429 1741
430 1372
431 1225
432 1245
433 130
434 2142
435 1488
436 1802
437 2149
438 195
439 1273
440 424
441 1778
442 1977
443 955
444 1573
445 2086
446 369
447 457
448 575
449 1407
450 1358
451 5
452 2057
453 574
454 1217
455 855
456 139
457 2090
458 343
459 145
460 560
461 1965
462 1401
463 1194
464 1523
465 1354
466 1060
467 1287
468 2033
469 1385
470 837
471 1064
472 578
473 665
474 428
475 921
476 304
477 173
478 743
479 1998
480 146
481 924
482 993
483 1498
484 1607
485 1305
486 1616
487 1423
488 1166
489 655
490 745
491 1572
492 1822
493 46
494 637
495 1520
496 157
497 128
498 2035
499 1227
500 1889
501 1169
502 916
503 87
504 671
505 1857
506 1575
507 1480
508 533
509 2069
510 2123
511 2015
512 1379
513 1946
514 146
515 2210
516 1787
517 1807
518 1245
519 1365
520 725
521 955
522 424
523 888
524 1783
525 993
526 1615
527 518
528 1469
529 1818
530 1874
531 1223
532 1213
533 126
534 1333
535 1661
536 633
537 1177
538 170
539 352
540 602
541 676
542 261
543 1589
544 2202
545 372
546 1633
547 9
548 1297
549 277
550 813
551 998
552 177
553 1860
554 1766
555 1505
556 363
557 474
558 1566
559 1184
560 265
561 1925
562 355
563 344
564 687
565 2129
566 153
567 2173
568 1026
569 574
570 836
571 1921
572 1545
573 1149
574 744
575 194
576 397
577 1260
578 1736
579 1229
580 1060
581 1482
582 940
583 683
584 2031
585 1902
586 1892
587 1049
588 2114
589 1125
590 226
591 987
592 1750
593 1072
594 893
595 1211
596 46
597 2130
598 2150
599 268
600 2065
601 1834
602 137
603 734
604 971
605 307
606 1854
607 1878
608 2192
609 1528
610 1680
611 1541
612 249
613 486
614 859
615 1081
616 902
617 715
618 1740
619 1598
620 417
621 247
622 2152
623 1428
624 1914
625 1608
626 336
627 56
628 2220
629 198
630 1174
631 2113
632 1423
633 661
634 964
635 230
636 2098
637 924
638 796
639 749
640 861
641 174
642 2106
643 1774
644 1217
645 816
646 1077
647 445
648 908
649 1111
650 1133
651 1405
652 2076
653 1783
654 635
655 1676
656 1865
657 792
658 1353
659 1139
660 1392
661 867
662 1234
663 1839
664 796
665 2032
666 154
667 2022
668 1536
669 281
670 2000
671 487
672 466
673 675
674 736
675 1732
676 1946
677 1262
678 1459
679 1653
680 638
681 765
682 1377
683 226
684 1376
685 505
686 1498
687 1681
688 28
689 1376
690 1174
691 155
692 1283
693 1652
694 1967
695 1970
696 1790
697 340
698 28
699 1152
700 1726
701 1712
702 1263
703 1418
704 2041
705 1860
706 1194
707 1983
708 1133
709 1597
710 946
711 167
712 1166
713 1268
714 1455
715 416
716 1695
717 1093
718 710
719 1349
720 1854
721 62
722 239
723 1544
724 1886
725 2006
726 1964
727 1771
728 819
729 202
730 2047
731 893
732 2149
733 1201
734 2019
735 1115
736 68
737 2120
738 1329
739 1568
740 1598
741 38
742 347
743 456
744 2006
745 1238
746 507
747 2206
748 1963
749 1381
750 384
751 1425
752 27
753 2106
754 2133
755 1080
756 1917
757 1089
758 646
759 280
760 1460
761 1223
762 1259
763 86
764 235
765 931
766 266
767 121
768 1808
769 1535
770 1621
771 2182
772 780
773 1062
774 1661
775 1435
776 425
777 281
778 1285
779 1752
780 189
781 183
782 1046
783 1663
784 1580
785 978
786 1791
787 1603
788 2212
789 1647
790 942
791 1977
792 1903
793 1850
794 745
795 1356
796 1439
797 293
798 906
799 1258
800 1207
801 1782
802 1245
803 1293
804 621
805 1561
806 825
807 183
808 737
809 1574
810 134
811 1876
812 1404
813 728
814 551
815 524
816 1747
817 11
818 2108
819 1332
820 764
821 1180
822 1265
823 1332
824 752
825 1164
826 1819
827 403
828 2067
829 1502
830 194
831 254
832 1119
833 2025
834 1971
835 707
836 392
837 40
838 179
839 486
840 1088
841 866
842 1025
843 619
844 578
845 1870
846 1348
847 1604
848 965
849 119
850 486
851 2011
852 802
853 499
854 763
855 556
856 1520
857 1645
858 317
859 1655
860 1396
861 1468
862 840
863 1773
864 1419
865 1774
866 2092
867 957
868 1655
869 2015
870 1220
871 500
872 1258
873 1502
874 1867
875 459
876 1562
877 1726
878 1779
879 1544
880 697
881 705
882 62
883 62
884 384
885 658
886 1372
887 800
888 1195
889 1799
890 530
891 584
892 1476
893 521
894 806
895 1285
896 1918
897 1259
898 1171
899 502
900 1179
901 1465
902 286
903 743
904 2137
905 1383
906 1126
907 735
908 1428
909 1245
910 1081
911 1234
912 1097
913 659
914 2150
915 1330
916 1119
917 847
918 1782
919 921
920 1632
921 1767
922 261
923 1649
924 68
925 1158
926 854
927 1540
928 1943
929 733
930 1350
931 1742
932 611
933 1533
934 1084
935 1182
936 2202
937 1916
938 426
939 1713
940 407
941 1373
942 298
943 1662
944 818
945 1569
946 666
947 789
948 355
949 2039
950 2061
951 1420
952 1890
953 178
954 735
955 1020
956 1686
957 962
958 1096
959 821
960 76
961 578
962 552
963 2009
964 762
965 806
966 2179
967 231
968 1175
969 432
970 1782
971 1121
972 652
973 1098
974 1826
975 18
976 1984
977 584
978 1326
979 1306
980 114
981 45
982 2170
983 430
984 2150
985 1531
986 1032
987 1834
988 1814
989 2015
990 1978
991 43
992 1626
993 700
994 387
995 1067
996 853
997 1988
998 1973
999 1365
1000 447
1001 525
1002 1865
1003 1663
1004 2142
1005 2067
1006 2158
1007 118
1008 580
1009 1126
1010 1093
1011 779
1012 174
1013 1194
1014 706
1015 845
1016 1779
1017 478
1018 1077
1019 1410
1020 207
1021 1910
1022 1625
1023 1954
1024 1939
1025 342
1026 628
1027 219
1028 461
1029 1377
1030 1392
1031 161
1032 263
1033 196
1034 622
1035 908
1036 352
1037 1825
1038 2051
1039 1345
1040 725
1041 232
1042 1983
1043 836
1044 56
1045 1667
1046 1793
1047 608
1048 590
1049 1702
1050 1356
1051 1338
1052 635
1053 1813
1054 912
1055 1317
1056 1168
1057 1694
1058 803
1059 1202
1060 1270
1061 498
1062 1463
1063 2154
1064 37
1065 334
1066 667
1067 610
1068 1608
1069 1254
1070 98
1071 594
1072 557
1073 257
1074 2126
1075 1908
1076 455
1077 594
1078 2002
1079 1691
1080 765
1081 1164
1082 1960
1083 344
1084 1920
1085 510
1086 979
1087 1932
1088 895
1089 686
1090 226
1091 1382
1092 1288
1093 1239
1094 1079
1095 361
1096 359
1097 558
1098 1858
1099 28
1100 1689
1101 1211
1102 2030
1103 2014
1104 598
1105 371
1106 1027
1107 1344
1108 884
1109 1682
1110 707
1111 296
1112 986
1113 97
1114 328
1115 719
1116 386
1117 1410
1118 1762
1119 1077
1120 864
1121 1930
1122 1324
1123 1378
1124 1480
1125 910
1126 1305
1127 252
1128 4
1129 104
1130 787
1131 1641
1132 1786
1133 416
1134 373
1135 1057
1136 520
1137 1544
1138 573
1139 575
1140 1222
1141 34
1142 392
1143 927
1144 297
1145 1165
1146 845
1147 358
1148 1738
1149 872
1150 1696
1151 757
1152 1952
1153 1402
1154 1484
1155 149
1156 1709
1157 875
1158 1327
1159 1857
1160 1626
1161 499
1162 213
1163 1739
1164 1043
1165 1960
1166 1520
1167 1374
1168 1161
1169 660
1170 85
1171 1475
1172 354
1173 307
1174 276
1175 1623
1176 697
1177 1937
1178 1636
1179 948
1180 2052
1181 849
1182 1709
1183 1858
1184 657
1185 66
1186 1317
1187 1313
1188 1841
1189 947
1190 1078
1191 920
1192 793
1193 800
1194 1452
1195 1399
1196 621
1197 96
1198 1545
1199 1395
1200 2002
1201 255
1202 464
1203 157
1204 721
1205 1997
1206 804
1207 1983
1208 662
1209 1364
1210 362
1211 728
1212 1593
1213 1057
1214 1791
1215 1882
1216 573
1217 758
1218 674
1219 2093
1220 2148
1221 788
1222 397
1223 1081
1224 1533
1225 1314
1226 2028
1227 342
1228 1193
1229 948
1230 1999
1231 726
1232 1642
1233 1260
1234 1445
1235 1276
1236 445
1237 742
1238 2174
1239 1278
1240 353
1241 1423
1242 1649
1243 1950
1244 567
1245 1860
1246 1741
1247 664
1248 382
1249 150
1250 1066
1251 610
1252 1223
1253 367
1254 1924
1255 914
1256 313
1257 1178
1258 1266
1259 325
1260 2106
1261 1933
1262 1656
1263 951
1264 347
1265 833
1266 122
1267 153
1268 703
1269 2114
1270 1307
1271 786
1272 1699
1273 2125
1274 1892
1275 75
1276 390
1277 947
1278 978
1279 2019
1280 1809
1281 352
1282 1474
1283 1404
1284 1747
1285 100
1286 1971
1287 1911
1288 2154
1289 996
1290 1324
1291 2003
1292 1123
1293 1124
1294 2081
1295 1020
1296 237
1297 111
1298 355
1299 424
1300 1642
1301 1852
1302 905
1303 2086
1304 1879
1305 738
1306 1778
1307 2197
1308 1477
1309 1479
1310 1402
1311 2072
1312 1132
1313 2110
1314 1309
1315 1899
1316 1404
1317 2104
1318 1812
1319 1787
1320 1606
1321 436
1322 1228
1323 2122
1324 797
1325 355
1326 231
1327 1830
1328 1380
1329 518
1330 1519
1331 301
1332 475
1333 2158
1334 713
1335 675
1336 127
1337 962
1338 1676
1339 237
1340 14
1341 1330
1342 107
1343 80
1344 1062
1345 7
1346 475
1347 819
1348 1379
1349 149
1350 867
1351 2163
1352 838
1353 183
1354 1368
1355 846
1356 234
1357 776
1358 1418
1359 1850
1360 1848
1361 1479
1362 124
1363 2136
1364 500
1365 2175
1366 1582
1367 303
1368 1611
1369 1161
1370 1060
1371 1322
1372 1598
1373 791
1374 1723
1375 1290
1376 899
1377 212
1378 711
1379 969
1380 1222
1381 1336
1382 674
1383 270
1384 1544
1385 92
1386 366
1387 1962
1388 1867
1389 1675
1390 606
1391 1097
1392 1071
1393 1278
1394 552
1395 2164
1396 1246
1397 1523
1398 1861
1399 254
1400 1657
1401 9
1402 1936
1403 1627
1404 1152
1405 578
1406 1170
1407 1132
1408 298
1409 839
1410 2177
1411 1230
1412 1470
1413 1070
1414 2052
1415 55
1416 2025
1417 473
1418 154
1419 854
1420 178
1421 370
1422 1371
1423 1946
1424 1404
1425 1026
1426 20
1427 802
1428 1152
1429 1568
1430 706
1431 1639
1432 610
1433 80
1434 2151
1435 1535
1436 1386
1437 1888
1438 1503
1439 1233
1440 2059
1441 395
1442 1640
1443 644
1444 218
1445 1523
1446 577
1447 1982
1448 2094
1449 931
1450 1907
1451 2076
1452 848
1453 991
1454 1026
1455 2212
1456 261
1457 554
1458 1727
1459 613
1460 1615
1461 116
1462 1757
1463 435
1464 2085
1465 1683
1466 1356
1467 234
1468 659
1469 1792
1470 839
1471 756
1472 1782
1473 1055
1474 441
1475 1699
1476 247
1477 1338
1478 1480
1479 2154
1480 880
1481 87
1482 1828
1483 1941
1484 1140
1485 462
1486 592
1487 2174
1488 2087
1489 842
1490 552
1491 1389
1492 1701
1493 651
1494 138
1495 713
1496 2161
1497 2051
1498 1650
1499 2191
1500 2079
1501 1999
1502 2050
1503 224
1504 472
1505 1958
1506 1717
1507 353
1508 1530
1509 2077
1510 810
1511 2088
1512 837
1513 665
1514 243
1515 53
1516 383
1517 1242
1518 1094
1519 442
1520 147
1521 39
1522 1423
1523 2198
1524 542
1525 1914
1526 1183
1527 958
1528 158
1529 2194
1530 495
1531 1228
1532 1926
1533 1470
1534 84
1535 1836
1536 188
1537 1266
1538 593
1539 1377
1540 1936
1541 1889
1542 2143
1543 157
1544 1358
1545 2043
1546 1654
1547 463
1548 1488
1549 971
1550 1697
1551 2015
1552 256
1553 1754
1554 212
1555 1062
1556 1621
1557 565
1558 713
1559 766
1560 155
1561 1379
1562 1007
1563 583
1564 1562
1565 1817
1566 707
1567 1359
1568 1540
1569 1419
1570 797
1571 1988
1572 744
1573 989
1574 1216
1575 2073
1576 997
1577 1537
1578 1858
1579 150
1580 1664
1581 608
1582 474
1583 1077
1584 1985
1585 693
1586 832
1587 1552
1588 662
1589 2095
1590 1349
1591 59
1592 387
1593 1713
1594 1014
1595 1391
1596 1376
1597 1227
1598 1760
1599 1793
1600 933
1601 1260
1602 989
1603 2059
1604 119
1605 485
1606 1154
1607 1050
1608 440
1609 1516
1610 1325
1611 817
1612 550
1613 1963
1614 1864
1615 1461
1616 1720
1617 639
1618 99
1619 614
1620 353
1621 684
1622 1955
1623 378
1624 2081
1625 421
1626 891
1627 965
1628 990
1629 2104
1630 615
1631 672
1632 1530
1633 212
1634 1952
1635 1242
1636 370
1637 1371
1638 1120
1639 235
1640 94
1641 783
1642 2024
1643 1170
1644 200
1645 1291
1646 1097
1647 616
1648 1327
1649 191
1650 676
1651 2000
1652 1852
1653 971
1654 1639
1655 1635
1656 495
1657 1662
1658 764
1659 1372
1660 594
1661 551
1662 2057
1663 1716
1664 1362
1665 1400
1666 1413
1667 386
1668 2078
1669 1231
1670 67
1671 383
1672 378
1673 913
1674 1447
1675 1107
1676 714
1677 17
1678 1400
1679 1126
1680 640
1681 851
1682 39
1683 604
1684 332
1685 973
1686 854
1687 1287
1688 1415
1689 54
1690 211
1691 1137
1692 706
1693 1569
1694 1105
1695 662
1696 1938
1697 363
1698 553
1699 1258
1700 1407
1701 894
1702 847
1703 830
1704 1265
1705 2028
1706 693
1707 2220
1708 1898
1709 105
1710 668
1711 1090
1712 1881
1713 1699
1714 1755
1715 2146
1716 1491
1717 1460
1718 494
1719 1087
1720 1514
1721 1096
1722 2106
1723 477
1724 1253
1725 1337
1726 826
1727 1180
1728 1739
1729 718
1730 675
1731 1693
1732 744
1733 240
1734 372
1735 1188
1736 530
1737 81
1738 243
1739 792
1740 345
1741 603
1742 1250
1743 1290
1744 676
1745 34
1746 1628
1747 78
1748 1747
1749 1690
1750 1835
1751 1187
1752 241
1753 2016
1754 1832
1755 1610
1756 481
1757 1117
1758 284
1759 1823
1760 143
1761 1739
1762 1714
1763 261
1764 929
1765 1755
1766 954
1767 472
1768 48
1769 501
1770 621
1771 226
1772 1039
1773 1807
1774 1750
1775 1330
1776 63
1777 1334
1778 2163
1779 431
1780 69
1781 1380
1782 706
1783 1956
1784 549
1785 1725
1786 222
1787 2165
1788 2074
1789 2191
1790 1915
1791 195
1792 1065
1793 1917
1794 1503
1795 1527
1796 1283
1797 746
1798 1404
1799 444
1800 1159
1801 89
1802 37
1803 1365
1804 133
1805 589
1806 1801
1807 1389
1808 99
1809 1546
1810 503
1811 1818
1812 332
1813 1101
1814 548
1815 1646
1816 1560
1817 629
1818 1565
1819 2035
1820 2088
1821 1057
1822 1033
1823 1375
1824 996
1825 416
1826 287
1827 1815
1828 1761
1829 239
1830 1871
1831 830
1832 728
1833 2154
1834 1164
1835 1186
1836 344
1837 1528
1838 636
1839 802
1840 1363
1841 1950
1842 2022
1843 88
1844 487
1845 683
1846 100
1847 1209
1848 276
1849 2066
1850 411
1851 977
1852 1076
1853 617
1854 1942
1855 76
1856 1042
1857 1843
1858 466
1859 1903
1860 1748
1861 907
1862 1799
1863 525
1864 1128
1865 1564
1866 872
1867 784
1868 1755
1869 1132
1870 2051
1871 1568
1872 1529
1873 2133
1874 725
1875 1065
1876 1093
1877 147
1878 269
1879 564
1880 1698
1881 2095
1882 1142
1883 2033
1884 104
1885 169
1886 1691
1887 667
1888 641
1889 1947
1890 2128
1891 430
1892 1832
1893 740
1894 312
1895 1492
1896 1555
1897 1557
1898 1134
1899 283
1900 275
1901 543
1902 724
1903 1807
1904 805
1905 386
1906 1838
1907 1565
1908 277
1909 2053
1910 1129
1911 1477
1912 1820
1913 269
1914 6
1915 41
1916 2070
1917 993
1918 488
1919 1134
1920 910
1921 893
1922 463
1923 1122
1924 1883
1925 1319
1926 48
1927 109
1928 1753
1929 922
1930 2091
1931 1065
1932 1578
1933 1036
1934 1006
1935 1182
1936 1277
1937 2054
1938 1885
1939 1712
1940 179
1941 1634
1942 1191
1943 812
1944 794
1945 202
1946 1942
1947 1020
1948 340
1949 904
1950 851
1951 1842
1952 1370
1953 1993
1954 1365
1955 1165
1956 756
1957 2214
1958 1060
1959 1394
1960 926
1961 931
1962 565
1963 362
1964 71
1965 2054
1966 272
1967 458
1968 232
1969 77
1970 1811
1971 721
1972 583
1973 165
1974 1699
1975 2074
1976 1954
1977 1234
1978 324
1979 1281
1980 1011
1981 1839
1982 1033
1983 1019
1984 2016
1985 931
1986 1919
1987 26
1988 2147
1989 1311
1990 320
1991 1046
1992 1545
1993 1825
1994 855
1995 1593
1996 696
1997 1919
1998 615
1999 1380
2000 1441
2001 463
2002 1029
2003 698
2004 458
2005 1813
2006 878
2007 1238
2008 1395
2009 2004
2010 1396
2011 9
2012 995
2013 1201
2014 879
2015 108
2016 1852
2017 853
2018 2216
2019 1429
2020 1116
2021 347
2022 1345
2023 560
2024 455
2025 263
2026 393
2027 470
2028 1521
2029 1453
2030 1028
2031 380
2032 1691
2033 1368
2034 1336
2035 2104
2036 1640
2037 1305
2038 2193
2039 494
2040 1497
2041 1821
2042 622
2043 532
2044 1458
2045 1633
2046 839
2047 1664
2048 765
2049 2036
2050 1337
2051 1023
2052 2209
2053 516
2054 2201
2055 1148
2056 7
2057 2144
2058 1794
2059 933
2060 1218
2061 1078
2062 1862
2063 2073
2064 76
2065 123
2066 973
2067 26
2068 1277
2069 1655
2070 163
2071 494
2072 1588
2073 1378
2074 2089
2075 731
2076 1886
2077 62
2078 1526
2079 1084
2080 1910
2081 603
2082 1862
2083 747
2084 1995
2085 286
2086 161
2087 1682
2088 158
2089 726
2090 1884
2091 1041
2092 594
2093 883
2094 427
2095 1829
2096 1264
2097 157
2098 1237
2099 932
2100 715
2101 490
2102 121
2103 2201
2104 1627
2105 1163
2106 1721
2107 236
2108 875
2109 201
2110 1443
2111 156
2112 251
2113 1596
2114 46
2115 2161
2116 283
2117 975
2118 1863
2119 1386
2120 81
2121 710
2122 542
2123 833
2124 1594
2125 1565
2126 1968
2127 2070
2128 1199
2129 1087
2130 1673
2131 238
2132 935
2133 438
2134 1183
2135 1954
2136 327
2137 1024
2138 1036
2139 1201
2140 420
2141 747
2142 1076
2143 439
2144 1386
2145 993
2146 1298
2147 1353
2148 965
2149 2122
2150 1740
2151 1406
2152 1171
2153 1351
2154 203
2155 73
2156 1819
2157 1892
2158 223
2159 1094
2160 1662
2161 750
2162 238
2163 180
2164 56
2165 1954
2166 1006
2167 1539
2168 873
2169 83
2170 1427
2171 308
2172 734
2173 1501
2174 841
2175 468
2176 1553
2177 1907
2178 1064
2179 2196
2180 1228
2181 417
2182 423
2183 1930
2184 1664
2185 614
2186 2081
2187 1524
2188 48
2189 1314
2190 1705
2191 535
2192 1505
2193 12
2194 1062
2195 346
2196 742
2197 716
2198 1251
2199 2031
2200 1561
2201 1502
2202 586
2203 1470
2204 91
2205 1994
2206 2060
2207 271
2208 2118
2209 124
2210 505
2211 507
2212 1334
2213 1643
2214 133
2215 1027
2216 1902
2217 1790
2218 879
2219 1235
2220 106
2221 2216
2222 1017
2223 2101
2224 1099
0 1549
1 1166
2 394
3 3
4 1016
5 2141
6 484
7 940
8 1735
9 1147
10 1869
11 757
12 1510
13 1307
14 1014
15 1716
16 175
17 439
18 972
19 1220
20 283
21 256
22 627
23 430
24 1241
25 970
26 142
27 550
28 1220
29 674
30 1445
31 317
32 105
33 1552
34 487
35 275
36 364
37 1953
38 1666
39 858
40 1678
41 2064
42 129
43 761
44 1087
45 1864
46 1079
47 1735
48 774
49 1126
50 360
51 1522
52 1026
53 600
54 705
55 527
56 1993
57 2104
58 1371
59 711
60 2192
61 1147
62 916
63 1375
64 1085
65 647
66 115
67 433
68 875
69 815
70 1858
71 1294
72 334
73 506
74 780
75 2155
76 2027
77 1006
78 1056
79 828
80 300
81 1740
82 929
83 1486
84 2221
85 1054
86 752
87 268
88 1884
89 825
90 1795
91 1387
92 432
93 2163
94 1789
95 326
96 2052
97 544
98 1084
99 2111
100 1339
101 848
102 1698
103 1418
104 106
105 725
106 23
107 38
108 1669
109 1585
110 406
111 1940
112 1861
113 2154
114 1948
115 1898
116 186
117 843
118 1881
119 685
120 1981
121 1819
122 1932
123 727
124 1747
125 1305
126 845
127 1719
128 212
129 1924
130 1467
131 1282
132 1622
133 1605
134 2034
135 105
136 1075
137 668
138 1734
139 852
140 1875
141 1101
142 1973
143 2062
144 1483
145 1187
146 1622
147 396
148 920
149 439
150 245
151 491
152 953
153 1091
154 1600
155 1543
156 1172
157 965
158 2161
159 1494
160 44
161 362
162 1279
163 1341
164 150
165 1121
166 950
167 133
168 1627
169 55
170 609
171 1709
172 1571
173 71
174 2039
175 1172
176 1406
177 1645
178 2102
179 214
180 122
181 1257
182 2133
183 1292
184 1811
185 735
186 767
187 1398
188 223
189 1504
190 1699
191 1383
192 581
193 1479
194 1856
195 1582
196 260
197 1300
198 2019
199 1110
200 1823
201 326
202 1184
203 1009
204 1312
205 454
206 469
207 1424
208 1943
209 2193
210 1359
211 2025
212 279
213 2199
214 1549
215 1183
216 1892
217 777
218 628
219 1568
220 1939
221 1622
222 1786
223 1532
224 2020
225 479
226 1684
227 281
228 743
229 1925
230 1733
231 1463
232 1964
233 1011
234 612
235 229
236 1186
237 1735
238 930
239 93
240 1669
241 2210
242 2167
243 712
244 1251
245 882
246 1059
247 643
248 1195
249 162
250 2214
251 1462
252 371
253 1687
254 1953
255 293
256 1519
257 1863
258 1084
259 1907
260 1363
261 386
262 1629
263 616
264 1896
265 328
266 1858
267 1298
268 1644
269 810
270 339
271 737
272 1466
273 1721
274 42
275 1640
276 1995
277 69
278 1675
279 996
280 1655
281 668
282 1024
283 646
284 1590
285 711
286 2029
287 1823
288 1033
289 453
290 1670
291 702
292 130
293 1684
294 1837
295 495
296 1912
297 20
298 474
299 335
300 194
301 1529
302 1585
303 125
304 835
305 504
306 1079
307 1859
308 1969
309 1758
310 2150
311 428
312 1467
313 479
314 2068
315 674
316 1183
317 2183
318 2037
319 1715
320 1383
321 1471
322 2049
323 2189
324 1043
325 1811
326 275
327 1051
328 265
329 105
330 2150
331 750
332 700
333 2184
334 262
335 2144
336 1958
337 1260
338 357
339 851
340 1982
341 119
342 362
343 1994
344 561
345 577
346 912
347 1778
348 1640
349 2183
350 2136
351 1222
352 1158
353 1076
354 1500
355 2198
356 1933
357 543
358 46
359 99
360 77
361 2111
362 1736
363 751
364 170
365 1082
366 399
367 2162
368 453
369 1933
370 357
371 638
372 1361
373 1141
374 2109
375 223
376 1351
377 1929
378 291
379 1580
380 25
381 1626
382 1665
383 1945
384 882
385 904
386 513
387 1509
388 255
389 318
390 804
391 2186
392 1614
393 1523
394 1358
395 1552
396 483
397 1189
398 1909
399 2045
400 695
401 1407
402 773
403 1236
404 370
405 954
406 675
407 1545
408 629
409 1426
410 2084
411 621
412 1422
413 901
414 239
415 1698
416 885
417 1981
418 340
419 725
420 2167
421 169
422 1667
423 1317
424 1936
425 1142
426 1295
427 816
428 66
429 1355
430 2137
431 2047
432 36
433 130
434 1360
435 2031
436 795
437 2017
438 195
439 1857
440 1538
441 1778
442 1977
443 1962
444 936
445 2086
446 369
447 457
448 575
449 1407
450 1358
451 477
452 762
453 574
454 1217
455 855
456 139
457 2090
458 473
459 33
460 560
461 788
462 1262
463 440
464 1523
465 1746
466 1060
467 1287
468 2033
469 1385
470 1736
471 1064
472 578
473 836
474 428
475 2128
476 304
477 631
478 743
479 430
480 2168
481 1839
482 62
483 1873
484 1607
485 1305
486 265
487 1426
488 1166
489 1399
490 180
491 1764
492 326
493 169
494 1943
495 953
496 734
497 128
498 2035
499 1227
500 1889
501 191
502 2035
503 80
504 501
505 1857
506 465
507 1048
508 533
509 693
510 1578
511 1666
512 907
513 1946
514 146
515 173
516 1909
517 364
518 1245
519 310
520 267
521 955
522 424
523 376
524 1783
525 993
526 1615
527 208
528 1644
529 1818
530 131
531 1223
532 1213
533 126
534 1673
535 1661
536 633
537 1177
538 150
539 1211
540 392
541 676
542 261
543 1589
544 1536
545 1144
546 492
547 1642
548 1407
549 277
550 813
551 850
552 177
553 1762
554 19
555 1505
556 255
557 474
558 1566
559 1184
560 1710
561 1982
562 581
563 1222
564 687
565 85
566 1582
567 911
568 1026
569 574
570 1528
571 1921
572 1179
573 50
574 1850
575 429
576 1263
577 1069
578 1479
579 1266
580 1085
581 172
582 940
583 1747
584 1036
585 1735
586 257
587 2015
588 2114
589 1509
590 59
591 1082
592 1750
593 1072
594 557
595 1211
596 2210
597 1604
598 2150
599 1293
600 1584
601 1834
602 1595
603 943
604 971
605 1080
606 1854
607 1878
608 387
609 1528
610 593
611 35
612 249
613 486
614 859
615 1481
616 902
617 715
618 2031
619 806
620 219
621 247
622 463
623 479
624 462
625 1608
626 963
627 1787
628 2220
629 198
630 1174
631 1547
632 942
633 661
634 874
635 230
636 1993
637 603
638 1525
639 1591
640 1512
641 2205
642 2106
643 1157
644 1217
645 841
646 1063
647 1088
648 908
649 1789
650 1133
651 509
652 1541
653 2108
654 635
655 2218
656 1450
657 989
658 2188
659 1251
660 941
661 867
662 425
663 643
664 430
665 847
666 780
667 402
668 2223
669 1704
670 1541
671 73
672 918
673 1323
674 736
675 1725
676 1946
677 469
678 1942
679 123
680 638
681 339
682 1377
683 260
684 1376
685 1124
686 1498
687 1381
688 863
689 1376
690 223
691 544
692 324
693 1652
694 1967
695 1970
696 278
697 1185
698 626
699 1152
700 1726
701 598
702 1263
703 1418
704 2091
705 884
706 1748
707 1983
708 1165
709 1597
710 210
711 167
712 2172
713 1538
714 1160
715 17
716 1695
717 470
718 710
719 1052
720 1854
721 1855
722 239
723 1544
724 1886
725 880
726 1421
727 1099
728 819
729 254
730 2047
731 68
732 2149
733 1033
734 584
735 317
736 68
737 1372
738 582
739 2160
740 2080
741 38
742 347
743 1028
744 2145
745 2011
746 1712
747 2045
748 999
749 1381
750 384
751 1399
752 56
753 1902
754 1655
755 1910
756 1144
757 1440
758 1176
759 280
760 1684
761 1137
762 1259
763 86
764 871
765 1049
766 266
767 121
768 1034
769 798
770 1621
771 1600
772 2078
773 1062
774 962
775 1382
776 425
777 281
778 1285
779 1752
780 189
781 1674
782 1046
783 1166
784 1580
785 978
786 861
787 1603
788 2212
789 1647
790 748
791 1977
792 1187
793 1850
794 675
795 1305
796 2118
797 978
798 918
799 502
800 41
801 1782
802 1372
803 1582
804 621
805 1561
806 825
807 183
808 737
809 1574
810 134
811 1876
812 1404
813 1173
814 1052
815 524
816 1747
817 11
818 1833
819 1332
820 901
821 1536
822 1265
823 936
824 482
825 1164
826 552
827 403
828 296
829 838
830 1124
831 1070
832 1526
833 625
834 1971
835 798
836 1521
837 40
838 2024
839 1393
840 1088
841 311
842 1025
843 619
844 1205
845 20
846 2117
847 1177
848 1091
849 119
850 858
851 473
852 1959
853 1091
854 1875
855 556
856 1221
857 1998
858 317
859 1569
860 1396
861 1626
862 1343
863 1773
864 1419
865 1774
866 2092
867 957
868 1655
869 917
870 1220
871 1211
872 1469
873 1225
874 1867
875 1128
876 285
877 789
878 426
879 1536
880 17
881 74
882 62
883 62
884 384
885 1516
886 2162
887 1575
888 1195
889 2176
890 530
891 584
892 520
893 916
894 806
895 547
896 386
897 538
898 2196
899 1812
900 2019
901 1323
902 286
903 688
904 875
905 777
906 1126
907 198
908 1428
909 1361
910 588
911 538
912 1806
913 942
914 1070
915 1330
916 1119
917 128
918 1301
919 921
920 1632
921 1193
922 1739
923 1649
924 68
925 1179
926 854
927 1540
928 387
929 482
930 1918
931 588
932 611
933 1533
934 1094
935 1182
936 2202
937 1916
938 2205
939 2158
940 407
941 1373
942 298
943 1959
944 136
945 1569
946 682
947 1986
948 1998
949 967
950 1607
951 2061
952 993
953 178
954 1438
955 1164
956 467
957 962
958 1
959 821
960 76
961 578
962 552
963 2009
964 1445
965 389
966 782
967 504
968 1092
969 432
970 1782
971 1121
972 652
973 1098
974 1400
975 1754
976 248
977 584
978 1326
979 1306
980 114
981 1191
982 511
983 122
984 1403
985 928
986 1210
987 1799
988 1474
989 2015
990 1978
991 1671
992 1626
993 700
994 540
995 352
996 853
997 1735
998 1234
999 1365
1000 447
1001 1018
1002 913
1003 1663
1004 2171
1005 334
1006 2102
1007 118
1008 632
1009 78
1010 1093
1011 901
1012 1758
1013 1250
1014 1359
1015 845
1016 188
1017 284
1018 1077
1019 200
1020 207
1021 1910
1022 1888
1023 1762
1024 1939
1025 342
1026 587
1027 1271
1028 1822
1029 312
1030 1127
1031 1008
1032 1053
1033 1430
1034 622
1035 387
1036 352
1037 2002
1038 569
1039 317
1040 314
1041 1509
1042 1983
1043 852
1044 56
1045 318
1046 1793
1047 1440
1048 1289
1049 1702
1050 1356
1051 7
1052 635
1053 1813
1054 677
1055 1400
1056 1099
1057 1694
1058 803
1059 1202
1060 2224
1061 1131
1062 1443
1063 954
1064 37
1065 1066
1066 667
1067 939
1068 1608
1069 1254
1070 1508
1071 1831
1072 177
1073 163
1074 1349
1075 1908
1076 455
1077 2097
1078 2002
1079 1647
1080 1873
1081 1666
1082 1960
1083 344
1084 1560
1085 510
1086 979
1087 569
1088 453
1089 1800
1090 226
1091 1382
1092 1288
1093 1083
1094 1079
1095 1316
1096 535
1097 347
1098 1213
1099 2065
1100 2005
1101 1211
1102 2030
1103 1852
1104 598
1105 371
1106 1220
1107 38
1108 884
1109 1682
1110 653
1111 296
1112 596
1113 1837
1114 328
1115 1019
1116 386
1117 222
1118 341
1119 1077
1120 864
1121 2172
1122 1324
1123 756
1124 989
1125 2222
1126 739
1127 252
1128 4
1129 104
1130 1550
1131 1132
1132 1011
1133 416
1134 745
1135 1540
1136 520
1137 1544
1138 1014
1139 1983
1140 576
1141 34
1142 392
1143 1324
1144 297
1145 415
1146 845
1147 235
1148 866
1149 1562
1150 1696
1151 1062
1152 1952
1153 1402
1154 420
1155 149
1156 149
1157 875
1158 821
1159 1857
1160 1217
1161 750
1162 213
1163 1739
1164 823
1165 1960
1166 1520
1167 1455
1168 2181
1169 1587
1170 85
1171 1475
1172 1975
1173 1808
1174 276
1175 238
1176 1856
1177 1673
1178 1636
1179 948
1180 849
1181 456
1182 1709
1183 174
1184 657
1185 66
1186 637
1187 1313
1188 1841
1189 1564
1190 1078
1191 1096
1192 793
1193 1127
1194 1945
1195 1399
1196 1243
1197 149
1198 1397
1199 1395
1200 2002
1201 796
1202 464
1203 430
1204 165
1205 1997
1206 804
1207 1827
1208 662
1209 1425
1210 492
1211 1674
1212 1593
1213 797
1214 1220
1215 967
1216 1137
1217 758
1218 674
1219 2093
1220 1499
1221 1319
1222 1552
1223 2189
1224 1533
1225 1121
1226 1272
1227 2210
1228 1193
1229 948
1230 1999
1231 1494
1232 1642
1233 1260
1234 1445
1235 1276
1236 1403
1237 233
1238 2174
1239 1147
1240 353
1241 1423
1242 1649
1243 135
1244 2194
1245 1860
1246 1659
1247 664
1248 413
1249 150
1250 1066
1251 838
1252 1223
1253 1024
1254 461
1255 914
1256 1472
1257 1178
1258 1266
1259 325
1260 2106
1261 2131
1262 2041
1263 1626
1264 347
1265 1765
1266 122
1267 1651
1268 703
1269 2114
1270 1307
1271 1079
1272 1699
1273 1350
1274 1892
1275 1899
1276 1787
1277 11
1278 1433
1279 1067
1280 96
1281 1686
1282 1670
1283 1663
1284 1747
1285 100
1286 978
1287 1911
1288 26
1289 2137
1290 1324
1291 2003
1292 1744
1293 2166
1294 2081
1295 1020
1296 1580
1297 1845
1298 620
1299 424
1300 1642
1301 1852
1302 905
1303 1338
1304 1252
1305 738
1306 2001
1307 2197
1308 296
1309 1479
1310 1105
1311 400
1312 1107
1313 2110
1314 1309
1315 1899
1316 729
1317 2104
1318 1573
1319 222
1320 1993
1321 1232
1322 143
1323 2122
1324 1748
1325 355
1326 231
1327 27
1328 1380
1329 1365
1330 1519
1331 301
1332 1935
1333 1906
1334 1066
1335 2174
1336 720
1337 1617
1338 1676
1339 237
1340 14
1341 1330
1342 1270
1343 825
1344 232
1345 7
1346 475
1347 2201
1348 1780
1349 149
1350 1126
1351 2163
1352 1835
1353 183
1354 1368
1355 846
1356 234
1357 776
1358 1418
1359 114
1360 84
1361 1479
1362 1178
1363 1560
1364 1607
1365 529
1366 857
1367 759
1368 1634
1369 424
1370 1060
1371 2096
1372 1900
1373 740
1374 1723
1375 1290
1376 2039
1377 243
1378 855
1379 969
1380 1222
1381 1336
1382 674
1383 1602
1384 1544
1385 92
1386 366
1387 1962
1388 59
1389 1675
1390 606
1391 1764
1392 1502
1393 369
1394 552
1395 1457
1396 1246
1397 698
1398 2132
1399 1631
1400 960
1401 149
1402 15
1403 1627
1404 1929
1405 578
1406 1473
1407 2155
1408 298
1409 209
1410 2177
1411 2078
1412 1051
1413 1070
1414 2052
1415 956
1416 1600
1417 1243
1418 154
1419 854
1420 546
1421 2049
1422 1371
1423 850
1424 1242
1425 2164
1426 1325
1427 1460
1428 674
1429 571
1430 2149
1431 1734
1432 1623
1433 2102
1434 535
1435 1535
1436 212
1437 1682
1438 1503
1439 812
1440 1887
1441 395
1442 1640
1443 2186
1444 218
1445 1803
1446 577
1447 1479
1448 431
1449 1946
1450 1907
1451 2076
1452 848
1453 991
1454 2185
1455 1409
1456 2216
1457 1523
1458 1727
1459 613
1460 2064
1461 116
1462 1757
1463 2077
1464 889
1465 1246
1466 850
1467 1265
1468 659
1469 1792
1470 733
1471 813
1472 1422
1473 686
1474 441
1475 1180
1476 247
1477 1338
1478 1480
1479 2154
1480 880
1481 1104
1482 709
1483 1941
1484 855
1485 1261
1486 1820
1487 1482
1488 2087
1489 842
1490 888
1491 387
1492 1701
1493 1147
1494 88
1495 713
1496 2204
1497 1768
1498 1650
1499 2191
1500 24
1501 1999
1502 2050
1503 224
1504 307
1505 1958
1506 2107
1507 1323
1508 1530
1509 265
1510 1698
1511 2088
1512 66
1513 841
1514 1303
1515 53
1516 839
1517 151
1518 123
1519 1231
1520 147
1521 39
1522 31
1523 1525
1524 542
1525 2223
1526 1756
1527 958
1528 1939
1529 1428
1530 1097
1531 132
1532 568
1533 1470
1534 2206
1535 1836
1536 188
1537 391
1538 593
1539 1377
1540 1936
1541 1770
1542 998
1543 157
1544 989
1545 2043
1546 1703
1547 463
1548 254
1549 1091
1550 1697
1551 2036
1552 256
1553 576
1554 212
1555 1054
1556 449
1557 565
1558 713
1559 216
1560 111
1561 300
1562 1355
1563 671
1564 1125
1565 1737
1566 1654
1567 1359
1568 1021
1569 1419
1570 2018
1571 1988
1572 744
1573 1626
1574 1762
1575 726
1576 997
1577 1537
1578 1961
1579 150
1580 1664
1581 142
1582 1778
1583 1914
1584 1985
1585 1486
1586 2191
1587 1552
1588 662
1589 2116
1590 1310
1591 1082
1592 387
1593 1724
1594 1014
1595 93
1596 1376
1597 883
1598 426
1599 1793
1600 107
1601 320
1602 85
1603 232
1604 735
1605 485
1606 958
1607 778
1608 1314
1609 1479
1610 1325
1611 817
1612 550
1613 1963
1614 1864
1615 1461
1616 386
1617 2091
1618 99
1619 614
1620 353
1621 684
1622 1080
1623 378
1624 2081
1625 714
1626 1705
1627 150
1628 1312
1629 1819
1630 466
1631 672
1632 1530
1633 1503
1634 1952
1635 1242
1636 370
1637 1371
1638 1120
1639 235
1640 94
1641 549
1642 2024
1643 1170
1644 1130
1645 1366
1646 1106
1647 2024
1648 87
1649 1900
1650 1875
1651 1001
1652 1852
1653 971
1654 1639
1655 1635
1656 1901
1657 331
1658 1431
1659 1130
1660 2125
1661 1731
1662 2057
1663 1178
1664 1362
1665 457
1666 1413
1667 2088
1668 64
1669 1231
1670 67
1671 1344
1672 378
1673 913
1674 681
1675 1107
1676 1939
1677 17
1678 1958
1679 1126
1680 2171
1681 2145
1682 2145
1683 604
1684 93
1685 1956
1686 854
1687 1287
1688 316
1689 54
1690 211
1691 1608
1692 792
1693 1405
1694 1196
1695 1017
1696 1938
1697 2055
1698 591
1699 1669
1700 2108
1701 1669
1702 847
1703 1616
1704 1265
1705 1980
1706 982
1707 2154
1708 791
1709 105
1710 668
1711 1090
1712 1881
1713 856
1714 1755
1715 256
1716 2205
1717 1460
1718 1531
1719 1087
1720 1514
1721 1096
1722 2106
1723 380
1724 1253
1725 1097
1726 2163
1727 1780
1728 1739
1729 703
1730 869
1731 1693
1732 649
1733 1608
1734 372
1735 986
1736 1614
1737 1371
1738 243
1739 890
1740 515
1741 603
1742 1250
1743 323
1744 709
1745 5
1746 1846
1747 1378
1748 1747
1749 1690
1750 1901
1751 1187
1752 241
1753 2016
1754 1983
1755 1310
1756 1242
1757 1898
1758 1257
1759 1424
1760 1002
1761 1739
1762 1036
1763 261
1764 498
1765 1206
1766 293
1767 1267
1768 624
1769 802
1770 1855
1771 226
1772 1039
1773 1545
1774 1750
1775 2199
1776 851
1777 1898
1778 631
1779 1396
1780 69
1781 793
1782 706
1783 150
1784 549
1785 1725
1786 52
1787 637
1788 2074
1789 396
1790 1504
1791 1953
1792 1065
1793 1917
1794 234
1795 1122
1796 511
1797 749
1798 555
1799 815
1800 1159
1801 216
1802 1011
1803 1365
1804 133
1805 589
1806 1801
1807 1389
1808 1780
1809 1546
1810 1382
1811 1818
1812 2206
1813 890
1814 548
1815 1646
1816 30
1817 629
1818 471
1819 2035
1820 1757
1821 1057
1822 1033
1823 1313
1824 996
1825 1431
1826 441
1827 559
1828 44
1829 5
1830 1871
1831 278
1832 1100
1833 1636
1834 221
1835 1186
1836 449
1837 68
1838 636
1839 32
1840 1363
1841 1892
1842 2022
1843 1144
1844 469
1845 683
1846 100
1847 1209
1848 276
1849 338
1850 154
1851 1972
1852 1886
1853 360
1854 1942
1855 1218
1856 296
1857 1843
1858 1171
1859 131
1860 212
1861 1227
1862 1799
1863 525
1864 1128
1865 2066
1866 872
1867 218
1868 1755
1869 649
1870 1768
1871 1204
1872 1529
1873 712
1874 1237
1875 1065
1876 1093
1877 856
1878 269
1879 564
1880 1698
1881 340
1882 1405
1883 1453
1884 104
1885 1722
1886 570
1887 1531
1888 2203
1889 652
1890 2128
1891 590
1892 178
1893 740
1894 1265
1895 1492
1896 1130
1897 1557
1898 1426
1899 1578
1900 275
1901 1635
1902 2016
1903 1799
1904 805
1905 386
1906 1838
1907 283
1908 799
1909 2053
1910 2070
1911 2122
1912 1820
1913 1199
1914 6
1915 41
1916 1602
1917 993
1918 141
1919 1134
1920 974
1921 1179
1922 1130
1923 1787
1924 533
1925 1051
1926 495
1927 109
1928 1721
1929 922
1930 33
1931 475
1932 1578
1933 2102
1934 2096
1935 771
1936 777
1937 1729
1938 1793
1939 1414
1940 179
1941 1634
1942 1858
1943 812
1944 290
1945 202
1946 1808
1947 2123
1948 672
1949 1545
1950 1592
1951 1658
1952 1282
1953 1993
1954 1946
1955 1165
1956 2082
1957 1541
1958 1060
1959 1394
1960 152
1961 1737
1962 565
1963 362
1964 168
1965 2054
1966 272
1967 458
1968 232
1969 769
1970 427
1971 721
1972 199
1973 1607
1974 1699
1975 136
1976 1954
1977 2013
1978 1751
1979 1472
1980 1161
1981 330
1982 1033
1983 1832
1984 2016
1985 901
1986 1919
1987 26
1988 1168
1989 915
1990 1409
1991 1046
1992 1767
1993 2021
1994 243
1995 2165
1996 696
1997 2193
1998 1454
1999 156
2000 1441
2001 463
2002 1305
2003 64
2004 1800
2005 1813
2006 2087
2007 1238
2008 1395
2009 743
2010 357
2011 1576
2012 276
2013 1201
2014 2031
2015 482
2016 1601
2017 1280
2018 2216
2019 395
2020 591
2021 356
2022 1345
2023 560
2024 442
2025 1398
2026 222
2027 1295
2028 1491
2029 1564
2030 1523
2031 1359
2032 1691
2033 1540
2034 1336
2035 936
2036 1640
2037 1305
2038 2193
2039 494
2040 1497
2041 1485
2042 951
2043 532
2044 1458
2045 1633
2046 598
2047 660
2048 765
2049 1731
2050 16
2051 1023
2052 2209
2053 911
2054 1137
2055 768
2056 206
2057 2144
2058 1285
2059 180
2060 1041
2061 941
2062 1862
2063 1866
2064 1127
2065 123
2066 845
2067 26
2068 1676
2069 467
2070 217
2071 1283
2072 1588
2073 1269
2074 25
2075 731
2076 414
2077 2078
2078 1858
2079 1620
2080 2072
2081 593
2082 1862
2083 747
2084 1995
2085 1277
2086 161
2087 1682
2088 735
2089 726
2090 1778
2091 0
2092 231
2093 2016
2094 427
2095 1233
2096 1172
2097 309
2098 1237
2099 932
2100 715
2101 490
2102 705
2103 767
2104 1405
2105 1163
2106 1715
2107 1990
2108 1385
2109 1359
2110 91
2111 617
2112 251
2113 623
2114 1663
2115 616
2116 118
2117 975
2118 567
2119 977
2120 81
2121 710
2122 542
2123 466
2124 1824
2125 1315
2126 313
2127 1421
2128 1097
2129 1087
2130 1673
2131 238
2132 1013
2133 1794
2134 1183
2135 868
2136 1396
2137 1024
2138 1036
2139 701
2140 243
2141 747
2142 255
2143 439
2144 1386
2145 993
2146 1727
2147 699
2148 965
2149 2122
2150 1740
2151 1406
2152 1171
2153 1351
2154 315
2155 73
2156 556
2157 1392
2158 1556
2159 1094
2160 2156
2161 1017
2162 1364
2163 1405
2164 56
2165 1679
2166 1006
2167 1353
2168 315
2169 1725
2170 1427
2171 1357
2172 537
2173 1501
2174 732
2175 145
2176 1553
2177 1907
2178 1064
2179 370
2180 65
2181 1638
2182 423
2183 1410
2184 1178
2185 614
2186 1535
2187 1524
2188 48
2189 1314
2190 621
2191 1800
2192 1194
2193 1261
2194 1980
2195 346
2196 2005
2197 716
2198 1251
2199 2031
2200 1561
2201 1502
2202 688
2203 992
2204 107
2205 46
2206 2060
2207 271
2208 2118
2209 479
2210 116
2211 507
2212 2198
2213 1520
2214 583
2215 1027
2216 1575
2217 1156
2218 1974
2219 1235
2220 1995
2221 1982
2222 1017
2223 1014
2224 1015
