0 1368
1 1231
2 942
3 1406
4 1243
5 289
6 2119
7 339
8 321
9 1578
10 1151
11 1381
12 1115
13 527
14 923
15 642
16 1650
17 263
18 2065
19 1031
20 1869
21 227
22 1373
23 939
24 1148
25 1769
26 217
27 486
28 1561
29 1481
30 1376
31 2170
32 315
33 1536
34 202
35 334
36 2113
37 1752
38 1502
39 887
40 284
41 1891
42 1552
43 387
44 988
45 311
46 1882
47 641
48 1537
49 1068
50 172
51 1397
52 66
53 694
54 2107
55 1949
56 1084
57 539
58 738
59 887
60 1850
61 1164
62 140
63 863
64 1631
65 490
66 2166
67 1593
68 404
69 276
70 531
71 1503
72 584
73 884
74 2036
75 1122
76 128
77 407
78 351
79 1677
80 1121
81 1250
82 1240
83 650
84 308
85 470
86 415
87 1809
88 700
89 1493
90 216
91 693
92 79
93 888
94 1727
95 704
96 1839
97 1376
98 1636
99 2113
100 96
101 1177
102 532
103 717
104 382
105 750
106 816
107 1684
108 267
109 535
110 1917
111 1044
112 1970
113 992
114 745
115 1674
116 1559
117 886
118 1634
119 171
120 744
121 457
122 41
123 322
124 538
125 1247
126 941
127 1642
128 1650
129 1940
130 2212
131 356
132 678
133 1272
134 865
135 411
136 431
137 876
138 515
139 1232
140 823
141 197
142 1682
143 995
144 485
145 1058
146 734
147 2213
148 1783
149 1377
150 250
151 804
152 167
153 12
154 2019
155 1506
156 222
157 660
158 1829
159 1403
160 460
161 1208
162 1494
163 1986
164 1693
165 2165
166 721
167 233
168 1335
169 385
170 2051
171 427
172 1395
173 405
174 626
175 1375
176 385
177 1848
178 2071
179 892
180 636
181 983
182 1395
183 843
184 1921
185 2012
186 1095
187 473
188 1177
189 186
190 1756
191 882
192 1070
193 2192
194 1230
195 362
196 1778
197 1043
198 244
199 557
200 1701
201 1211
202 675
203 1522
204 255
205 2015
206 672
207 1737
208 1379
209 2213
210 1974
211 1896
212 1815
213 57
214 1460
215 1067
216 1306
217 615
218 33
219 409
220 1280
221 1212
222 1589
223 88
224 1270
225 1540
226 322
227 1719
228 34
229 820
230 2009
231 290
232 1574
233 2202
234 626
235 1151
236 637
237 1782
238 1914
239 478
240 2097
241 311
242 130
243 148
244 1948
245 204
246 1583
247 1133
248 2143
249 1352
250 1306
251 1213
252 276
253 306
254 271
255 1687
256 1920
257 155
258 928
259 1972
260 2018
261 464
262 491
263 784
264 508
265 2015
266 1062
267 347
268 1498
269 1411
270 228
271 1143
272 673
273 517
274 240
275 1188
276 1330
277 1397
278 549
279 1204
280 1738
281 2084
282 369
283 1908
284 678
285 969
286 903
287 1261
288 477
289 900
290 620
291 567
292 1334
293 1396
294 119
295 596
296 1958
297 2029
298 2150
299 1903
300 156
301 684
302 207
303 1186
304 91
305 1116
306 1104
307 1205
308 896
309 114
310 1353
311 1264
312 1024
313 163
314 861
315 324
316 1675
317 1612
318 58
319 2153
320 896
321 148
322 1211
323 936
324 1071
325 1165
326 1131
327 278
328 538
329 367
330 875
331 510
332 228
333 1638
334 224
335 1477
336 880
337 2183
338 2131
339 149
340 586
341 474
342 357
343 2032
344 144
345 1751
346 1231
347 1164
348 1396
349 54
350 1666
351 1254
352 1317
353 1203
354 129
355 1555
356 1685
357 1290
358 1056
359 588
360 523
361 509
362 2090
363 1664
364 1120
365 167
366 321
367 1932
368 863
369 297
370 1357
371 2131
372 661
373 816
374 43
375 1629
376 2223
377 488
378 1417
379 1127
380 1805
381 425
382 174
383 1498
384 2048
385 166
386 1208
387 1722
388 180
389 2112
390 191
391 2084
392 2045
393 1994
394 1793
395 1547
396 2208
397 696
398 265
399 2124
400 837
401 1132
402 583
403 1140
404 1516
405 2003
406 766
407 625
408 1810
409 2198
410 1775
411 19
412 1446
413 295
414 1485
415 1672
416 1452
417 206
418 1893
419 1105
420 1578
421 2188
422 1105
423 395
424 450
425 2035
426 1754
427 1222
428 1355
429 1317
430 1578
431 1957
432 1678
433 2137
434 1355
435 2062
436 1963
437 2084
438 844
439 733
440 1166
441 1052
442 806
443 1412
444 227
445 444
446 289
447 173
448 2097
449 158
450 1561
451 1059
452 898
453 1517
454 1708
455 2165
456 191
457 1822
458 2123
459 839
460 1540
461 1747
462 161
463 1853
464 2193
465 2083
466 665
467 638
468 845
469 2032
470 1541
471 284
472 1748
473 1379
474 795
475 346
476 37
477 763
478 1284
479 64
480 2084
481 743
482 2209
483 1281
484 666
485 651
486 1631
487 2095
488 2027
489 1338
490 1024
491 52
492 556
493 1015
494 1786
495 465
496 1348
497 1940
498 463
499 1177
500 628
501 857
502 1263
503 1972
504 1054
505 180
506 1186
507 1212
508 1195
509 1903
510 307
511 599
512 1069
513 181
514 1275
515 1307
516 2027
517 644
518 1997
519 1506
520 1287
521 768
522 2018
523 1445
524 1742
525 50
526 988
527 671
528 537
529 1950
530 1130
531 1247
532 2023
533 668
534 719
535 971
536 2175
537 1198
538 5
539 1797
540 584
541 1346
542 661
543 1763
544 156
545 1839
546 1689
547 824
548 302
549 616
550 1288
551 768
552 2146
553 937
554 95
555 1616
556 1618
557 275
558 1599
559 1270
560 577
561 1450
562 1292
563 372
564 1346
565 1021
566 1290
567 1365
568 360
569 256
570 1238
571 1027
572 73
573 1921
574 1990
575 1925
576 59
577 1364
578 1692
579 1592
580 1159
581 2221
582 200
583 498
584 1911
585 961
586 872
587 1795
588 1269
589 976
590 1149
591 420
592 1359
593 2015
594 1761
595 1291
596 363
597 1457
598 1926
599 73
600 77
601 1768
602 24
603 452
604 1468
605 530
606 1178
607 607
608 281
609 1627
610 996
611 463
612 942
613 693
614 1151
615 1455
616 2123
617 36
618 2182
619 1498
620 1770
621 1063
622 1536
623 2125
624 29
625 884
626 1378
627 1428
628 1540
629 264
630 684
631 1718
632 2160
633 1992
634 1028
635 973
636 1647
637 2118
638 1470
639 527
640 1801
641 1032
642 2080
643 1891
644 509
645 1779
646 269
647 1993
648 312
649 1143
650 2024
651 1689
652 1287
653 1277
654 1493
655 1310
656 755
657 1660
658 627
659 1154
660 912
661 512
662 554
663 147
664 1006
665 829
666 1076
667 1127
668 424
669 216
670 570
671 370
672 1294
673 1768
674 1837
675 1012
676 659
677 1816
678 1763
679 555
680 313
681 2043
682 441
683 2188
684 1383
685 148
686 1332
687 1689
688 1822
689 2024
690 437
691 28
692 1036
693 1372
694 1533
695 1148
696 675
697 1851
698 1169
699 614
700 1195
701 1177
702 893
703 1822
704 952
705 477
706 601
707 2045
708 211
709 969
710 1933
711 184
712 318
713 861
714 1307
715 1140
716 1243
717 1798
718 1775
719 2133
720 605
721 540
722 435
723 24
724 1036
725 2201
726 2173
727 2089
728 2016
729 1876
730 860
731 400
732 691
733 1744
734 238
735 459
736 1789
737 709
738 1192
739 1364
740 360
741 1744
742 144
743 1924
744 1872
745 1309
746 876
747 1938
748 789
749 162
750 1798
751 1200
752 388
753 1028
754 611
755 1281
756 2109
757 602
758 1187
759 1395
760 1531
761 1148
762 189
763 1228
764 692
765 1677
766 819
767 588
768 2134
769 1894
770 1634
771 1927
772 259
773 406
774 425
775 1936
776 138
777 1023
778 358
779 323
780 258
781 179
782 449
783 1661
784 1913
785 138
786 2118
787 1735
788 1308
789 491
790 1185
791 362
792 1670
793 1172
794 632
795 689
796 1919
797 222
798 1018
799 2172
800 143
801 1877
802 931
803 1710
804 1282
805 898
806 1148
807 1806
808 819
809 1574
810 714
811 1097
812 1987
813 1305
814 1083
815 476
816 1534
817 554
818 1105
819 1878
820 171
821 1683
822 1902
823 460
824 146
825 1942
826 1295
827 1139
828 1694
829 2017
830 961
831 711
832 2198
833 1283
834 1823
835 2049
836 1225
837 18
838 1960
839 1085
840 1106
841 1958
842 1180
843 2054
844 592
845 369
846 2069
847 860
848 1761
849 51
850 1808
851 50
852 36
853 887
854 469
855 850
856 1943
857 88
858 1249
859 2177
860 989
861 55
862 1763
863 500
864 1167
865 1391
866 1009
867 1874
868 639
869 1837
870 149
871 766
872 1579
873 572
874 1948
875 1268
876 712
877 95
878 2050
879 645
880 1249
881 749
882 168
883 1681
884 911
885 158
886 91
887 33
888 2096
889 2183
890 2007
891 1764
892 875
893 2210
894 415
895 1986
896 84
897 1097
898 453
899 378
900 1448
901 13
902 1474
903 1631
904 478
905 2018
906 1053
907 470
908 1566
909 1783
910 509
911 1888
912 956
913 1809
914 2214
915 2121
916 2149
917 2027
918 246
919 1375
920 2145
921 1571
922 1471
923 672
924 1597
925 6
926 1214
927 956
928 1017
929 569
930 2211
931 880
932 949
933 539
934 512
935 819
936 1077
937 1200
938 1368
939 1900
940 1269
941 378
942 419
943 897
944 188
945 1761
946 381
947 1352
948 6
949 458
950 1672
951 1247
952 887
953 1260
954 4
955 1296
956 747
957 2193
958 821
959 1979
960 529
961 242
962 1018
963 705
964 1704
965 2031
966 624
967 1504
968 573
969 1161
970 999
971 2186
972 411
973 1131
974 788
975 1423
976 1081
977 2090
978 1599
979 1521
980 2093
981 1021
982 789
983 1070
984 189
985 2150
986 1045
987 1947
988 1412
989 1914
990 1403
991 1669
992 193
993 620
994 1191
995 753
996 699
997 1085
998 1736
999 1280
1000 2122
1001 2092
1002 756
1003 1787
1004 2216
1005 1515
1006 1542
1007 138
1008 900
1009 146
1010 1663
1011 90
1012 246
1013 633
1014 1927
1015 831
1016 1962
1017 156
1018 611
1019 1519
1020 1068
1021 160
1022 1320
1023 769
1024 90
1025 1158
1026 1614
1027 530
1028 469
1029 776
1030 1064
1031 2074
1032 1110
1033 891
1034 560
1035 2198
1036 1103
1037 1265
1038 657
1039 85
1040 1378
1041 714
1042 1005
1043 624
1044 1376
1045 2060
1046 80
1047 2214
1048 199
1049 1470
1050 890
1051 2175
1052 691
1053 739
1054 1092
1055 448
1056 1071
1057 1411
1058 654
1059 0
1060 676
1061 450
1062 229
1063 1481
1064 1821
1065 2003
1066 1861
1067 578
1068 1795
1069 2056
1070 2011
1071 2043
1072 961
1073 785
1074 1521
1075 1058
1076 2161
1077 816
1078 1708
1079 1412
1080 713
1081 1867
1082 1259
1083 1867
1084 216
1085 1895
1086 1315
1087 644
1088 386
1089 1862
1090 2034
1091 1696
1092 1319
1093 1859
1094 91
1095 1850
1096 1157
1097 784
1098 1095
1099 1630
1100 947
1101 974
1102 2132
1103 1295
1104 1815
1105 1172
1106 1628
1107 1717
1108 371
1109 956
1110 2016
1111 949
1112 1367
1113 338
1114 325
1115 1175
1116 44
1117 1119
1118 319
1119 1585
1120 2041
1121 611
1122 1484
1123 1102
1124 331
1125 689
1126 1278
1127 71
1128 219
1129 1595
1130 1734
1131 1639
1132 1962
1133 1762
1134 1251
1135 2129
1136 1032
1137 1518
1138 368
1139 1876
1140 558
1141 688
1142 1868
1143 1028
1144 1452
1145 535
1146 1143
1147 613
1148 1291
1149 1720
1150 2133
1151 657
1152 1088
1153 846
1154 2111
1155 1835
1156 1662
1157 708
1158 952
1159 710
1160 286
1161 1726
1162 198
1163 1659
1164 772
1165 1568
1166 29
1167 393
1168 1083
1169 130
1170 1226
1171 976
1172 1646
1173 2140
1174 390
1175 1339
1176 2069
1177 592
1178 1036
1179 463
1180 609
1181 771
1182 1906
1183 63
1184 68
1185 201
1186 991
1187 53
1188 785
1189 286
1190 1716
1191 1208
1192 436
1193 90
1194 735
1195 1406
1196 780
1197 630
1198 2002
1199 1095
1200 462
1201 161
1202 535
1203 1304
1204 210
1205 994
1206 1323
1207 1520
1208 250
1209 944
1210 1934
1211 928
1212 1534
1213 1950
1214 1187
1215 45
1216 2144
1217 1431
1218 501
1219 1398
1220 753
1221 1065
1222 1673
1223 2017
1224 1407
1225 707
1226 888
1227 1220
1228 1131
1229 661
1230 395
1231 1799
1232 214
1233 707
1234 1545
1235 1129
1236 1944
1237 850
1238 657
1239 568
1240 1548
1241 188
1242 1533
1243 1530
1244 477
1245 819
1246 860
1247 20
1248 678
1249 1363
1250 1764
1251 927
1252 1569
1253 2007
1254 440
1255 580
1256 1582
1257 1738
1258 1712
1259 862
1260 1621
1261 2027
1262 919
1263 417
1264 1310
1265 496
1266 1419
1267 980
1268 2055
1269 1511
1270 217
1271 1206
1272 2130
1273 2017
1274 1427
1275 1944
1276 995
1277 1615
1278 1299
1279 1976
1280 1469
1281 1971
1282 868
1283 643
1284 2142
1285 700
1286 201
1287 2028
1288 1184
1289 69
1290 1045
1291 1703
1292 4
1293 1191
1294 1874
1295 402
1296 526
1297 274
1298 1593
1299 1853
1300 1149
1301 846
1302 1699
1303 2145
1304 1655
1305 1224
1306 532
1307 1174
1308 882
1309 2173
1310 1459
1311 784
1312 2066
1313 2056
1314 323
1315 731
1316 830
1317 1142
1318 1352
1319 881
1320 627
1321 958
1322 1699
1323 1187
1324 394
1325 2178
1326 2074
1327 188
1328 659
1329 814
1330 1762
1331 467
1332 1766
1333 635
1334 1336
1335 1452
1336 619
1337 64
1338 790
1339 1879
1340 935
1341 510
1342 356
1343 2009
1344 424
1345 780
1346 1478
1347 1059
1348 3
1349 795
1350 370
1351 574
1352 373
1353 1416
1354 308
1355 457
1356 1805
1357 468
1358 1653
1359 1140
1360 2222
1361 1422
1362 2103
1363 1430
1364 146
1365 1356
1366 1846
1367 2022
1368 1934
1369 1889
1370 647
1371 1866
1372 1435
1373 413
1374 763
1375 1839
1376 2209
1377 2091
1378 1282
1379 1800
1380 1835
1381 4
1382 1429
1383 1779
1384 76
1385 693
1386 683
1387 1918
1388 1820
1389 1115
1390 1241
1391 1819
1392 1997
1393 490
1394 2058
1395 1971
1396 1009
1397 855
1398 1094
1399 1586
1400 630
1401 69
1402 955
1403 1111
1404 1776
1405 1351
1406 1062
1407 908
1408 1551
1409 358
1410 1040
1411 1293
1412 1170
1413 895
1414 726
1415 1296
1416 768
1417 2036
1418 1648
1419 363
1420 43
1421 1124
1422 2020
1423 2155
1424 2150
1425 924
1426 399
1427 2217
1428 757
1429 1968
1430 125
1431 1915
1432 1954
1433 1813
1434 1891
1435 18
1436 2080
1437 1537
1438 139
1439 2018
1440 629
1441 1335
1442 1929
1443 390
1444 58
1445 1794
1446 1552
1447 1744
1448 1100
1449 1233
1450 216
1451 704
1452 2219
1453 695
1454 1667
1455 1619
1456 995
1457 1008
1458 1772
1459 1070
1460 712
1461 1983
1462 1399
1463 789
1464 2001
1465 530
1466 998
1467 911
1468 827
1469 1721
1470 2118
1471 540
1472 1255
1473 2077
1474 1554
1475 1276
1476 79
1477 1266
1478 2192
1479 705
1480 1005
1481 2194
1482 221
1483 1353
1484 599
1485 521
1486 1779
1487 868
1488 1602
1489 2221
1490 392
1491 1779
1492 1626
1493 816
1494 87
1495 1847
1496 2208
1497 815
1498 1592
1499 778
1500 628
1501 2064
1502 1863
1503 2097
1504 110
1505 1603
1506 867
1507 882
1508 1250
1509 839
1510 145
1511 1175
1512 738
1513 1234
1514 1134
1515 1089
1516 1117
1517 1392
1518 454
1519 47
1520 622
1521 426
1522 1597
1523 146
1524 562
1525 1502
1526 598
1527 191
1528 1063
1529 193
1530 598
1531 538
1532 46
1533 2112
1534 1370
1535 1344
1536 1428
1537 667
1538 619
1539 58
1540 336
1541 46
1542 1497
1543 0
1544 175
1545 671
1546 1887
1547 1950
1548 1944
1549 2219
1550 1655
1551 1627
1552 1593
1553 1609
1554 48
1555 42
1556 1970
1557 687
1558 400
1559 1981
1560 856
1561 594
1562 833
1563 52
1564 2206
1565 660
1566 954
1567 653
1568 1966
1569 1804
1570 1147
1571 816
1572 675
1573 458
1574 1195
1575 1164
1576 2182
1577 12
1578 127
1579 207
1580 1167
1581 1609
1582 1362
1583 1621
1584 1360
1585 569
1586 1110
1587 764
1588 1350
1589 297
1590 1736
1591 1259
1592 657
1593 965
1594 1775
1595 2130
1596 2101
1597 398
1598 333
1599 964
1600 2026
1601 1086
1602 95
1603 1701
1604 756
1605 975
1606 722
1607 877
1608 1531
1609 690
1610 470
1611 784
1612 216
1613 811
1614 734
1615 1234
1616 1951
1617 564
1618 2184
1619 1854
1620 285
1621 1034
1622 372
1623 83
1624 703
1625 378
1626 584
1627 596
1628 793
1629 705
1630 1786
1631 2148
1632 456
1633 903
1634 2117
1635 2213
1636 80
1637 242
1638 129
1639 1919
1640 464
1641 1681
1642 1688
1643 1113
1644 717
1645 549
1646 1638
1647 2143
1648 885
1649 58
1650 1030
1651 2088
1652 335
1653 1364
1654 1953
1655 1145
1656 1396
1657 1283
1658 516
1659 1163
1660 1702
1661 877
1662 506
1663 1784
1664 1451
1665 156
1666 2093
1667 1966
1668 748
1669 881
1670 1968
1671 1320
1672 539
1673 1897
1674 304
1675 87
1676 88
1677 1760
1678 339
1679 1154
1680 2001
1681 1803
1682 2063
1683 159
1684 1352
1685 1735
1686 1493
1687 425
1688 334
1689 774
1690 1204
1691 2167
1692 1301
1693 614
1694 474
1695 772
1696 863
1697 152
1698 538
1699 1683
1700 272
1701 1393
1702 531
1703 522
1704 364
1705 1068
1706 1703
1707 480
1708 1726
1709 2107
1710 61
1711 1405
1712 1734
1713 600
1714 1772
1715 1458
1716 452
1717 2070
1718 967
1719 785
1720 1109
1721 1654
1722 120
1723 754
1724 971
1725 2131
1726 1200
1727 1166
1728 1653
1729 558
1730 1140
1731 1684
1732 1624
1733 788
1734 655
1735 1486
1736 695
1737 2166
1738 620
1739 681
1740 1852
1741 1983
1742 1264
1743 997
1744 1762
1745 138
1746 246
1747 2044
1748 2142
1749 780
1750 1722
1751 992
1752 10
1753 1801
1754 799
1755 1608
1756 2091
1757 1607
1758 1605
1759 159
1760 701
1761 172
1762 1462
1763 1274
1764 1770
1765 426
1766 1504
1767 978
1768 1447
1769 125
1770 221
1771 817
1772 1974
1773 1712
1774 1632
1775 1654
1776 542
1777 1837
1778 222
1779 1759
1780 1246
1781 1935
1782 1247
1783 620
1784 704
1785 108
1786 1108
1787 873
1788 1062
1789 1905
1790 1840
1791 1906
1792 2137
1793 1165
1794 730
1795 715
1796 1931
1797 1659
1798 2062
1799 1122
1800 1937
1801 257
1802 1918
1803 2138
1804 73
1805 1498
1806 1297
1807 1765
1808 99
1809 826
1810 1560
1811 1884
1812 158
1813 2038
1814 1806
1815 1842
1816 1166
1817 1890
1818 1511
1819 1944
1820 1353
1821 1175
1822 1521
1823 2028
1824 1285
1825 1559
1826 638
1827 616
1828 532
1829 927
1830 90
1831 1179
1832 1680
1833 1097
1834 2073
1835 679
1836 2013
1837 916
1838 1121
1839 1115
1840 933
1841 82
1842 1132
1843 138
1844 1925
1845 361
1846 495
1847 978
1848 1209
1849 1550
1850 1200
1851 1431
1852 1277
1853 1932
1854 1950
1855 56
1856 1646
1857 1430
1858 1660
1859 1355
1860 717
1861 1818
1862 1901
1863 1415
1864 477
1865 1692
1866 693
1867 1228
1868 466
1869 2168
1870 284
1871 2073
1872 248
1873 338
1874 191
1875 1573
1876 224
1877 569
1878 612
1879 228
1880 46
1881 1103
1882 2142
1883 598
1884 1266
1885 368
1886 739
1887 1096
1888 1568
1889 1822
1890 2013
1891 1243
1892 1770
1893 781
1894 1729
1895 2039
1896 2221
1897 2124
1898 897
1899 316
1900 1378
1901 2005
1902 629
1903 334
1904 851
1905 1948
1906 1360
1907 2156
1908 198
1909 2155
1910 1143
1911 2053
1912 1558
1913 1548
1914 1819
1915 2003
1916 1694
1917 573
1918 1506
1919 763
1920 240
1921 1178
1922 1141
1923 1999
1924 1482
1925 790
1926 1859
1927 998
1928 285
1929 1182
1930 1240
1931 297
1932 1602
1933 732
1934 1470
1935 1186
1936 1662
1937 186
1938 1140
1939 1443
1940 2082
1941 2133
1942 1513
1943 1063
1944 2200
1945 479
1946 2033
1947 1493
1948 2050
1949 1464
1950 1136
1951 1623
1952 1383
1953 1723
1954 1529
1955 1907
1956 1200
1957 1628
1958 1293
1959 1711
1960 1538
1961 2059
1962 31
1963 334
1964 761
1965 2200
1966 1850
1967 1196
1968 61
1969 1984
1970 1574
1971 507
1972 1751
1973 2077
1974 1258
1975 1388
1976 973
1977 1565
1978 1106
1979 68
1980 2044
1981 322
1982 83
1983 1085
1984 1261
1985 516
1986 685
1987 936
1988 1432
1989 508
1990 869
1991 1266
1992 1
1993 1512
1994 590
1995 707
1996 1974
1997 100
1998 835
1999 1526
2000 2114
2001 1268
2002 1501
2003 144
2004 1095
2005 375
2006 1344
2007 172
2008 1546
2009 132
2010 172
2011 2007
2012 61
2013 404
2014 1301
2015 520
2016 867
2017 1958
2018 414
2019 1287
2020 665
2021 1623
2022 1640
2023 914
2024 206
2025 772
2026 1089
2027 55
2028 865
2029 1490
2030 1337
2031 4
2032 517
2033 93
2034 1598
2035 1167
2036 1684
2037 391
2038 933
2039 1922
2040 1121
2041 1417
2042 1026
2043 694
2044 1732
2045 121
2046 1621
2047 1000
2048 1766
2049 11
2050 706
2051 393
2052 1906
2053 1561
2054 1399
2055 476
2056 1874
2057 2211
2058 1457
2059 1807
2060 1831
2061 1217
2062 1490
2063 1942
2064 1704
2065 2157
2066 275
2067 890
2068 2038
2069 1583
2070 840
2071 540
2072 348
2073 1569
2074 428
2075 933
2076 525
2077 1875
2078 1458
2079 1247
2080 1035
2081 1120
2082 1975
2083 1564
2084 1030
2085 187
2086 340
2087 1256
2088 969
2089 2145
2090 882
2091 1820
2092 309
2093 1890
2094 405
2095 2085
2096 792
2097 529
2098 662
2099 547
2100 1255
2101 1517
2102 692
2103 1133
2104 98
2105 801
2106 539
2107 599
2108 796
2109 1819
2110 527
2111 273
2112 1741
2113 242
2114 646
2115 1022
2116 1881
2117 818
2118 1852
2119 254
2120 176
2121 1648
2122 1254
2123 74
2124 1187
2125 1128
2126 2142
2127 1712
2128 1362
2129 2041
2130 1890
2131 1202
2132 143
2133 806
2134 10
2135 1123
2136 1783
2137 2063
2138 512
2139 1904
2140 356
2141 184
2142 236
2143 888
2144 1732
2145 65
2146 1213
2147 1083
2148 1074
2149 396
2150 1581
2151 468
2152 1174
2153 1699
2154 1194
2155 221
2156 1239
2157 2145
2158 734
2159 2082
2160 2162
2161 1845
2162 1599
2163 142
2164 1813
2165 262
2166 1457
2167 209
2168 542
2169 1965
2170 1172
2171 1437
2172 1848
2173 29
2174 166
2175 861
2176 809
2177 644
2178 1311
2179 246
2180 832
2181 1165
2182 1629
2183 662
2184 412
2185 2114
2186 1423
2187 42
2188 1515
2189 2081
2190 1966
2191 853
2192 645
2193 20
2194 1785
2195 60
2196 786
2197 1726
2198 1036
2199 1910
2200 57
2201 1773
2202 2031
2203 1995
2204 460
2205 2194
2206 1903
2207 2118
2208 1539
2209 1659
2210 765
2211 720
2212 1021
2213 1387
2214 686
2215 804
2216 1058
2217 12
2218 89
2219 2105
2220 2046
2221 922
2222 1629
2223 198
2224 1395
0 1249
1 1603
2 942
3 1406
4 1243
5 289
6 1199
7 339
8 1082
9 2023
10 1151
11 1381
12 170
13 527
14 856
15 787
16 576
17 961
18 2023
19 75
20 1341
21 1639
22 1531
23 1257
24 1148
25 289
26 217
27 1158
28 1130
29 1481
30 1828
31 2125
32 1326
33 1536
34 1027
35 1138
36 441
37 1752
38 658
39 783
40 284
41 317
42 1552
43 387
44 988
45 1716
46 1882
47 641
48 1632
49 1068
50 1005
51 1397
52 66
53 694
54 2107
55 1665
56 524
57 1264
58 609
59 651
60 1941
61 1164
62 140
63 705
64 1631
65 490
66 1623
67 1213
68 404
69 276
70 531
71 1503
72 584
73 884
74 425
75 1122
76 128
77 407
78 351
79 1254
80 357
81 2066
82 1240
83 2066
84 194
85 470
86 1690
87 1809
88 700
89 435
90 216
91 334
92 79
93 888
94 724
95 356
96 814
97 1140
98 33
99 2113
100 477
101 1177
102 532
103 717
104 1551
105 630
106 816
107 2155
108 1627
109 703
110 1917
111 1044
112 1970
113 992
114 138
115 602
116 783
117 886
118 2103
119 2163
120 1472
121 1782
122 1382
123 318
124 739
125 1041
126 530
127 1642
128 1498
129 247
130 736
131 356
132 678
133 1272
134 865
135 411
136 431
137 1474
138 515
139 1015
140 415
141 197
142 1682
143 197
144 1619
145 1058
146 734
147 2213
148 1938
149 1377
150 42
151 1236
152 167
153 655
154 557
155 1506
156 222
157 925
158 1829
159 280
160 53
161 1208
162 1494
163 2095
164 867
165 1227
166 10
167 263
168 1335
169 385
170 985
171 427
172 1395
173 405
174 192
175 1633
176 805
177 1295
178 1863
179 904
180 1427
181 1850
182 1395
183 1739
184 1921
185 234
186 1307
187 997
188 1177
189 186
190 1756
191 882
192 1492
193 1546
194 1796
195 362
196 1787
197 260
198 244
199 557
200 1594
201 1752
202 270
203 1522
204 1562
205 1393
206 672
207 1737
208 1983
209 473
210 469
211 1896
212 1815
213 1806
214 1737
215 1067
216 680
217 2046
218 821
219 1591
220 1280
221 1212
222 1589
223 1843
224 1270
225 1540
226 315
227 2138
228 34
229 1190
230 1113
231 372
232 1574
233 1832
234 2045
235 1151
236 637
237 907
238 1914
239 642
240 2097
241 2209
242 130
243 148
244 1105
245 129
246 1583
247 919
248 2143
249 418
250 722
251 275
252 276
253 306
254 814
255 1387
256 1477
257 155
258 323
259 1314
260 1070
261 901
262 1950
263 700
264 508
265 979
266 889
267 1478
268 1894
269 1411
270 404
271 1143
272 673
273 517
274 240
275 749
276 1330
277 1387
278 549
279 990
280 1009
281 1034
282 282
283 1908
284 678
285 969
286 903
287 958
288 894
289 895
290 1164
291 567
292 1334
293 1396
294 230
295 596
296 171
297 2029
298 1133
299 563
300 50
301 684
302 674
303 2000
304 1383
305 531
306 2134
307 1205
308 896
309 114
310 1034
311 1405
312 1544
313 1822
314 861
315 1222
316 583
317 2144
318 1877
319 735
320 1724
321 148
322 1211
323 1317
324 1947
325 1479
326 1131
327 278
328 538
329 367
330 1724
331 795
332 2042
333 1638
334 1235
335 1477
336 880
337 1749
338 1223
339 1516
340 586
341 1581
342 709
343 811
344 144
345 1751
346 423
347 496
348 1537
349 1752
350 2093
351 106
352 1354
353 400
354 1031
355 1555
356 2008
357 1317
358 1056
359 588
360 523
361 509
362 647
363 1664
364 1352
365 188
366 877
367 1498
368 1069
369 297
370 1147
371 1112
372 661
373 816
374 1288
375 1373
376 1529
377 1647
378 732
379 1127
380 121
381 894
382 174
383 371
384 952
385 1527
386 1208
387 1309
388 180
389 2112
390 191
391 1446
392 1126
393 2073
394 1793
395 1547
396 1030
397 696
398 265
399 2124
400 1795
401 1184
402 583
403 1140
404 1516
405 105
406 766
407 625
408 1810
409 320
410 1775
411 19
412 1237
413 19
414 1485
415 1672
416 1452
417 206
418 1893
419 1105
420 1578
421 1912
422 2187
423 395
424 450
425 2035
426 1754
427 1222
428 653
429 11
430 1578
431 712
432 976
433 2137
434 1355
435 611
436 1245
437 280
438 1259
439 733
440 1166
441 1052
442 5
443 918
444 2216
445 1630
446 289
447 1158
448 529
449 2120
450 1015
451 1763
452 898
453 1517
454 1708
455 2165
456 191
457 1822
458 714
459 839
460 108
461 1601
462 758
463 1853
464 2193
465 2174
466 1384
467 638
468 448
469 2032
470 1541
471 1896
472 1748
473 549
474 1426
475 2164
476 37
477 1867
478 255
479 667
480 2084
481 1091
482 2209
483 807
484 1963
485 1897
486 216
487 543
488 2027
489 1723
490 1684
491 1871
492 1858
493 1015
494 1786
495 838
496 1826
497 96
498 620
499 1396
500 628
501 857
502 138
503 1966
504 1863
505 699
506 1973
507 1870
508 1195
509 1903
510 578
511 599
512 994
513 879
514 1275
515 5
516 435
517 1364
518 1997
519 1560
520 1287
521 768
522 2018
523 1445
524 1695
525 728
526 1700
527 671
528 1575
529 1950
530 1573
531 638
532 2023
533 601
534 763
535 132
536 2175
537 132
538 5
539 1797
540 584
541 555
542 661
543 2070
544 156
545 2128
546 1689
547 1329
548 302
549 606
550 1288
551 768
552 476
553 1658
554 95
555 132
556 623
557 275
558 1094
559 1270
560 1235
561 1450
562 666
563 372
564 1346
565 375
566 648
567 1759
568 885
569 256
570 1238
571 236
572 1763
573 1048
574 1990
575 826
576 831
577 1364
578 1692
579 1592
580 1998
581 2218
582 200
583 506
584 1911
585 1668
586 634
587 1795
588 1399
589 1227
590 1952
591 420
592 386
593 2084
594 1761
595 1291
596 363
597 1457
598 1028
599 73
600 462
601 1868
602 24
603 452
604 1731
605 530
606 475
607 9
608 281
609 1016
610 996
611 463
612 41
613 693
614 1151
615 1455
616 532
617 370
618 1002
619 1498
620 575
621 1518
622 1887
623 358
624 1047
625 884
626 1378
627 1428
628 1143
629 264
630 684
631 917
632 125
633 1992
634 275
635 973
636 2150
637 2118
638 1257
639 527
640 2190
641 928
642 2080
643 591
644 987
645 1656
646 1483
647 1993
648 561
649 1143
650 1348
651 1207
652 460
653 544
654 2203
655 237
656 755
657 1660
658 2203
659 424
660 22
661 512
662 554
663 1928
664 1624
665 829
666 1585
667 1127
668 1103
669 216
670 126
671 370
672 111
673 36
674 333
675 2179
676 586
677 246
678 1763
679 1177
680 1643
681 2043
682 1134
683 2188
684 1146
685 1817
686 1332
687 1689
688 1822
689 2024
690 1920
691 28
692 1036
693 1372
694 1568
695 1148
696 255
697 1740
698 1169
699 614
700 70
701 860
702 893
703 694
704 952
705 477
706 107
707 2045
708 1099
709 969
710 1586
711 180
712 316
713 1299
714 1760
715 922
716 776
717 785
718 1775
719 332
720 415
721 540
722 329
723 24
724 1629
725 912
726 2173
727 99
728 1068
729 1658
730 860
731 233
732 887
733 1181
734 238
735 1432
736 49
737 1526
738 195
739 1364
740 1001
741 1503
742 144
743 85
744 1872
745 791
746 876
747 1436
748 789
749 162
750 1798
751 1200
752 1068
753 1028
754 1031
755 1281
756 912
757 602
758 2142
759 578
760 1032
761 1148
762 1954
763 598
764 692
765 1677
766 1607
767 2159
768 2193
769 953
770 1045
771 1927
772 1601
773 406
774 445
775 1936
776 138
777 2085
778 358
779 323
780 258
781 581
782 174
783 1210
784 1913
785 1953
786 2118
787 1664
788 1211
789 311
790 1185
791 362
792 95
793 1172
794 212
795 1317
796 1919
797 222
798 1018
799 895
800 626
801 1877
802 931
803 515
804 680
805 1310
806 1148
807 1367
808 1357
809 1574
810 163
811 1619
812 1142
813 1344
814 1083
815 476
816 1534
817 1089
818 659
819 319
820 171
821 1683
822 1902
823 2122
824 146
825 1942
826 1295
827 115
828 1694
829 139
830 961
831 2079
832 30
833 1971
834 1189
835 2049
836 1225
837 1654
838 545
839 2
840 1106
841 1958
842 768
843 2054
844 464
845 369
846 455
847 860
848 2110
849 1562
850 1808
851 1381
852 1461
853 912
854 2038
855 850
856 1943
857 2166
858 1386
859 1117
860 1116
861 1918
862 1763
863 372
864 1439
865 1391
866 1009
867 1874
868 59
869 1201
870 149
871 766
872 587
873 572
874 1714
875 1589
876 712
877 444
878 2050
879 1082
880 618
881 2119
882 419
883 1315
884 975
885 230
886 1545
887 33
888 2096
889 1887
890 1961
891 1764
892 677
893 1949
894 388
895 1986
896 417
897 1097
898 411
899 378
900 1452
901 1012
902 1474
903 1631
904 478
905 2018
906 1053
907 470
908 1134
909 1783
910 509
911 278
912 689
913 2034
914 70
915 1279
916 1828
917 935
918 922
919 628
920 2145
921 1571
922 1267
923 672
924 412
925 1703
926 1654
927 431
928 1017
929 562
930 2211
931 880
932 1956
933 2062
934 512
935 544
936 1077
937 1650
938 1111
939 965
940 2119
941 1047
942 500
943 897
944 1387
945 1761
946 1956
947 891
948 119
949 541
950 1054
951 1247
952 2057
953 1260
954 1591
955 1296
956 2087
957 419
958 821
959 1979
960 529
961 2142
962 1018
963 30
964 1478
965 2031
966 1203
967 169
968 1782
969 1161
970 281
971 2186
972 411
973 1131
974 788
975 1988
976 271
977 2090
978 519
979 1521
980 2078
981 1100
982 789
983 91
984 244
985 2037
986 1045
987 1947
988 258
989 859
990 84
991 1669
992 193
993 674
994 1334
995 753
996 487
997 1727
998 1175
999 1280
1000 2122
1001 2092
1002 1720
1003 1165
1004 1451
1005 322
1006 1183
1007 1370
1008 993
1009 1165
1010 1663
1011 90
1012 1802
1013 633
1014 1753
1015 13
1016 1317
1017 156
1018 611
1019 1519
1020 452
1021 989
1022 1320
1023 769
1024 1184
1025 64
1026 536
1027 530
1028 469
1029 1502
1030 1220
1031 1040
1032 1110
1033 1667
1034 2103
1035 1464
1036 475
1037 178
1038 657
1039 85
1040 556
1041 714
1042 1005
1043 1555
1044 1557
1045 606
1046 461
1047 764
1048 199
1049 1470
1050 2115
1051 442
1052 1580
1053 2132
1054 1092
1055 160
1056 2103
1057 1411
1058 654
1059 455
1060 2219
1061 2139
1062 229
1063 1481
1064 1649
1065 2003
1066 342
1067 578
1068 1795
1069 308
1070 1503
1071 687
1072 961
1073 177
1074 166
1075 1984
1076 350
1077 816
1078 2141
1079 1412
1080 713
1081 1867
1082 1645
1083 1360
1084 2065
1085 1895
1086 342
1087 644
1088 272
1089 1862
1090 1770
1091 1696
1092 1319
1093 1859
1094 91
1095 1483
1096 1155
1097 784
1098 1095
1099 1263
1100 947
1101 1895
1102 1023
1103 1295
1104 1502
1105 2197
1106 262
1107 1717
1108 1878
1109 1908
1110 2016
1111 1134
1112 1600
1113 1261
1114 325
1115 1175
1116 44
1117 728
1118 319
1119 355
1120 1160
1121 60
1122 1484
1123 156
1124 331
1125 2124
1126 1307
1127 1209
1128 219
1129 1595
1130 1734
1131 1639
1132 1962
1133 911
1134 902
1135 1156
1136 1951
1137 79
1138 308
1139 1876
1140 558
1141 688
1142 1983
1143 622
1144 1452
1145 1733
1146 1443
1147 325
1148 1924
1149 1720
1150 1532
1151 657
1152 1088
1153 846
1154 2111
1155 1835
1156 222
1157 97
1158 1880
1159 710
1160 453
1161 1726
1162 1171
1163 1659
1164 772
1165 1568
1166 29
1167 276
1168 1
1169 794
1170 1750
1171 947
1172 1865
1173 1868
1174 2062
1175 1339
1176 2069
1177 1051
1178 1036
1179 463
1180 1600
1181 771
1182 2054
1183 63
1184 68
1185 1100
1186 907
1187 53
1188 368
1189 286
1190 1768
1191 1208
1192 404
1193 183
1194 261
1195 1406
1196 780
1197 630
1198 1105
1199 1095
1200 1837
1201 161
1202 1845
1203 1304
1204 210
1205 994
1206 2206
1207 1520
1208 250
1209 1392
1210 1220
1211 928
1212 1048
1213 512
1214 1187
1215 45
1216 793
1217 1431
1218 197
1219 294
1220 1478
1221 1065
1222 793
1223 494
1224 1407
1225 602
1226 888
1227 1220
1228 1466
1229 1563
1230 1785
1231 1064
1232 131
1233 804
1234 146
1235 1129
1236 1708
1237 1227
1238 657
1239 568
1240 1548
1241 16
1242 1085
1243 479
1244 1157
1245 1192
1246 1693
1247 1392
1248 2083
1249 1363
1250 1764
1251 927
1252 1569
1253 2007
1254 440
1255 476
1256 1582
1257 349
1258 1092
1259 862
1260 1621
1261 2118
1262 603
1263 120
1264 2153
1265 496
1266 1419
1267 498
1268 1013
1269 1511
1270 217
1271 1206
1272 1649
1273 2017
1274 787
1275 1809
1276 106
1277 1869
1278 1057
1279 2075
1280 56
1281 1971
1282 1760
1283 274
1284 2129
1285 702
1286 1209
1287 2028
1288 1125
1289 69
1290 1113
1291 1703
1292 4
1293 675
1294 1186
1295 402
1296 1801
1297 274
1298 1593
1299 231
1300 1149
1301 201
1302 1699
1303 357
1304 1655
1305 1301
1306 532
1307 1851
1308 335
1309 1047
1310 1702
1311 50
1312 66
1313 1110
1314 977
1315 731
1316 1050
1317 1142
1318 1352
1319 881
1320 2137
1321 2133
1322 44
1323 1187
1324 1226
1325 51
1326 1035
1327 188
1328 659
1329 899
1330 1762
1331 467
1332 2105
1333 635
1334 1336
1335 1452
1336 797
1337 1511
1338 522
1339 1879
1340 15
1341 510
1342 1772
1343 2009
1344 424
1345 780
1346 517
1347 1059
1348 3
1349 795
1350 158
1351 2065
1352 114
1353 1416
1354 308
1355 457
1356 1805
1357 854
1358 1653
1359 518
1360 804
1361 1422
1362 2103
1363 1430
1364 146
1365 1067
1366 1846
1367 2022
1368 1934
1369 594
1370 1797
1371 775
1372 601
1373 833
1374 1004
1375 814
1376 2209
1377 1550
1378 1282
1379 1800
1380 1806
1381 4
1382 1429
1383 1779
1384 210
1385 130
1386 683
1387 987
1388 1820
1389 1115
1390 1241
1391 1794
1392 1740
1393 228
1394 2120
1395 444
1396 1856
1397 1719
1398 1937
1399 1586
1400 1021
1401 69
1402 955
1403 1111
1404 1794
1405 403
1406 1230
1407 908
1408 1551
1409 358
1410 1040
1411 1293
1412 1170
1413 2096
1414 452
1415 1296
1416 768
1417 684
1418 1648
1419 601
1420 43
1421 1947
1422 1764
1423 1356
1424 2150
1425 924
1426 928
1427 1351
1428 1086
1429 679
1430 91
1431 1238
1432 2168
1433 1694
1434 1891
1435 1426
1436 1930
1437 1537
1438 1472
1439 1603
1440 2192
1441 1913
1442 1929
1443 2192
1444 58
1445 1794
1446 1552
1447 2140
1448 34
1449 1233
1450 1008
1451 1271
1452 2219
1453 430
1454 2042
1455 388
1456 1496
1457 1008
1458 1967
1459 117
1460 1373
1461 835
1462 1543
1463 2066
1464 2001
1465 530
1466 998
1467 1679
1468 769
1469 1721
1470 2118
1471 1773
1472 1255
1473 2086
1474 1554
1475 1276
1476 457
1477 1974
1478 511
1479 733
1480 1005
1481 2194
1482 867
1483 590
1484 169
1485 521
1486 1385
1487 1539
1488 1602
1489 2221
1490 1491
1491 1283
1492 2161
1493 1625
1494 87
1495 368
1496 1158
1497 934
1498 40
1499 119
1500 1772
1501 1125
1502 1734
1503 2097
1504 868
1505 1603
1506 867
1507 882
1508 651
1509 537
1510 145
1511 1175
1512 738
1513 114
1514 1134
1515 1848
1516 196
1517 1392
1518 1677
1519 47
1520 622
1521 1712
1522 2202
1523 146
1524 1610
1525 1502
1526 2070
1527 503
1528 2007
1529 193
1530 1793
1531 17
1532 409
1533 2189
1534 1203
1535 1699
1536 51
1537 1549
1538 775
1539 58
1540 54
1541 46
1542 1497
1543 2027
1544 175
1545 1333
1546 528
1547 2199
1548 1944
1549 2219
1550 1655
1551 2025
1552 1853
1553 1609
1554 740
1555 42
1556 1657
1557 687
1558 1582
1559 1639
1560 134
1561 1426
1562 52
1563 52
1564 720
1565 660
1566 1205
1567 653
1568 21
1569 1804
1570 1315
1571 816
1572 675
1573 1505
1574 1195
1575 1164
1576 2182
1577 1188
1578 127
1579 1128
1580 1167
1581 1746
1582 1739
1583 2075
1584 1360
1585 1948
1586 1110
1587 764
1588 1350
1589 297
1590 1464
1591 1259
1592 657
1593 1278
1594 785
1595 280
1596 790
1597 398
1598 333
1599 1991
1600 1831
1601 1064
1602 1498
1603 676
1604 756
1605 522
1606 722
1607 1416
1608 647
1609 91
1610 81
1611 784
1612 1032
1613 811
1614 734
1615 411
1616 827
1617 564
1618 660
1619 1854
1620 285
1621 1034
1622 372
1623 666
1624 703
1625 378
1626 584
1627 1125
1628 793
1629 705
1630 1786
1631 2148
1632 1638
1633 903
1634 262
1635 2213
1636 80
1637 1224
1638 1926
1639 1919
1640 1602
1641 1953
1642 1830
1643 2224
1644 1514
1645 549
1646 1638
1647 1565
1648 885
1649 58
1650 254
1651 1648
1652 2106
1653 452
1654 1612
1655 1145
1656 1396
1657 33
1658 1835
1659 1163
1660 1635
1661 1401
1662 2119
1663 1784
1664 2196
1665 1106
1666 2057
1667 1966
1668 748
1669 2035
1670 766
1671 1320
1672 539
1673 1897
1674 304
1675 87
1676 88
1677 1760
1678 339
1679 1154
1680 815
1681 1803
1682 204
1683 1301
1684 1352
1685 1735
1686 385
1687 425
1688 1273
1689 774
1690 1851
1691 2167
1692 1301
1693 1757
1694 474
1695 772
1696 41
1697 152
1698 1604
1699 1683
1700 975
1701 2093
1702 531
1703 1427
1704 364
1705 1068
1706 1703
1707 480
1708 1726
1709 2107
1710 966
1711 1405
1712 1554
1713 1645
1714 507
1715 1458
1716 452
1717 445
1718 1217
1719 1920
1720 96
1721 1654
1722 1219
1723 1375
1724 1441
1725 304
1726 1200
1727 1004
1728 1894
1729 326
1730 1140
1731 326
1732 1898
1733 788
1734 2003
1735 1486
1736 695
1737 1140
1738 1520
1739 1755
1740 1852
1741 1256
1742 1264
1743 997
1744 1440
1745 1387
1746 1096
1747 2209
1748 2142
1749 1939
1750 463
1751 1727
1752 1744
1753 1521
1754 799
1755 1608
1756 898
1757 1607
1758 1605
1759 159
1760 701
1761 172
1762 1612
1763 1274
1764 1770
1765 1579
1766 1504
1767 2123
1768 1117
1769 125
1770 1341
1771 831
1772 1974
1773 294
1774 1757
1775 1654
1776 542
1777 1925
1778 188
1779 1759
1780 1246
1781 174
1782 1585
1783 620
1784 704
1785 108
1786 1108
1787 875
1788 1062
1789 556
1790 1308
1791 1906
1792 2137
1793 957
1794 549
1795 715
1796 1878
1797 1659
1798 2062
1799 1122
1800 1937
1801 738
1802 1918
1803 1991
1804 940
1805 1555
1806 152
1807 1117
1808 99
1809 1693
1810 1560
1811 723
1812 158
1813 2038
1814 1806
1815 1842
1816 331
1817 1565
1818 1511
1819 1944
1820 1353
1821 1175
1822 1407
1823 1850
1824 810
1825 1559
1826 638
1827 2219
1828 1219
1829 2154
1830 90
1831 1059
1832 1680
1833 1060
1834 337
1835 902
1836 2013
1837 590
1838 2158
1839 750
1840 404
1841 839
1842 1431
1843 984
1844 1373
1845 439
1846 1317
1847 978
1848 1525
1849 1550
1850 1200
1851 2186
1852 348
1853 1932
1854 502
1855 56
1856 1952
1857 1430
1858 1239
1859 370
1860 1068
1861 1818
1862 1559
1863 1415
1864 477
1865 1692
1866 693
1867 856
1868 466
1869 1116
1870 643
1871 227
1872 352
1873 338
1874 276
1875 454
1876 590
1877 569
1878 217
1879 228
1880 2076
1881 1103
1882 1025
1883 313
1884 1266
1885 1214
1886 415
1887 1329
1888 1568
1889 277
1890 609
1891 742
1892 2098
1893 781
1894 1861
1895 2039
1896 2221
1897 2124
1898 897
1899 524
1900 1378
1901 2005
1902 388
1903 1099
1904 950
1905 1948
1906 1360
1907 2156
1908 363
1909 1507
1910 1316
1911 28
1912 1558
1913 29
1914 860
1915 579
1916 319
1917 2191
1918 1506
1919 1391
1920 2099
1921 1923
1922 300
1923 1195
1924 1207
1925 1529
1926 1859
1927 1947
1928 513
1929 1182
1930 988
1931 297
1932 1602
1933 732
1934 1173
1935 1186
1936 2180
1937 186
1938 1140
1939 1443
1940 2082
1941 2133
1942 690
1943 1063
1944 1317
1945 756
1946 2199
1947 1493
1948 2050
1949 1929
1950 155
1951 1623
1952 1383
1953 2061
1954 1529
1955 767
1956 1200
1957 1756
1958 363
1959 1711
1960 1137
1961 2059
1962 31
1963 2204
1964 1767
1965 2105
1966 1986
1967 1045
1968 61
1969 1984
1970 87
1971 507
1972 1751
1973 2077
1974 960
1975 1634
1976 1213
1977 1565
1978 1106
1979 265
1980 2044
1981 322
1982 686
1983 1085
1984 1261
1985 1130
1986 1416
1987 936
1988 1912
1989 189
1990 869
1991 1034
1992 1
1993 1512
1994 590
1995 707
1996 1974
1997 1467
1998 835
1999 1526
2000 2114
2001 1268
2002 2
2003 1007
2004 418
2005 375
2006 555
2007 894
2008 316
2009 1046
2010 1255
2011 2007
2012 508
2013 204
2014 1301
2015 444
2016 1465
2017 1392
2018 192
2019 1287
2020 1688
2021 1623
2022 1777
2023 843
2024 882
2025 220
2026 1089
2027 55
2028 865
2029 1490
2030 733
2031 4
2032 517
2033 794
2034 1598
2035 2015
2036 1522
2037 391
2038 1499
2039 1918
2040 1347
2041 688
2042 1984
2043 1847
2044 2059
2045 167
2046 411
2047 1983
2048 1397
2049 11
2050 706
2051 408
2052 887
2053 2129
2054 1120
2055 476
2056 56
2057 2211
2058 1457
2059 178
2060 1831
2061 1173
2062 1490
2063 886
2064 1704
2065 1155
2066 275
2067 97
2068 2038
2069 1659
2070 1595
2071 932
2072 336
2073 766
2074 428
2075 795
2076 1146
2077 904
2078 1549
2079 1173
2080 1512
2081 1120
2082 1975
2083 1935
2084 1030
2085 3
2086 756
2087 1256
2088 969
2089 2145
2090 798
2091 1820
2092 429
2093 101
2094 92
2095 1399
2096 1550
2097 1907
2098 1682
2099 547
2100 1264
2101 39
2102 2068
2103 49
2104 1635
2105 801
2106 539
2107 599
2108 1604
2109 2163
2110 358
2111 273
2112 1415
2113 1637
2114 646
2115 2188
2116 1881
2117 818
2118 1614
2119 1555
2120 742
2121 639
2122 1254
2123 878
2124 1743
2125 1755
2126 2142
2127 358
2128 1362
2129 1977
2130 1890
2131 400
2132 1155
2133 806
2134 836
2135 1724
2136 1783
2137 2063
2138 1475
2139 1904
2140 1909
2141 1706
2142 236
2143 1371
2144 1732
2145 270
2146 1179
2147 2170
2148 458
2149 175
2150 1352
2151 521
2152 1174
2153 1082
2154 1122
2155 1348
2156 2223
2157 2027
2158 734
2159 923
2160 1596
2161 1845
2162 1071
2163 142
2164 1813
2165 262
2166 241
2167 183
2168 992
2169 1965
2170 1280
2171 1791
2172 1848
2173 29
2174 651
2175 84
2176 1312
2177 644
2178 1311
2179 246
2180 832
2181 1165
2182 1629
2183 662
2184 412
2185 369
2186 1423
2187 1509
2188 747
2189 1862
2190 1966
2191 853
2192 1575
2193 542
2194 1785
2195 786
2196 786
2197 1726
2198 1373
2199 1878
2200 57
2201 1206
2202 1511
2203 1995
2204 1263
2205 2194
2206 1874
2207 173
2208 1742
2209 1428
2210 590
2211 720
2212 1021
2213 1387
2214 1433
2215 804
2216 1776
2217 12
2218 1023
2219 159
2220 1187
2221 293
2222 1629
2223 1912
2224 718
