0 428
1 2042
2 575
3 889
4 639
5 470
6 1375
7 242
8 1728
9 1192
10 598
11 1081
12 820
13 1241
14 105
15 529
16 884
17 1056
18 585
19 1989
20 2122
21 1252
22 1862
23 1923
24 1168
25 126
26 398
27 71
28 519
29 39
30 1559
31 2049
32 907
33 551
34 322
35 1101
36 673
37 939
38 1648
39 171
40 836
41 2070
42 979
43 1697
44 1990
45 479
46 1468
47 225
48 1091
49 1655
50 1987
51 365
52 963
53 570
54 334
55 779
56 2073
57 1710
58 238
59 2050
60 1949
61 1511
62 1686
63 201
64 1255
65 1976
66 1892
67 682
68 421
69 1335
70 773
71 657
72 285
73 359
74 1304
75 928
76 2078
77 1637
78 995
79 227
80 1474
81 1380
82 110
83 2108
84 589
85 943
86 1309
87 2101
88 1501
89 1456
90 50
91 32
92 767
93 8
94 1367
95 280
96 168
97 1868
98 1344
99 1935
100 2135
101 1391
102 1497
103 1197
104 1080
105 735
106 306
107 1582
108 1895
109 1038
110 1330
111 2222
112 509
113 501
114 2189
115 960
116 1261
117 1475
118 170
119 1804
120 69
121 2050
122 655
123 209
124 695
125 306
126 783
127 2069
128 1955
129 528
130 1867
131 629
132 2103
133 271
134 893
135 600
136 840
137 1658
138 1989
139 1015
140 894
141 1220
142 53
143 171
144 1116
145 776
146 1310
147 1715
148 20
149 2121
150 561
151 115
152 1756
153 1252
154 1627
155 2205
156 584
157 1162
158 946
159 968
160 256
161 1700
162 72
163 1309
164 1794
165 1357
166 1539
167 1351
168 1649
169 1616
170 108
171 2172
172 2152
173 1872
174 411
175 1572
176 1534
177 44
178 972
179 1753
180 923
181 170
182 259
183 631
184 1045
185 886
186 560
187 1110
188 956
189 705
190 1458
191 1700
192 1278
193 2093
194 863
195 99
196 643
197 643
198 1561
199 263
200 1354
201 2175
202 36
203 1483
204 706
205 681
206 214
207 427
208 17
209 1154
210 110
211 1884
212 465
213 1328
214 1200
215 838
216 808
217 781
218 566
219 632
220 1131
221 1650
222 579
223 773
224 1260
225 807
226 833
227 213
228 1421
229 412
230 1266
231 1519
232 832
233 39
234 1526
235 2196
236 34
237 954
238 448
239 529
240 941
241 1124
242 1026
243 1561
244 595
245 279
246 1442
247 309
248 1585
249 912
250 1346
251 1407
252 465
253 5
254 1020
255 1420
256 2099
257 1346
258 959
259 1996
260 1932
261 435
262 1075
263 1387
264 226
265 1809
266 2130
267 1418
268 1392
269 1904
270 553
271 1326
272 1935
273 2045
274 862
275 1627
276 1933
277 1722
278 2174
279 1573
280 1349
281 1640
282 1985
283 985
284 487
285 658
286 1065
287 923
288 2204
289 1652
290 1283
291 516
292 438
293 1320
294 1404
295 1248
296 1859
297 271
298 1938
299 909
300 1846
301 1858
302 1262
303 1819
304 1108
305 2119
306 1373
307 810
308 1288
309 963
310 922
311 1806
312 976
313 1528
314 1164
315 76
316 1149
317 1305
318 616
319 873
320 990
321 1992
322 193
323 301
324 1489
325 479
326 2213
327 1747
328 249
329 1893
330 1215
331 1105
332 1022
333 603
334 1729
335 616
336 1101
337 408
338 1057
339 1742
340 1973
341 1694
342 828
343 1409
344 1972
345 1777
346 1456
347 2005
348 888
349 609
350 414
351 1538
352 2061
353 1114
354 1819
355 117
356 219
357 410
358 1291
359 582
360 1106
361 826
362 1516
363 1429
364 1939
365 1426
366 494
367 1398
368 1925
369 1986
370 1260
371 1206
372 1389
373 1867
374 1693
375 600
376 785
377 1818
378 476
379 380
380 692
381 1805
382 465
383 1702
384 1243
385 1463
386 882
387 334
388 216
389 1888
390 34
391 1199
392 1565
393 1250
394 956
395 612
396 879
397 1912
398 1649
399 1615
400 648
401 488
402 48
403 703
404 670
405 1317
406 745
407 1857
408 2066
409 902
410 930
411 1246
412 259
413 796
414 1452
415 1341
416 446
417 1343
418 510
419 577
420 1760
421 1916
422 1107
423 1519
424 1519
425 262
426 95
427 2095
428 1510
429 407
430 822
431 2082
432 1264
433 1554
434 1948
435 2036
436 1557
437 422
438 489
439 1465
440 607
441 1690
442 2195
443 2020
444 1292
445 666
446 1002
447 1126
448 612
449 315
450 2028
451 863
452 1198
453 361
454 617
455 1393
456 2057
457 1923
458 689
459 1118
460 2068
461 1120
462 59
463 397
464 1409
465 129
466 584
467 1144
468 1924
469 1277
470 502
471 2190
472 956
473 1450
474 2025
475 393
476 2035
477 358
478 2081
479 123
480 354
481 1292
482 50
483 998
484 785
485 441
486 850
487 1263
488 1276
489 1663
490 1
491 1215
492 1961
493 1836
494 1069
495 1162
496 1464
497 2074
498 1987
499 1183
500 1783
501 2099
502 84
503 1035
504 1587
505 1099
506 1269
507 1129
508 279
509 0
510 416
511 2001
512 1694
513 1198
514 65
515 1123
516 2014
517 1007
518 2085
519 944
520 1073
521 400
522 1568
523 1809
524 680
525 163
526 828
527 1322
528 1492
529 267
530 1589
531 1682
532 466
533 675
534 867
535 639
536 2188
537 1714
538 1715
539 2137
540 1837
541 1891
542 1666
543 1949
544 1408
545 716
546 83
547 1104
548 1849
549 1354
550 2081
551 2061
552 1152
553 51
554 1684
555 1635
556 975
557 1041
558 1734
559 857
560 1581
561 2125
562 962
563 907
564 1584
565 1174
566 114
567 1440
568 2080
569 397
570 167
571 1835
572 1120
573 2079
574 1572
575 370
576 785
577 2118
578 1636
579 1736
580 1580
581 1268
582 261
583 372
584 644
585 1382
586 1850
587 902
588 108
589 61
590 1350
591 1422
592 1107
593 86
594 1056
595 1821
596 2174
597 1250
598 440
599 224
600 569
601 743
602 48
603 2137
604 2008
605 164
606 1609
607 902
608 971
609 2192
610 2082
611 92
612 102
613 297
614 1458
615 1550
616 1003
617 1824
618 260
619 621
620 141
621 1912
622 797
623 51
624 1321
625 567
626 318
627 827
628 2125
629 344
630 1442
631 1860
632 594
633 1507
634 74
635 725
636 35
637 476
638 550
639 1349
640 1048
641 313
642 1654
643 555
644 797
645 1075
646 377
647 704
648 416
649 286
650 68
651 1700
652 92
653 1091
654 735
655 1805
656 188
657 127
658 1373
659 781
660 2122
661 1850
662 1233
663 2055
664 1511
665 1325
666 1131
667 1176
668 672
669 1476
670 1727
671 1610
672 700
673 705
674 1339
675 272
676 1886
677 1375
678 1758
679 1897
680 1237
681 1861
682 340
683 598
684 980
685 427
686 1616
687 750
688 314
689 1198
690 473
691 73
692 314
693 1226
694 548
695 779
696 1029
697 1894
698 1052
699 196
700 2088
701 1367
702 2078
703 517
704 1611
705 2177
706 1023
707 706
708 74
709 1784
710 79
711 603
712 398
713 407
714 1761
715 2039
716 1516
717 2073
718 1571
719 40
720 1936
721 1819
722 1400
723 79
724 1591
725 611
726 2207
727 2180
728 584
729 1474
730 895
731 18
732 2025
733 2186
734 422
735 2052
736 740
737 1059
738 730
739 1786
740 1100
741 1756
742 921
743 12
744 1683
745 215
746 2114
747 196
748 1499
749 1380
750 2115
751 115
752 2110
753 169
754 1885
755 2102
756 2137
757 215
758 476
759 159
760 1251
761 1981
762 31
763 2181
764 1282
765 1682
766 1103
767 577
768 1881
769 1185
770 861
771 1824
772 1155
773 212
774 617
775 1899
776 1814
777 1998
778 246
779 1809
780 1541
781 355
782 48
783 1367
784 1778
785 925
786 1585
787 1537
788 1085
789 979
790 1807
791 1195
792 299
793 984
794 1682
795 1930
796 1612
797 1156
798 1125
799 137
800 1924
801 1384
802 468
803 1714
804 552
805 1954
806 771
807 708
808 0
809 1296
810 121
811 859
812 1452
813 1261
814 1908
815 1527
816 1292
817 1311
818 2011
819 1059
820 2162
821 366
822 420
823 1044
824 1127
825 105
826 2088
827 999
828 311
829 872
830 745
831 1674
832 1622
833 1950
834 1543
835 557
836 1423
837 744
838 458
839 337
840 437
841 1177
842 551
843 1375
844 58
845 1453
846 1971
847 28
848 2007
849 333
850 1969
851 124
852 325
853 2098
854 1300
855 294
856 1684
857 1292
858 126
859 117
860 1011
861 564
862 1586
863 859
864 1146
865 1529
866 1776
867 2025
868 381
869 1011
870 596
871 411
872 354
873 1271
874 2195
875 1997
876 2018
877 1396
878 1204
879 2110
880 769
881 918
882 701
883 453
884 811
885 2128
886 2038
887 1932
888 334
889 695
890 230
891 846
892 156
893 1489
894 1964
895 2183
896 1171
897 801
898 1579
899 421
900 237
901 2204
902 76
903 2156
904 970
905 513
906 1564
907 1067
908 774
909 2097
910 1074
911 491
912 245
913 135
914 1229
915 1277
916 970
917 1366
918 2151
919 581
920 727
921 531
922 951
923 1872
924 817
925 563
926 1117
927 526
928 552
929 1792
930 1263
931 1041
932 129
933 1984
934 1557
935 1597
936 1240
937 552
938 1503
939 28
940 612
941 924
942 1360
943 140
944 1036
945 387
946 203
947 1488
948 1684
949 951
950 596
951 1759
952 1990
953 730
954 1256
955 826
956 403
957 1111
958 1503
959 2058
960 932
961 14
962 1331
963 374
964 1243
965 223
966 2174
967 141
968 268
969 1147
970 937
971 1067
972 2004
973 1485
974 799
975 1023
976 1532
977 1054
978 525
979 1593
980 1155
981 2172
982 1975
983 1280
984 82
985 1887
986 979
987 1521
988 1827
989 1618
990 714
991 182
992 343
993 967
994 1207
995 603
996 1591
997 2183
998 308
999 330
1000 14
1001 1995
1002 76
1003 535
1004 1736
1005 1174
1006 1272
1007 1828
1008 1420
1009 630
1010 1086
1011 332
1012 1193
1013 2030
1014 64
1015 1261
1016 461
1017 68
1018 2014
1019 1802
1020 1522
1021 261
1022 436
1023 225
1024 774
1025 602
1026 1513
1027 992
1028 977
1029 943
1030 764
1031 845
1032 1059
1033 1820
1034 769
1035 1185
1036 1871
1037 955
1038 2072
1039 176
1040 444
1041 487
1042 1447
1043 2029
1044 2202
1045 2060
1046 1775
1047 1641
1048 1452
1049 1752
1050 2054
1051 882
1052 0
1053 431
1054 163
1055 161
1056 867
1057 997
1058 152
1059 1267
1060 1434
1061 1753
1062 522
1063 1401
1064 2003
1065 254
1066 372
1067 1469
1068 141
1069 798
1070 1492
1071 1341
1072 518
1073 1431
1074 1842
1075 85
1076 1624
1077 1285
1078 1647
1079 1267
1080 463
1081 413
1082 1172
1083 866
1084 984
1085 674
1086 1385
1087 2045
1088 2024
1089 1640
1090 1543
1091 1937
1092 1531
1093 1578
1094 635
1095 2167
1096 1178
1097 1102
1098 1241
1099 1033
1100 928
1101 1728
1102 1864
1103 1010
1104 296
1105 298
1106 445
1107 2130
1108 823
1109 1322
1110 683
1111 2126
1112 1780
1113 1791
1114 2002
1115 280
1116 1062
1117 221
1118 1820
1119 1793
1120 1052
1121 602
1122 391
1123 1163
1124 429
1125 89
1126 250
1127 345
1128 1258
1129 1086
1130 238
1131 158
1132 768
1133 215
1134 506
1135 1762
1136 1537
1137 1163
1138 940
1139 1111
1140 1659
1141 343
1142 97
1143 353
1144 578
1145 1176
1146 522
1147 815
1148 1819
1149 283
1150 1620
1151 1104
1152 41
1153 1710
1154 1595
1155 54
1156 971
1157 1450
1158 937
1159 1457
1160 2047
1161 819
1162 868
1163 1189
1164 1015
1165 2125
1166 1300
1167 604
1168 499
1169 959
1170 1282
1171 1216
1172 2218
1173 178
1174 239
1175 2065
1176 1686
1177 1248
1178 414
1179 831
1180 1778
1181 1651
1182 1020
1183 848
1184 274
1185 1671
1186 1576
1187 1164
1188 2036
1189 1773
1190 46
1191 1180
1192 2060
1193 859
1194 929
1195 343
1196 906
1197 1612
1198 1485
1199 870
1200 219
1201 1049
1202 1139
1203 1695
1204 575
1205 674
1206 2034
1207 1270
1208 1808
1209 636
1210 47
1211 717
1212 282
1213 119
1214 1950
1215 734
1216 805
1217 1499
1218 553
1219 743
1220 1969
1221 554
1222 1835
1223 897
1224 799
1225 1877
1226 829
1227 626
1228 595
1229 1657
1230 73
1231 1247
1232 600
1233 681
1234 1791
1235 1652
1236 1835
1237 378
1238 724
1239 1327
1240 1125
1241 941
1242 2165
1243 1002
1244 1616
1245 1562
1246 269
1247 2020
1248 154
1249 872
1250 360
1251 2218
1252 1248
1253 13
1254 571
1255 387
1256 789
1257 844
1258 1993
1259 2216
1260 1824
1261 240
1262 158
1263 786
1264 995
1265 1839
1266 121
1267 1857
1268 31
1269 318
1270 625
1271 2017
1272 1447
1273 1596
1274 1828
1275 383
1276 1530
1277 180
1278 1038
1279 2114
1280 1338
1281 1376
1282 1571
1283 1348
1284 1409
1285 462
1286 2034
1287 1043
1288 1627
1289 980
1290 1019
1291 993
1292 171
1293 331
1294 1931
1295 1756
1296 2112
1297 1087
1298 640
1299 834
1300 1453
1301 1919
1302 187
1303 1475
1304 1213
1305 1994
1306 65
1307 461
1308 1818
1309 2085
1310 2067
1311 1162
1312 1741
1313 1630
1314 278
1315 1263
1316 1084
1317 1093
1318 951
1319 2151
1320 1545
1321 441
1322 1622
1323 1167
1324 1310
1325 1521
1326 861
1327 1406
1328 2183
1329 1845
1330 1259
1331 1365
1332 1736
1333 929
1334 540
1335 1306
1336 400
1337 1569
1338 1831
1339 1709
1340 1734
1341 1025
1342 425
1343 2040
1344 715
1345 125
1346 1453
1347 1541
1348 1807
1349 1326
1350 1039
1351 1789
1352 1077
1353 1364
1354 1795
1355 948
1356 1426
1357 1001
1358 1683
1359 594
1360 810
1361 1212
1362 2188
1363 2154
1364 284
1365 1662
1366 752
1367 1521
1368 72
1369 1582
1370 467
1371 2084
1372 473
1373 1643
1374 54
1375 1726
1376 1667
1377 1971
1378 1501
1379 1075
1380 1527
1381 469
1382 1686
1383 1041
1384 150
1385 1411
1386 1339
1387 1427
1388 339
1389 1619
1390 1817
1391 692
1392 1617
1393 1554
1394 1157
1395 1421
1396 757
1397 917
1398 1648
1399 1142
1400 1443
1401 1224
1402 2009
1403 2119
1404 875
1405 603
1406 663
1407 398
1408 1308
1409 1948
1410 2116
1411 940
1412 692
1413 393
1414 509
1415 611
1416 1785
1417 1028
1418 545
1419 994
1420 877
1421 731
1422 2180
1423 2067
1424 1385
1425 342
1426 1959
1427 1066
1428 1853
1429 429
1430 1538
1431 1430
1432 54
1433 1221
1434 202
1435 392
1436 806
1437 1504
1438 348
1439 128
1440 244
1441 1627
1442 272
1443 411
1444 1218
1445 1412
1446 1572
1447 589
1448 912
1449 1997
1450 1848
1451 1970
1452 2131
1453 789
1454 624
1455 1500
1456 1917
1457 611
1458 78
1459 392
1460 602
1461 1562
1462 1663
1463 1150
1464 85
1465 576
1466 1274
1467 1979
1468 683
1469 263
1470 1081
1471 1191
1472 1456
1473 2017
1474 503
1475 1717
1476 1037
1477 1225
1478 1414
1479 1460
1480 885
1481 2038
1482 1822
1483 1914
1484 594
1485 631
1486 2057
1487 144
1488 1590
1489 2156
1490 1809
1491 408
1492 819
1493 1780
1494 1219
1495 818
1496 1034
1497 1346
1498 1951
1499 1085
1500 1926
1501 2107
1502 1191
1503 1051
1504 344
1505 274
1506 157
1507 1207
1508 854
1509 1725
1510 2117
1511 502
1512 179
1513 1751
1514 395
1515 479
1516 355
1517 77
1518 608
1519 1749
1520 1673
1521 1607
1522 2215
1523 701
1524 685
1525 76
1526 1513
1527 1424
1528 1981
1529 509
1530 1218
1531 1166
1532 2189
1533 62
1534 342
1535 1483
1536 752
1537 1330
1538 89
1539 1985
1540 1897
1541 729
1542 1596
1543 1166
1544 1588
1545 650
1546 1622
1547 211
1548 1425
1549 921
1550 929
1551 10
1552 1518
1553 1898
1554 1681
1555 200
1556 74
1557 2088
1558 584
1559 455
1560 838
1561 1935
1562 1208
1563 1303
1564 1007
1565 489
1566 1580
1567 1565
1568 1508
1569 1250
1570 769
1571 765
1572 672
1573 343
1574 339
1575 685
1576 155
1577 1356
1578 496
1579 2194
1580 1236
1581 1130
1582 206
1583 1868
1584 436
1585 457
1586 378
1587 2202
1588 32
1589 796
1590 1183
1591 1683
1592 858
1593 1008
1594 669
1595 1241
1596 1909
1597 1464
1598 491
1599 934
1600 1569
1601 633
1602 1720
1603 716
1604 203
1605 499
1606 1931
1607 1504
1608 2220
1609 912
1610 1649
1611 2037
1612 1075
1613 796
1614 2214
1615 126
1616 1803
1617 1569
1618 1852
1619 824
1620 1348
1621 1025
1622 924
1623 1924
1624 1498
1625 463
1626 823
1627 549
1628 536
1629 109
1630 277
1631 162
1632 238
1633 1379
1634 646
1635 971
1636 81
1637 1123
1638 883
1639 13
1640 1023
1641 1997
1642 1039
1643 1089
1644 175
1645 1174
1646 528
1647 1480
1648 257
1649 1942
1650 1889
1651 1071
1652 668
1653 681
1654 2043
1655 1542
1656 1407
1657 712
1658 1793
1659 1295
1660 931
1661 156
1662 1344
1663 368
1664 1298
1665 716
1666 1638
1667 1298
1668 2108
1669 1753
1670 945
1671 39
1672 146
1673 404
1674 1630
1675 2103
1676 459
1677 983
1678 742
1679 41
1680 1859
1681 1975
1682 1721
1683 858
1684 960
1685 481
1686 1181
1687 1412
1688 1470
1689 788
1690 382
1691 2169
1692 1848
1693 1057
1694 2159
1695 1401
1696 1248
1697 271
1698 1592
1699 2076
1700 770
1701 1357
1702 128
1703 840
1704 270
1705 1868
1706 918
1707 2039
1708 1215
1709 1283
1710 734
1711 842
1712 1999
1713 184
1714 1816
1715 490
1716 1794
1717 343
1718 812
1719 676
1720 1672
1721 798
1722 991
1723 82
1724 1455
1725 806
1726 496
1727 1077
1728 695
1729 1723
1730 685
1731 557
1732 1822
1733 1523
1734 933
1735 687
1736 13
1737 2162
1738 1187
1739 1048
1740 1469
1741 1570
1742 2135
1743 48
1744 150
1745 1481
1746 1951
1747 253
1748 1850
1749 1987
1750 1090
1751 1494
1752 727
1753 182
1754 1337
1755 732
1756 1516
1757 1592
1758 1691
1759 1164
1760 1159
1761 142
1762 1577
1763 1943
1764 1035
1765 844
1766 1825
1767 1830
1768 1088
1769 1323
1770 1902
1771 48
1772 1939
1773 16
1774 356
1775 34
1776 745
1777 558
1778 790
1779 1931
1780 1934
1781 1855
1782 1709
1783 1983
1784 2218
1785 1817
1786 1518
1787 2045
1788 771
1789 604
1790 321
1791 2183
1792 1632
1793 173
1794 1731
1795 1198
1796 1838
1797 832
1798 2221
1799 767
1800 390
1801 307
1802 1224
1803 1328
1804 457
1805 850
1806 543
1807 214
1808 1861
1809 2007
1810 1074
1811 1630
1812 1746
1813 934
1814 1715
1815 208
1816 1808
1817 408
1818 363
1819 1388
1820 261
1821 767
1822 2054
1823 802
1824 1464
1825 679
1826 515
1827 733
1828 1147
1829 1797
1830 1299
1831 903
1832 1646
1833 106
1834 492
1835 1152
1836 1920
1837 1282
1838 461
1839 2081
1840 1810
1841 2072
1842 2166
1843 490
1844 1817
1845 1445
1846 385
1847 1770
1848 1523
1849 2133
1850 38
1851 736
1852 1647
1853 1520
1854 2156
1855 33
1856 1509
1857 834
1858 1464
1859 175
1860 1392
1861 1876
1862 692
1863 2089
1864 317
1865 338
1866 39
1867 184
1868 1034
1869 1974
1870 1440
1871 1185
1872 2024
1873 292
1874 1804
1875 1740
1876 1270
1877 725
1878 493
1879 790
1880 1440
1881 869
1882 422
1883 940
1884 2125
1885 1226
1886 915
1887 658
1888 921
1889 1028
1890 1476
1891 2210
1892 2000
1893 2045
1894 383
1895 977
1896 622
1897 543
1898 255
1899 199
1900 1695
1901 1774
1902 1683
1903 1367
1904 826
1905 1471
1906 376
1907 1519
1908 1902
1909 1126
1910 217
1911 323
1912 362
1913 1085
1914 920
1915 127
1916 493
1917 1149
1918 646
1919 986
1920 1475
1921 1650
1922 2194
1923 32
1924 629
1925 319
1926 1080
1927 2043
1928 1347
1929 633
1930 1132
1931 170
1932 1134
1933 457
1934 1824
1935 515
1936 367
1937 1670
1938 1543
1939 260
1940 1955
1941 845
1942 727
1943 1397
1944 1425
1945 281
1946 622
1947 381
1948 774
1949 46
1950 1961
1951 492
1952 1767
1953 162
1954 1340
1955 408
1956 362
1957 789
1958 1467
1959 126
1960 438
1961 568
1962 1854
1963 1098
1964 265
1965 2212
1966 877
1967 1525
1968 1540
1969 1612
1970 1145
1971 1595
1972 1978
1973 1775
1974 237
1975 1442
1976 102
1977 1613
1978 381
1979 540
1980 2060
1981 1485
1982 1208
1983 1391
1984 7
1985 2002
1986 1520
1987 1733
1988 578
1989 282
1990 1498
1991 877
1992 1982
1993 1681
1994 798
1995 276
1996 528
1997 168
1998 286
1999 2098
2000 166
2001 1080
2002 1662
2003 2104
2004 1952
2005 170
2006 891
2007 668
2008 1585
2009 245
2010 2004
2011 1703
2012 466
2013 1785
2014 258
2015 12
2016 89
2017 2041
2018 1580
2019 1095
2020 1258
2021 2043
2022 1047
2023 335
2024 211
2025 1271
2026 1817
2027 1671
2028 1260
2029 1925
2030 1653
2031 1182
2032 455
2033 1907
2034 2165
2035 1756
2036 1765
2037 1224
2038 1337
2039 1652
2040 474
2041 1447
2042 1675
2043 535
2044 1068
2045 1228
2046 891
2047 538
2048 225
2049 1492
2050 738
2051 2
2052 1802
2053 924
2054 1302
2055 149
2056 527
2057 2100
2058 264
2059 1505
2060 358
2061 1601
2062 533
2063 1777
2064 726
2065 196
2066 1693
2067 1408
2068 19
2069 2012
2070 670
2071 1523
2072 1415
2073 2009
2074 1187
2075 1573
2076 1289
2077 1455
2078 1360
2079 849
2080 748
2081 324
2082 649
2083 176
2084 419
2085 1109
2086 402
2087 1521
2088 1561
2089 975
2090 1161
2091 1914
2092 1465
2093 867
2094 1566
2095 1768
2096 1723
2097 2156
2098 1062
2099 437
2100 1807
2101 1447
2102 789
2103 982
2104 1851
2105 739
2106 1192
2107 677
2108 1010
2109 393
2110 686
2111 1207
2112 1525
2113 718
2114 673
2115 801
2116 1057
2117 55
2118 84
2119 462
2120 667
2121 1263
2122 1199
2123 536
2124 1005
2125 2198
2126 99
2127 1199
2128 706
2129 980
2130 1078
2131 1102
2132 506
2133 63
2134 2030
2135 310
2136 977
2137 1920
2138 657
2139 1856
2140 2159
2141 1467
2142 2016
2143 1435
2144 2090
2145 520
2146 1990
2147 2196
2148 731
2149 1642
2150 573
2151 1513
2152 1305
2153 873
2154 2043
2155 1752
2156 1789
2157 1393
2158 1176
2159 354
2160 1070
2161 547
2162 2047
2163 67
2164 2019
2165 2008
2166 2034
2167 163
2168 1083
2169 2173
2170 52
2171 1729
2172 1787
2173 625
2174 1871
2175 953
2176 85
2177 2182
2178 1808
2179 2129
2180 855
2181 0
2182 570
2183 2092
2184 739
2185 1035
2186 177
2187 2119
2188 1259
2189 1164
2190 2053
2191 1733
2192 2024
2193 625
2194 1437
2195 2064
2196 501
2197 1223
2198 1609
2199 1083
2200 173
2201 831
2202 539
2203 1435
2204 1421
2205 933
2206 568
2207 1705
2208 520
2209 2030
2210 2210
2211 2038
2212 870
2213 1774
2214 2051
2215 1544
2216 727
2217 2050
2218 1326
2219 2217
2220 1822
2221 1535
2222 560
2223 470
2224 781
0 2125
1 1104
2 568
3 1871
4 639
5 1394
6 1375
7 242
8 1728
9 1192
10 999
11 1081
12 197
13 198
14 2036
15 529
16 884
17 1611
18 585
19 1989
20 2014
21 1357
22 1862
23 1923
24 1667
25 420
26 1192
27 2186
28 919
29 39
30 858
31 758
32 907
33 551
34 528
35 1101
36 673
37 1303
38 545
39 804
40 1431
41 2070
42 979
43 1255
44 1990
45 448
46 1468
47 225
48 1091
49 1655
50 662
51 463
52 963
53 1748
54 334
55 779
56 862
57 1710
58 269
59 2051
60 209
61 1511
62 1800
63 201
64 1177
65 1976
66 1892
67 682
68 1520
69 1335
70 854
71 657
72 581
73 359
74 2073
75 928
76 2078
77 657
78 1589
79 585
80 89
81 1147
82 39
83 530
84 589
85 943
86 980
87 589
88 1717
89 1456
90 50
91 478
92 809
93 1496
94 1367
95 363
96 1314
97 1868
98 24
99 911
100 2135
101 1263
102 1497
103 1339
104 1080
105 1708
106 708
107 1117
108 153
109 1038
110 1330
111 2052
112 1987
113 145
114 1274
115 960
116 1317
117 1475
118 170
119 1804
120 0
121 111
122 655
123 209
124 695
125 2181
126 55
127 437
128 426
129 528
130 2129
131 1605
132 245
133 113
134 893
135 296
136 1410
137 125
138 929
139 932
140 1759
141 1220
142 0
143 826
144 1116
145 1368
146 1665
147 1715
148 20
149 1945
150 561
151 115
152 1756
153 994
154 1627
155 1876
156 433
157 1162
158 989
159 968
160 881
161 1082
162 72
163 164
164 607
165 1357
166 710
167 1351
168 11
169 1616
170 108
171 1452
172 216
173 1872
174 964
175 277
176 1642
177 117
178 1212
179 1107
180 2192
181 170
182 259
183 250
184 1045
185 886
186 560
187 700
188 2060
189 373
190 678
191 1309
192 1278
193 939
194 1585
195 2134
196 235
197 643
198 1231
199 1639
200 309
201 2175
202 36
203 1179
204 1049
205 1749
206 214
207 868
208 1512
209 827
210 1236
211 202
212 1118
213 1328
214 1283
215 1821
216 808
217 781
218 56
219 632
220 744
221 615
222 129
223 2038
224 1260
225 807
226 833
227 213
228 2092
229 2055
230 915
231 927
232 1513
233 1763
234 265
235 2196
236 34
237 1915
238 476
239 529
240 1599
241 2047
242 76
243 155
244 595
245 279
246 1442
247 1453
248 529
249 189
250 1346
251 497
252 1112
253 5
254 2034
255 1420
256 692
257 1346
258 959
259 680
260 1932
261 435
262 21
263 825
264 226
265 197
266 2130
267 1418
268 1392
269 618
270 553
271 883
272 4
273 2045
274 862
275 1627
276 441
277 2040
278 184
279 1610
280 1855
281 1640
282 460
283 2133
284 1867
285 658
286 1065
287 1768
288 1277
289 546
290 1587
291 824
292 1161
293 674
294 1257
295 851
296 442
297 271
298 1938
299 1232
300 711
301 1858
302 377
303 1541
304 1108
305 2124
306 1373
307 1312
308 1027
309 963
310 1854
311 1806
312 1526
313 1783
314 1164
315 293
316 150
317 2107
318 1995
319 287
320 322
321 1992
322 193
323 1964
324 1489
325 1543
326 2107
327 1747
328 401
329 1893
330 1215
331 1105
332 2061
333 603
334 625
335 616
336 1101
337 418
338 1057
339 1895
340 249
341 2093
342 828
343 1409
344 1140
345 1987
346 621
347 607
348 2217
349 609
350 414
351 1240
352 2061
353 268
354 1819
355 1451
356 820
357 764
358 634
359 582
360 1106
361 1748
362 1516
363 1429
364 1939
365 1426
366 494
367 1398
368 1925
369 1986
370 423
371 591
372 461
373 1429
374 1693
375 600
376 2035
377 858
378 1338
379 380
380 271
381 1805
382 465
383 23
384 1080
385 1463
386 1160
387 1197
388 1007
389 1581
390 34
391 1199
392 720
393 1250
394 775
395 336
396 1982
397 1912
398 1649
399 696
400 648
401 1298
402 48
403 379
404 670
405 1560
406 1971
407 1700
408 2066
409 188
410 930
411 1218
412 290
413 1822
414 1341
415 1648
416 1699
417 1343
418 510
419 2151
420 602
421 1702
422 1131
423 1519
424 1145
425 262
426 1503
427 2126
428 533
429 762
430 686
431 1881
432 257
433 1554
434 1246
435 1487
436 394
437 422
438 393
439 1465
440 1012
441 1690
442 2195
443 2020
444 1292
445 666
446 1216
447 1126
448 955
449 727
450 1372
451 863
452 1452
453 1283
454 617
455 2000
456 2057
457 1923
458 689
459 1118
460 896
461 2156
462 684
463 397
464 1409
465 129
466 1388
467 1144
468 1537
469 310
470 2201
471 1776
472 509
473 544
474 840
475 393
476 2035
477 2191
478 2081
479 123
480 782
481 1161
482 50
483 981
484 80
485 1285
486 1221
487 223
488 1414
489 1663
490 276
491 528
492 1961
493 1836
494 1084
495 1162
496 1178
497 1184
498 1987
499 65
500 1783
501 2099
502 472
503 1035
504 2122
505 1117
506 1417
507 1766
508 559
509 0
510 275
511 2001
512 1267
513 1772
514 137
515 1387
516 2047
517 1007
518 2085
519 169
520 1339
521 1701
522 1568
523 1744
524 629
525 163
526 828
527 280
528 1492
529 267
530 965
531 443
532 466
533 675
534 345
535 1704
536 666
537 1714
538 1715
539 4
540 1837
541 828
542 2108
543 1600
544 299
545 716
546 2183
547 1104
548 1620
549 769
550 1552
551 1203
552 411
553 971
554 1684
555 1635
556 2027
557 1252
558 1105
559 857
560 1581
561 2125
562 1290
563 907
564 1584
565 1174
566 11
567 1848
568 1903
569 397
570 1937
571 1749
572 1120
573 2079
574 993
575 1204
576 785
577 2118
578 1219
579 1736
580 282
581 1569
582 263
583 372
584 644
585 293
586 1850
587 1587
588 108
589 61
590 265
591 1987
592 1940
593 1360
594 1056
595 337
596 1857
597 1250
598 1027
599 224
600 1646
601 705
602 48
603 1813
604 1712
605 164
606 1614
607 2088
608 596
609 1529
610 2082
611 503
612 918
613 1364
614 274
615 315
616 2027
617 687
618 36
619 1527
620 1565
621 196
622 609
623 942
624 512
625 613
626 1589
627 827
628 1991
629 334
630 1289
631 1400
632 1717
633 1057
634 224
635 517
636 1246
637 1894
638 1186
639 1349
640 1327
641 313
642 341
643 165
644 1868
645 44
646 377
647 388
648 295
649 286
650 1207
651 2197
652 502
653 1091
654 1237
655 1805
656 1099
657 127
658 1933
659 1097
660 2122
661 135
662 1414
663 1661
664 1087
665 1325
666 848
667 87
668 672
669 1939
670 627
671 1610
672 700
673 1295
674 1339
675 1919
676 2027
677 1375
678 1758
679 2073
680 2061
681 2167
682 792
683 598
684 443
685 427
686 2110
687 1606
688 628
689 1198
690 473
691 1385
692 366
693 1978
694 191
695 779
696 1250
697 1613
698 182
699 196
700 1692
701 1514
702 2078
703 1062
704 108
705 2177
706 1023
707 706
708 1424
709 1784
710 79
711 2191
712 398
713 953
714 1761
715 2039
716 329
717 2073
718 1934
719 2005
720 1053
721 1819
722 1393
723 820
724 1063
725 606
726 2135
727 213
728 1058
729 136
730 895
731 18
732 21
733 2186
734 422
735 707
736 740
737 2048
738 730
739 1786
740 1100
741 1676
742 1218
743 422
744 1683
745 1176
746 2114
747 196
748 823
749 1380
750 1992
751 115
752 1314
753 1784
754 337
755 2102
756 1588
757 114
758 476
759 159
760 1251
761 1243
762 31
763 2181
764 635
765 1682
766 733
767 630
768 676
769 749
770 861
771 1824
772 1155
773 1793
774 617
775 935
776 1687
777 2140
778 246
779 1809
780 1017
781 624
782 372
783 1589
784 764
785 925
786 1119
787 1537
788 765
789 979
790 133
791 1195
792 2048
793 1501
794 1682
795 1930
796 1612
797 2070
798 1125
799 609
800 982
801 2091
802 468
803 1714
804 1651
805 1696
806 833
807 1086
808 0
809 1296
810 50
811 859
812 940
813 1051
814 1929
815 45
816 1292
817 230
818 1931
819 1999
820 1237
821 1028
822 776
823 1044
824 612
825 326
826 559
827 999
828 2
829 2151
830 745
831 825
832 622
833 1950
834 1543
835 1004
836 1329
837 2053
838 2140
839 2211
840 437
841 2201
842 727
843 1375
844 1729
845 1453
846 2001
847 1684
848 2007
849 333
850 103
851 1881
852 325
853 2098
854 1300
855 294
856 258
857 237
858 1416
859 117
860 1948
861 1430
862 715
863 1763
864 270
865 668
866 2218
867 347
868 1631
869 1875
870 850
871 755
872 354
873 2024
874 2195
875 1668
876 2018
877 1301
878 1204
879 2110
880 769
881 564
882 1858
883 1008
884 811
885 1674
886 2038
887 1932
888 334
889 1960
890 230
891 846
892 156
893 493
894 870
895 1362
896 1171
897 801
898 1690
899 363
900 237
901 2204
902 76
903 1900
904 970
905 789
906 1564
907 1067
908 774
909 2097
910 1143
911 1190
912 997
913 135
914 1229
915 1277
916 970
917 1366
918 1801
919 1351
920 2205
921 1298
922 951
923 434
924 696
925 1715
926 1583
927 479
928 552
929 955
930 90
931 2149
932 1456
933 1984
934 1690
935 1822
936 975
937 552
938 1503
939 2129
940 661
941 924
942 424
943 140
944 1036
945 387
946 203
947 1441
948 1684
949 1500
950 1239
951 1759
952 1630
953 1392
954 837
955 826
956 803
957 1111
958 1503
959 735
960 932
961 14
962 1331
963 1677
964 2179
965 1178
966 2174
967 141
968 268
969 200
970 937
971 278
972 2065
973 874
974 163
975 1023
976 1400
977 1054
978 630
979 1593
980 1155
981 1333
982 706
983 1280
984 1051
985 1451
986 1749
987 1430
988 1569
989 2074
990 714
991 1598
992 1519
993 967
994 1207
995 603
996 1459
997 1564
998 308
999 330
1000 1681
1001 1306
1002 1903
1003 535
1004 935
1005 1174
1006 1098
1007 1828
1008 666
1009 630
1010 2107
1011 332
1012 1920
1013 787
1014 64
1015 1420
1016 1199
1017 68
1018 2063
1019 2224
1020 1522
1021 860
1022 1650
1023 225
1024 1383
1025 1355
1026 415
1027 635
1028 977
1029 1647
1030 1725
1031 1470
1032 1660
1033 1820
1034 769
1035 1185
1036 1871
1037 955
1038 798
1039 61
1040 444
1041 1309
1042 1447
1043 2029
1044 128
1045 2060
1046 2210
1047 2164
1048 88
1049 910
1050 2054
1051 882
1052 0
1053 431
1054 163
1055 161
1056 142
1057 997
1058 152
1059 621
1060 1738
1061 1747
1062 1337
1063 1401
1064 1152
1065 254
1066 372
1067 1469
1068 141
1069 798
1070 1492
1071 1796
1072 1346
1073 1431
1074 800
1075 85
1076 1624
1077 1285
1078 1647
1079 1267
1080 145
1081 413
1082 1480
1083 866
1084 416
1085 1885
1086 1067
1087 2045
1088 2024
1089 15
1090 1543
1091 403
1092 1531
1093 2174
1094 635
1095 1667
1096 1314
1097 573
1098 1367
1099 1033
1100 1527
1101 1728
1102 2134
1103 1010
1104 468
1105 298
1106 1267
1107 2088
1108 823
1109 1924
1110 683
1111 2126
1112 1169
1113 1899
1114 209
1115 280
1116 1158
1117 2145
1118 944
1119 1793
1120 1052
1121 1029
1122 1451
1123 1968
1124 429
1125 652
1126 910
1127 345
1128 1258
1129 1086
1130 1032
1131 158
1132 819
1133 215
1134 1710
1135 1762
1136 249
1137 1163
1138 940
1139 1111
1140 912
1141 343
1142 1235
1143 841
1144 1433
1145 1805
1146 522
1147 1200
1148 52
1149 283
1150 1620
1151 1104
1152 1088
1153 1710
1154 1689
1155 981
1156 971
1157 2079
1158 1298
1159 58
1160 1812
1161 35
1162 773
1163 1189
1164 420
1165 273
1166 1747
1167 1444
1168 499
1169 959
1170 1282
1171 859
1172 28
1173 178
1174 239
1175 1493
1176 887
1177 1912
1178 84
1179 6
1180 1778
1181 1651
1182 1167
1183 1831
1184 1007
1185 1671
1186 249
1187 362
1188 2036
1189 1773
1190 900
1191 1375
1192 1178
1193 1126
1194 2063
1195 343
1196 981
1197 211
1198 196
1199 620
1200 219
1201 1049
1202 1897
1203 898
1204 1861
1205 674
1206 2034
1207 518
1208 4
1209 636
1210 47
1211 1042
1212 552
1213 119
1214 1950
1215 1392
1216 805
1217 1499
1218 1858
1219 718
1220 1969
1221 1125
1222 1835
1223 1211
1224 1478
1225 1877
1226 829
1227 95
1228 595
1229 1657
1230 73
1231 2155
1232 2131
1233 681
1234 643
1235 453
1236 1835
1237 378
1238 724
1239 1549
1240 1125
1241 383
1242 572
1243 1791
1244 1126
1245 507
1246 269
1247 2020
1248 154
1249 730
1250 360
1251 2218
1252 1248
1253 2176
1254 1007
1255 387
1256 485
1257 844
1258 705
1259 1318
1260 1824
1261 240
1262 2210
1263 838
1264 1463
1265 734
1266 121
1267 95
1268 31
1269 318
1270 625
1271 1945
1272 2214
1273 988
1274 741
1275 383
1276 1530
1277 180
1278 605
1279 45
1280 622
1281 940
1282 155
1283 1853
1284 1409
1285 1297
1286 2162
1287 1043
1288 13
1289 980
1290 368
1291 2165
1292 1841
1293 331
1294 339
1295 1756
1296 2126
1297 1087
1298 640
1299 832
1300 1391
1301 812
1302 187
1303 1475
1304 1213
1305 225
1306 291
1307 461
1308 1914
1309 1629
1310 2067
1311 1162
1312 1967
1313 1630
1314 1883
1315 102
1316 1084
1317 1589
1318 951
1319 2151
1320 1488
1321 592
1322 1151
1323 1167
1324 209
1325 1459
1326 861
1327 136
1328 2183
1329 1845
1330 1259
1331 1365
1332 1379
1333 929
1334 540
1335 2159
1336 2025
1337 1569
1338 1831
1339 487
1340 1734
1341 1025
1342 270
1343 194
1344 1250
1345 1249
1346 401
1347 1541
1348 1807
1349 1425
1350 1163
1351 1344
1352 2120
1353 1364
1354 1191
1355 1289
1356 1941
1357 2006
1358 1683
1359 1127
1360 2065
1361 456
1362 2188
1363 2154
1364 2141
1365 1941
1366 261
1367 816
1368 72
1369 1582
1370 482
1371 2068
1372 473
1373 1643
1374 1874
1375 1726
1376 1667
1377 1075
1378 1501
1379 1692
1380 662
1381 814
1382 1686
1383 1824
1384 139
1385 933
1386 2096
1387 803
1388 399
1389 73
1390 956
1391 692
1392 1617
1393 85
1394 1157
1395 1421
1396 757
1397 1410
1398 1930
1399 2184
1400 153
1401 1325
1402 237
1403 877
1404 1108
1405 448
1406 663
1407 526
1408 1308
1409 1948
1410 2116
1411 536
1412 692
1413 1982
1414 1161
1415 529
1416 149
1417 1638
1418 545
1419 994
1420 513
1421 10
1422 2180
1423 1336
1424 1385
1425 342
1426 2063
1427 606
1428 144
1429 429
1430 272
1431 1430
1432 2201
1433 239
1434 1065
1435 1600
1436 806
1437 1960
1438 348
1439 128
1440 2161
1441 1627
1442 1577
1443 2170
1444 1218
1445 1412
1446 1898
1447 1511
1448 684
1449 589
1450 1848
1451 1970
1452 660
1453 155
1454 1097
1455 1500
1456 1917
1457 1315
1458 78
1459 392
1460 321
1461 1022
1462 373
1463 1663
1464 867
1465 576
1466 1274
1467 196
1468 683
1469 263
1470 1081
1471 906
1472 1491
1473 2017
1474 503
1475 2194
1476 1037
1477 1704
1478 36
1479 776
1480 758
1481 538
1482 1115
1483 298
1484 594
1485 1043
1486 789
1487 144
1488 1590
1489 1147
1490 1433
1491 1471
1492 819
1493 1644
1494 1233
1495 1734
1496 1594
1497 1346
1498 1929
1499 1085
1500 2202
1501 831
1502 1191
1503 1051
1504 344
1505 1427
1506 1132
1507 1337
1508 1614
1509 388
1510 705
1511 502
1512 179
1513 1792
1514 395
1515 1455
1516 866
1517 1035
1518 608
1519 756
1520 363
1521 1607
1522 2215
1523 1176
1524 685
1525 76
1526 1894
1527 97
1528 733
1529 820
1530 1218
1531 286
1532 250
1533 198
1534 744
1535 1483
1536 1848
1537 1628
1538 89
1539 1985
1540 952
1541 729
1542 232
1543 37
1544 1588
1545 650
1546 2046
1547 166
1548 1039
1549 721
1550 1570
1551 10
1552 1437
1553 630
1554 864
1555 200
1556 74
1557 1827
1558 521
1559 717
1560 470
1561 1935
1562 1208
1563 1303
1564 1007
1565 403
1566 1580
1567 2060
1568 312
1569 1462
1570 769
1571 765
1572 1033
1573 343
1574 2008
1575 880
1576 155
1577 658
1578 1445
1579 296
1580 849
1581 535
1582 206
1583 1868
1584 1125
1585 457
1586 378
1587 2202
1588 771
1589 870
1590 651
1591 1683
1592 514
1593 1294
1594 922
1595 1241
1596 1909
1597 1464
1598 1611
1599 934
1600 1569
1601 633
1602 1720
1603 1542
1604 1972
1605 499
1606 741
1607 1535
1608 2220
1609 912
1610 1649
1611 2165
1612 1075
1613 2029
1614 2214
1615 126
1616 1803
1617 1569
1618 1852
1619 1643
1620 1348
1621 339
1622 924
1623 1924
1624 1500
1625 463
1626 823
1627 549
1628 536
1629 109
1630 1996
1631 1754
1632 238
1633 780
1634 817
1635 971
1636 1480
1637 1376
1638 1088
1639 1219
1640 1023
1641 1765
1642 1039
1643 334
1644 896
1645 124
1646 528
1647 93
1648 257
1649 1942
1650 2027
1651 1868
1652 471
1653 1492
1654 2043
1655 283
1656 1407
1657 586
1658 1793
1659 805
1660 839
1661 628
1662 1344
1663 457
1664 2168
1665 1326
1666 235
1667 1298
1668 2108
1669 1753
1670 945
1671 1204
1672 326
1673 1533
1674 681
1675 2147
1676 459
1677 1641
1678 2184
1679 1703
1680 1236
1681 250
1682 1620
1683 858
1684 2117
1685 1248
1686 1181
1687 341
1688 433
1689 682
1690 1726
1691 2169
1692 1848
1693 1057
1694 1243
1695 548
1696 1773
1697 2067
1698 529
1699 2076
1700 770
1701 1527
1702 128
1703 2149
1704 1270
1705 1868
1706 2106
1707 160
1708 831
1709 2187
1710 1657
1711 536
1712 876
1713 1158
1714 864
1715 490
1716 1794
1717 545
1718 520
1719 313
1720 1672
1721 174
1722 1945
1723 1833
1724 1415
1725 2151
1726 2080
1727 834
1728 695
1729 288
1730 1286
1731 557
1732 670
1733 1881
1734 1300
1735 687
1736 13
1737 2162
1738 1392
1739 35
1740 1469
1741 1132
1742 1631
1743 48
1744 150
1745 1263
1746 468
1747 253
1748 1850
1749 159
1750 1774
1751 1629
1752 727
1753 182
1754 1783
1755 732
1756 1516
1757 1411
1758 1691
1759 1233
1760 1697
1761 142
1762 1577
1763 1745
1764 1378
1765 844
1766 1825
1767 1465
1768 1088
1769 799
1770 1902
1771 48
1772 505
1773 16
1774 780
1775 34
1776 745
1777 468
1778 790
1779 367
1780 1934
1781 2054
1782 936
1783 990
1784 1908
1785 625
1786 1518
1787 344
1788 2216
1789 604
1790 1143
1791 2183
1792 1866
1793 1988
1794 2007
1795 1198
1796 1972
1797 272
1798 1104
1799 285
1800 484
1801 314
1802 387
1803 511
1804 14
1805 1035
1806 358
1807 994
1808 1861
1809 2007
1810 843
1811 1948
1812 1797
1813 934
1814 575
1815 208
1816 1808
1817 927
1818 363
1819 1381
1820 261
1821 767
1822 2054
1823 802
1824 1464
1825 191
1826 515
1827 733
1828 1147
1829 1797
1830 1299
1831 903
1832 201
1833 531
1834 492
1835 1709
1836 2209
1837 968
1838 1549
1839 1418
1840 1572
1841 2072
1842 1557
1843 958
1844 310
1845 1863
1846 583
1847 1537
1848 1687
1849 303
1850 2025
1851 807
1852 961
1853 17
1854 582
1855 926
1856 1509
1857 834
1858 373
1859 172
1860 1392
1861 61
1862 1936
1863 734
1864 1515
1865 338
1866 1566
1867 289
1868 463
1869 1974
1870 1644
1871 420
1872 739
1873 991
1874 2006
1875 1740
1876 1138
1877 725
1878 2022
1879 1058
1880 17
1881 869
1882 422
1883 940
1884 2125
1885 1877
1886 595
1887 658
1888 1202
1889 1028
1890 1721
1891 1099
1892 1526
1893 2045
1894 383
1895 977
1896 336
1897 1609
1898 255
1899 2127
1900 1627
1901 416
1902 1369
1903 1367
1904 826
1905 1471
1906 376
1907 2113
1908 1902
1909 1213
1910 1610
1911 1016
1912 2116
1913 1085
1914 543
1915 2109
1916 2127
1917 2110
1918 943
1919 1048
1920 1512
1921 1542
1922 2194
1923 2087
1924 629
1925 46
1926 897
1927 137
1928 1347
1929 633
1930 1597
1931 1856
1932 1134
1933 1687
1934 1210
1935 159
1936 164
1937 251
1938 283
1939 260
1940 1836
1941 845
1942 2019
1943 1397
1944 1425
1945 272
1946 410
1947 1240
1948 345
1949 46
1950 1961
1951 492
1952 1767
1953 1515
1954 1834
1955 134
1956 371
1957 789
1958 1699
1959 42
1960 438
1961 600
1962 1854
1963 841
1964 1706
1965 253
1966 415
1967 2128
1968 548
1969 1612
1970 1138
1971 1831
1972 1457
1973 880
1974 1898
1975 1248
1976 1664
1977 1613
1978 100
1979 1306
1980 2060
1981 1485
1982 580
1983 1404
1984 7
1985 113
1986 1422
1987 1691
1988 2048
1989 1109
1990 1849
1991 1448
1992 1982
1993 1681
1994 798
1995 1579
1996 528
1997 168
1998 286
1999 2098
2000 287
2001 1673
2002 420
2003 2104
2004 1326
2005 1152
2006 1307
2007 668
2008 1487
2009 1262
2010 1188
2011 1703
2012 87
2013 1785
2014 1871
2015 872
2016 89
2017 1910
2018 95
2019 1095
2020 1258
2021 516
2022 1047
2023 335
2024 211
2025 1726
2026 1817
2027 740
2028 313
2029 1925
2030 1653
2031 565
2032 499
2033 1907
2034 2165
2035 1756
2036 1925
2037 1224
2038 1433
2039 2023
2040 306
2041 1447
2042 1675
2043 535
2044 1068
2045 1228
2046 891
2047 1266
2048 225
2049 2196
2050 1589
2051 2
2052 1668
2053 924
2054 159
2055 505
2056 973
2057 2100
2058 2151
2059 1505
2060 358
2061 671
2062 1853
2063 1245
2064 2100
2065 196
2066 1693
2067 1408
2068 1106
2069 1324
2070 696
2071 2185
2072 1415
2073 1444
2074 1187
2075 1573
2076 2066
2077 1455
2078 585
2079 439
2080 1134
2081 324
2082 2171
2083 176
2084 1094
2085 1284
2086 402
2087 1071
2088 1561
2089 220
2090 1161
2091 1412
2092 1589
2093 1752
2094 1780
2095 714
2096 1723
2097 1211
2098 1173
2099 437
2100 1807
2101 1977
2102 789
2103 982
2104 73
2105 1905
2106 1192
2107 677
2108 113
2109 651
2110 686
2111 1207
2112 2213
2113 718
2114 673
2115 801
2116 875
2117 55
2118 84
2119 1710
2120 146
2121 1263
2122 165
2123 536
2124 1005
2125 2056
2126 1696
2127 500
2128 706
2129 980
2130 1078
2131 2003
2132 506
2133 63
2134 2030
2135 866
2136 2181
2137 1920
2138 467
2139 1856
2140 2159
2141 1144
2142 2016
2143 1435
2144 2090
2145 520
2146 1990
2147 850
2148 1098
2149 1642
2150 573
2151 1513
2152 741
2153 873
2154 1499
2155 228
2156 1946
2157 712
2158 1515
2159 354
2160 1070
2161 14
2162 2210
2163 67
2164 681
2165 428
2166 2034
2167 163
2168 232
2169 2173
2170 1288
2171 1442
2172 2107
2173 171
2174 1871
2175 1977
2176 1714
2177 2182
2178 146
2179 416
2180 440
2181 2136
2182 570
2183 107
2184 1484
2185 1035
2186 177
2187 2119
2188 478
2189 1164
2190 1891
2191 806
2192 2024
2193 625
2194 1167
2195 2064
2196 1531
2197 1180
2198 140
2199 1083
2200 809
2201 171
2202 539
2203 2076
2204 1421
2205 933
2206 1766
2207 583
2208 2120
2209 1643
2210 675
2211 916
2212 870
2213 1774
2214 1531
2215 1544
2216 444
2217 264
2218 80
2219 501
2220 1061
2221 1535
2222 560
2223 470
2224 781
