0 138
1 1549
2 483
3 1919
4 1488
5 1023
6 1150
7 1318
8 4
9 573
10 384
11 974
12 1557
13 2092
14 69
15 260
16 1034
17 2030
18 1377
19 452
20 580
21 310
22 3
23 495
24 1672
25 2048
26 1075
27 1347
28 1700
29 246
30 1838
31 1285
32 817
33 1510
34 1650
35 1189
36 1694
37 1652
38 2221
39 1993
40 833
41 909
42 210
43 674
44 871
45 873
46 1901
47 359
48 1574
49 1925
50 571
51 805
52 1874
53 408
54 223
55 1906
56 1481
57 994
58 1232
59 720
60 1449
61 1766
62 350
63 657
64 1684
65 659
66 286
67 1443
68 1108
69 1793
70 203
71 739
72 2125
73 529
74 172
75 648
76 2184
77 1741
78 538
79 799
80 1493
81 1614
82 607
83 966
84 1787
85 2036
86 578
87 884
88 427
89 1781
90 1177
91 1431
92 197
93 820
94 471
95 1351
96 2019
97 1106
98 1974
99 509
100 1915
101 1570
102 1773
103 311
104 244
105 790
106 641
107 979
108 1167
109 1687
110 1139
111 1781
112 259
113 477
114 890
115 223
116 1909
117 1099
118 1000
119 1501
120 1826
121 1034
122 1399
123 1201
124 1123
125 1397
126 2047
127 1670
128 747
129 1749
130 1982
131 499
132 888
133 1853
134 1037
135 1082
136 131
137 1605
138 316
139 1182
140 1526
141 528
142 2198
143 152
144 521
145 718
146 712
147 779
148 1990
149 707
150 1497
151 15
152 2134
153 1361
154 977
155 288
156 1471
157 576
158 910
159 1762
160 1601
161 1956
162 273
163 952
164 1067
165 266
166 512
167 1132
168 500
169 1104
170 461
171 847
172 1373
173 1456
174 1814
175 1150
176 1429
177 1950
178 1068
179 1153
180 2213
181 1686
182 420
183 2072
184 484
185 971
186 1993
187 527
188 1864
189 1293
190 1816
191 1797
192 10
193 154
194 733
195 1243
196 443
197 1528
198 519
199 2099
200 269
201 1250
202 1249
203 1094
204 1872
205 852
206 1885
207 676
208 917
209 584
210 913
211 193
212 1179
213 1829
214 79
215 1116
216 2221
217 2138
218 762
219 2195
220 1948
221 905
222 625
223 1579
224 1932
225 1947
226 391
227 74
228 322
229 760
230 1653
231 2071
232 1818
233 246
234 202
235 656
236 2044
237 1781
238 1828
239 916
240 1694
241 604
242 1958
243 1450
244 74
245 657
246 1655
247 1320
248 831
249 725
250 954
251 1731
252 506
253 117
254 1396
255 829
256 256
257 1935
258 250
259 1232
260 789
261 1182
262 1862
263 1520
264 984
265 2123
266 74
267 1949
268 716
269 102
270 2156
271 862
272 699
273 1724
274 498
275 940
276 229
277 648
278 974
279 117
280 1984
281 1681
282 63
283 1800
284 643
285 797
286 1471
287 1984
288 1690
289 1040
290 1768
291 1331
292 2086
293 118
294 2158
295 117
296 1037
297 220
298 1737
299 246
300 370
301 2153
302 1828
303 1231
304 1514
305 180
306 1490
307 1389
308 1906
309 977
310 756
311 1267
312 1705
313 1728
314 1487
315 2212
316 1870
317 1585
318 72
319 986
320 1814
321 822
322 1970
323 1842
324 2019
325 1842
326 299
327 1658
328 1648
329 188
330 2026
331 2038
332 585
333 290
334 1824
335 787
336 5
337 1380
338 1609
339 92
340 1513
341 788
342 362
343 356
344 377
345 117
346 3
347 649
348 1516
349 1473
350 1305
351 1178
352 1204
353 2115
354 1001
355 1416
356 1208
357 2002
358 1065
359 794
360 175
361 1149
362 145
363 1518
364 705
365 1216
366 2081
367 1529
368 1199
369 1417
370 61
371 1044
372 290
373 787
374 2052
375 1398
376 1444
377 1967
378 1754
379 734
380 770
381 2224
382 1282
383 759
384 174
385 687
386 2069
387 1184
388 1780
389 421
390 1374
391 2027
392 585
393 1021
394 1311
395 503
396 403
397 1538
398 1197
399 1013
400 1149
401 218
402 147
403 421
404 941
405 1507
406 233
407 586
408 341
409 681
410 2134
411 754
412 2180
413 1926
414 1424
415 2187
416 1900
417 524
418 816
419 1353
420 339
421 751
422 520
423 1685
424 918
425 1891
426 1671
427 170
428 880
429 1480
430 1683
431 676
432 1323
433 1712
434 524
435 152
436 1733
437 842
438 1828
439 1672
440 1169
441 485
442 514
443 217
444 1275
445 85
446 1894
447 725
448 371
449 233
450 2053
451 667
452 1382
453 18
454 275
455 1977
456 1095
457 1448
458 2043
459 1910
460 1428
461 2070
462 390
463 353
464 1113
465 1444
466 1151
467 412
468 653
469 1323
470 34
471 653
472 678
473 300
474 1184
475 1059
476 260
477 134
478 2130
479 1894
480 1626
481 842
482 1452
483 357
484 1906
485 112
486 1604
487 297
488 100
489 2044
490 1077
491 1690
492 1080
493 1064
494 1990
495 1513
496 1682
497 59
498 1342
499 437
500 1181
501 1043
502 2063
503 251
504 121
505 1459
506 1493
507 1745
508 1616
509 1906
510 184
511 2108
512 725
513 696
514 2107
515 584
516 1503
517 98
518 560
519 1161
520 2050
521 1013
522 2178
523 252
524 282
525 325
526 1973
527 6
528 1830
529 836
530 1312
531 728
532 1977
533 1881
534 2138
535 351
536 824
537 143
538 2185
539 1094
540 1075
541 1466
542 364
543 904
544 966
545 1049
546 1555
547 558
548 812
549 413
550 1199
551 335
552 1925
553 628
554 467
555 1114
556 898
557 1349
558 378
559 383
560 886
561 1483
562 274
563 1691
564 1983
565 1916
566 61
567 647
568 1700
569 2147
570 203
571 1655
572 1537
573 546
574 739
575 319
576 318
577 2192
578 382
579 603
580 187
581 1734
582 2130
583 45
584 1035
585 1275
586 1196
587 1966
588 75
589 1141
590 1396
591 192
592 1152
593 609
594 2079
595 1802
596 1108
597 1938
598 979
599 1340
600 1450
601 9
602 1280
603 1116
604 1305
605 1372
606 2039
607 824
608 119
609 298
610 1045
611 2172
612 1159
613 72
614 811
615 2053
616 88
617 278
618 266
619 742
620 805
621 1884
622 1279
623 1847
624 769
625 1787
626 379
627 1228
628 1375
629 422
630 2200
631 959
632 202
633 11
634 760
635 1004
636 1418
637 437
638 1720
639 572
640 672
641 1100
642 110
643 1998
644 345
645 1723
646 1861
647 38
648 831
649 1995
650 614
651 1141
652 258
653 611
654 1587
655 2134
656 91
657 175
658 2166
659 802
660 1429
661 269
662 1966
663 1738
664 195
665 14
666 11
667 1561
668 75
669 485
670 1328
671 1773
672 1553
673 65
674 1147
675 9
676 2171
677 1561
678 2033
679 1990
680 2074
681 1762
682 1705
683 416
684 1452
685 38
686 689
687 1507
688 329
689 1889
690 1271
691 760
692 1451
693 2219
694 1854
695 1241
696 322
697 1204
698 1303
699 2047
700 1366
701 1858
702 1498
703 1109
704 1005
705 1557
706 662
707 1754
708 618
709 717
710 849
711 1595
712 448
713 563
714 346
715 1107
716 1009
717 255
718 2152
719 525
720 635
721 1038
722 191
723 456
724 1517
725 773
726 945
727 1689
728 977
729 283
730 601
731 1424
732 630
733 932
734 1077
735 326
736 1301
737 70
738 869
739 155
740 397
741 1940
742 1007
743 868
744 1305
745 782
746 1667
747 1700
748 168
749 1662
750 1301
751 1719
752 84
753 1495
754 785
755 173
756 428
757 503
758 2207
759 205
760 1103
761 1816
762 1450
763 536
764 100
765 2158
766 1795
767 1942
768 1125
769 1306
770 83
771 295
772 328
773 311
774 1037
775 2001
776 568
777 1043
778 1627
779 263
780 233
781 1005
782 1274
783 258
784 2072
785 976
786 1590
787 521
788 842
789 337
790 1010
791 934
792 1442
793 366
794 559
795 2056
796 94
797 1987
798 2197
799 278
800 167
801 87
802 725
803 1704
804 964
805 1614
806 2112
807 2156
808 587
809 512
810 2133
811 1794
812 105
813 1887
814 1058
815 187
816 1715
817 1194
818 995
819 93
820 1158
821 403
822 845
823 1912
824 2095
825 602
826 749
827 861
828 1358
829 582
830 984
831 1818
832 1732
833 153
834 2157
835 522
836 684
837 1456
838 2030
839 245
840 539
841 2114
842 440
843 1336
844 1347
845 203
846 764
847 2072
848 1862
849 725
850 1048
851 1328
852 1491
853 1266
854 19
855 446
856 471
857 1746
858 1933
859 967
860 414
861 1880
862 1136
863 385
864 2065
865 1504
866 2039
867 1333
868 341
869 1646
870 326
871 1564
872 1313
873 301
874 841
875 672
876 2
877 1584
878 2042
879 169
880 849
881 669
882 1114
883 1878
884 411
885 925
886 2212
887 762
888 7
889 2223
890 938
891 2217
892 7
893 174
894 1233
895 1820
896 1876
897 1706
898 2183
899 1908
900 163
901 1271
902 409
903 1419
904 1857
905 907
906 1589
907 1059
908 2010
909 943
910 906
911 1884
912 2167
913 1745
914 751
915 278
916 1962
917 1361
918 1507
919 1485
920 1624
921 907
922 1250
923 842
924 974
925 2219
926 1435
927 2188
928 1116
929 1260
930 1628
931 923
932 1315
933 1094
934 72
935 1164
936 1074
937 2038
938 2114
939 1753
940 1168
941 17
942 1702
943 1822
944 1187
945 1891
946 215
947 1457
948 1221
949 1553
950 313
951 1673
952 47
953 384
954 14
955 1564
956 187
957 1143
958 1323
959 1156
960 1132
961 1135
962 141
963 1568
964 208
965 1966
966 1511
967 2175
968 748
969 307
970 788
971 1630
972 2079
973 1885
974 903
975 722
976 1293
977 1610
978 963
979 71
980 1440
981 458
982 856
983 1500
984 1506
985 1878
986 861
987 707
988 1939
989 1526
990 851
991 501
992 902
993 1580
994 42
995 101
996 1983
997 1674
998 189
999 625
1000 828
1001 1098
1002 1987
1003 1629
1004 408
1005 806
1006 456
1007 1787
1008 635
1009 969
1010 365
1011 483
1012 902
1013 1775
1014 1694
1015 1010
1016 1777
1017 422
1018 885
1019 2093
1020 162
1021 1343
1022 1977
1023 917
1024 839
1025 903
1026 732
1027 1084
1028 786
1029 1618
1030 1523
1031 701
1032 298
1033 2150
1034 1109
1035 1732
1036 84
1037 120
1038 1024
1039 2014
1040 327
1041 1967
1042 1270
1043 1706
1044 157
1045 1203
1046 289
1047 1869
1048 1579
1049 1028
1050 1617
1051 1287
1052 1156
1053 981
1054 1891
1055 101
1056 1324
1057 338
1058 80
1059 875
1060 1833
1061 240
1062 286
1063 1674
1064 1423
1065 1052
1066 191
1067 1610
1068 1154
1069 557
1070 1385
1071 994
1072 719
1073 2206
1074 1406
1075 958
1076 1056
1077 381
1078 1120
1079 1859
1080 1688
1081 1108
1082 1792
1083 1676
1084 1313
1085 1495
1086 874
1087 233
1088 1532
1089 73
1090 683
1091 913
1092 567
1093 1161
1094 1835
1095 1355
1096 983
1097 1189
1098 1617
1099 373
1100 1309
1101 2084
1102 1547
1103 1260
1104 2222
1105 1921
1106 885
1107 1530
1108 1081
1109 1208
1110 1955
1111 635
1112 562
1113 943
1114 209
1115 553
1116 1393
1117 1998
1118 735
1119 720
1120 368
1121 667
1122 1228
1123 955
1124 859
1125 873
1126 1785
1127 3
1128 2015
1129 2169
1130 1207
1131 336
1132 2017
1133 1783
1134 873
1135 417
1136 633
1137 382
1138 590
1139 1637
1140 142
1141 867
1142 289
1143 1302
1144 1142
1145 1783
1146 1631
1147 1885
1148 18
1149 1613
1150 1573
1151 1539
1152 1129
1153 365
1154 714
1155 353
1156 1923
1157 631
1158 96
1159 1246
1160 1047
1161 1979
1162 1054
1163 1265
1164 1038
1165 15
1166 1740
1167 128
1168 339
1169 1121
1170 1162
1171 102
1172 1676
1173 707
1174 370
1175 1246
1176 1870
1177 1598
1178 1950
1179 992
1180 1549
1181 714
1182 1580
1183 1686
1184 1551
1185 696
1186 1365
1187 1860
1188 863
1189 1079
1190 1951
1191 1640
1192 1844
1193 1944
1194 938
1195 1436
1196 580
1197 1763
1198 1718
1199 1169
1200 268
1201 2111
1202 1928
1203 727
1204 8
1205 1052
1206 1623
1207 780
1208 1047
1209 1833
1210 425
1211 19
1212 723
1213 902
1214 1940
1215 924
1216 1363
1217 1588
1218 289
1219 1971
1220 113
1221 147
1222 152
1223 888
1224 1340
1225 184
1226 6
1227 1105
1228 1178
1229 998
1230 1877
1231 287
1232 999
1233 1751
1234 1297
1235 1335
1236 454
1237 719
1238 804
1239 2000
1240 400
1241 769
1242 713
1243 156
1244 2142
1245 1640
1246 1375
1247 389
1248 75
1249 2011
1250 595
1251 565
1252 1596
1253 409
1254 945
1255 1073
1256 2022
1257 1050
1258 1577
1259 531
1260 288
1261 330
1262 252
1263 1078
1264 1400
1265 1749
1266 2071
1267 2033
1268 136
1269 1129
1270 866
1271 1669
1272 828
1273 1655
1274 334
1275 1295
1276 950
1277 247
1278 1997
1279 1238
1280 643
1281 389
1282 42
1283 1907
1284 524
1285 1069
1286 963
1287 14
1288 1830
1289 1448
1290 947
1291 1726
1292 1683
1293 2212
1294 209
1295 176
1296 115
1297 741
1298 1672
1299 927
1300 2030
1301 1404
1302 526
1303 152
1304 1252
1305 555
1306 1600
1307 1524
1308 959
1309 1143
1310 1482
1311 392
1312 1025
1313 393
1314 2114
1315 1724
1316 1972
1317 1677
1318 1293
1319 1205
1320 844
1321 1861
1322 579
1323 365
1324 1871
1325 2196
1326 2000
1327 705
1328 130
1329 1173
1330 1961
1331 1296
1332 2153
1333 2169
1334 2142
1335 574
1336 2060
1337 67
1338 801
1339 110
1340 484
1341 371
1342 511
1343 895
1344 1032
1345 812
1346 1527
1347 766
1348 1146
1349 1148
1350 551
1351 98
1352 1204
1353 360
1354 87
1355 701
1356 105
1357 2120
1358 1256
1359 2029
1360 204
1361 429
1362 2182
1363 774
1364 1150
1365 1138
1366 1423
1367 1237
1368 941
1369 1130
1370 724
1371 987
1372 780
1373 1575
1374 280
1375 135
1376 1900
1377 1305
1378 2149
1379 1394
1380 1823
1381 1762
1382 1009
1383 251
1384 1502
1385 1226
1386 2091
1387 282
1388 2174
1389 997
1390 1430
1391 2137
1392 1953
1393 1139
1394 1661
1395 1905
1396 1029
1397 946
1398 2096
1399 1314
1400 1662
1401 266
1402 550
1403 1732
1404 946
1405 855
1406 345
1407 1333
1408 1200
1409 1212
1410 1580
1411 1257
1412 1853
1413 471
1414 493
1415 1175
1416 838
1417 1182
1418 768
1419 1522
1420 733
1421 1768
1422 1420
1423 399
1424 1957
1425 697
1426 2110
1427 2146
1428 1597
1429 1121
1430 2045
1431 491
1432 2188
1433 85
1434 1393
1435 2075
1436 270
1437 1608
1438 184
1439 2141
1440 560
1441 2140
1442 1158
1443 2201
1444 517
1445 2196
1446 495
1447 6
1448 1046
1449 1607
1450 1291
1451 549
1452 169
1453 1379
1454 1640
1455 176
1456 163
1457 1067
1458 1377
1459 1851
1460 38
1461 1007
1462 1504
1463 1675
1464 800
1465 1041
1466 202
1467 410
1468 1468
1469 1012
1470 322
1471 797
1472 2
1473 1387
1474 1382
1475 1789
1476 1625
1477 1226
1478 1927
1479 1537
1480 312
1481 342
1482 1382
1483 166
1484 1345
1485 882
1486 1319
1487 585
1488 434
1489 496
1490 236
1491 660
1492 20
1493 2167
1494 100
1495 841
1496 945
1497 1749
1498 414
1499 1990
1500 2088
1501 985
1502 290
1503 960
1504 1383
1505 771
1506 191
1507 1416
1508 572
1509 2083
1510 1818
1511 1897
1512 2088
1513 1342
1514 1898
1515 655
1516 1200
1517 925
1518 176
1519 2173
1520 2014
1521 1129
1522 284
1523 1961
1524 2027
1525 188
1526 635
1527 84
1528 2161
1529 1229
1530 931
1531 1803
1532 393
1533 1784
1534 846
1535 1847
1536 1573
1537 1149
1538 1585
1539 926
1540 1996
1541 757
1542 838
1543 961
1544 2165
1545 2030
1546 749
1547 803
1548 1265
1549 1089
1550 739
1551 1398
1552 1163
1553 1798
1554 911
1555 2179
1556 1429
1557 126
1558 2
1559 157
1560 1767
1561 21
1562 463
1563 2018
1564 2043
1565 1239
1566 58
1567 751
1568 820
1569 307
1570 747
1571 883
1572 184
1573 1495
1574 669
1575 1934
1576 784
1577 1363
1578 397
1579 696
1580 2179
1581 1058
1582 1824
1583 1517
1584 302
1585 1014
1586 73
1587 1233
1588 421
1589 2144
1590 1309
1591 1046
1592 1197
1593 441
1594 704
1595 797
1596 1865
1597 1173
1598 1089
1599 1819
1600 1237
1601 2070
1602 113
1603 953
1604 450
1605 1938
1606 892
1607 892
1608 1735
1609 456
1610 1619
1611 1190
1612 1104
1613 186
1614 1195
1615 844
1616 1402
1617 1818
1618 468
1619 1948
1620 423
1621 306
1622 231
1623 1918
1624 614
1625 1000
1626 1941
1627 2150
1628 2133
1629 900
1630 1987
1631 257
1632 2108
1633 1303
1634 787
1635 1938
1636 1089
1637 1365
1638 908
1639 502
1640 1402
1641 882
1642 2213
1643 1810
1644 1353
1645 2180
1646 1204
1647 2114
1648 373
1649 29
1650 15
1651 2168
1652 450
1653 682
1654 1392
1655 207
1656 2086
1657 1226
1658 867
1659 1532
1660 2187
1661 1237
1662 1045
1663 2095
1664 1042
1665 808
1666 1326
1667 2102
1668 275
1669 378
1670 1909
1671 1280
1672 416
1673 70
1674 17
1675 1153
1676 149
1677 1429
1678 91
1679 962
1680 1680
1681 1196
1682 115
1683 327
1684 1420
1685 147
1686 846
1687 1938
1688 1042
1689 1080
1690 1263
1691 590
1692 1954
1693 942
1694 938
1695 996
1696 671
1697 648
1698 695
1699 214
1700 1459
1701 1489
1702 1033
1703 2038
1704 2130
1705 429
1706 554
1707 1507
1708 789
1709 1944
1710 2162
1711 1541
1712 2190
1713 777
1714 191
1715 1635
1716 232
1717 873
1718 465
1719 810
1720 1809
1721 2108
1722 1555
1723 1229
1724 519
1725 1462
1726 558
1727 1802
1728 894
1729 1339
1730 146
1731 553
1732 1430
1733 151
1734 1685
1735 817
1736 1051
1737 200
1738 1644
1739 394
1740 2054
1741 1197
1742 1779
1743 2095
1744 1607
1745 2184
1746 616
1747 206
1748 1664
1749 2039
1750 2093
1751 351
1752 560
1753 2048
1754 81
1755 395
1756 903
1757 1784
1758 1303
1759 432
1760 2182
1761 1113
1762 2126
1763 1731
1764 1115
1765 716
1766 699
1767 2102
1768 1465
1769 530
1770 397
1771 1284
1772 237
1773 1711
1774 841
1775 524
1776 1153
1777 1813
1778 449
1779 1153
1780 974
1781 760
1782 1233
1783 1953
1784 1917
1785 432
1786 1927
1787 1819
1788 771
1789 1336
1790 1024
1791 1742
1792 1697
1793 1857
1794 1658
1795 568
1796 1183
1797 1648
1798 343
1799 1236
1800 2061
1801 1793
1802 958
1803 1169
1804 136
1805 1267
1806 1526
1807 965
1808 1850
1809 1276
1810 774
1811 867
1812 1086
1813 1843
1814 1656
1815 874
1816 922
1817 690
1818 1729
1819 1369
1820 2044
1821 819
1822 1748
1823 1070
1824 648
1825 1566
1826 1040
1827 1975
1828 76
1829 1006
1830 1613
1831 2120
1832 1960
1833 1511
1834 1369
1835 1149
1836 976
1837 2046
1838 1438
1839 1074
1840 227
1841 2088
1842 230
1843 958
1844 878
1845 1303
1846 713
1847 2028
1848 1842
1849 1466
1850 817
1851 1710
1852 2080
1853 1103
1854 1964
1855 1565
1856 324
1857 1930
1858 742
1859 475
1860 2223
1861 337
1862 1673
1863 431
1864 603
1865 1711
1866 407
1867 350
1868 1255
1869 1362
1870 1535
1871 86
1872 663
1873 718
1874 485
1875 1440
1876 267
1877 1438
1878 9
1879 217
1880 863
1881 77
1882 306
1883 890
1884 202
1885 2162
1886 1229
1887 836
1888 1150
1889 1589
1890 1287
1891 920
1892 1651
1893 1264
1894 1481
1895 1217
1896 1863
1897 1563
1898 1806
1899 514
1900 1570
1901 871
1902 107
1903 2198
1904 968
1905 1777
1906 350
1907 1814
1908 1616
1909 1306
1910 1446
1911 969
1912 2161
1913 1612
1914 404
1915 677
1916 2093
1917 1172
1918 2215
1919 947
1920 547
1921 1097
1922 1441
1923 2098
1924 859
1925 2018
1926 777
1927 1021
1928 732
1929 1602
1930 715
1931 6
1932 1096
1933 192
1934 1403
1935 1336
1936 2200
1937 713
1938 600
1939 1613
1940 2164
1941 635
1942 53
1943 44
1944 1545
1945 1422
1946 1571
1947 1936
1948 588
1949 1102
1950 1330
1951 1763
1952 1598
1953 456
1954 504
1955 697
1956 864
1957 17
1958 1366
1959 1784
1960 962
1961 1323
1962 1597
1963 1898
1964 1381
1965 787
1966 1273
1967 2086
1968 1086
1969 62
1970 2204
1971 1065
1972 806
1973 1618
1974 1074
1975 613
1976 1932
1977 1824
1978 170
1979 250
1980 288
1981 2101
1982 1847
1983 443
1984 675
1985 1424
1986 2213
1987 855
1988 274
1989 694
1990 1324
1991 64
1992 1047
1993 920
1994 1166
1995 1198
1996 1913
1997 1683
1998 407
1999 2055
2000 929
2001 1701
2002 2093
2003 531
2004 1328
2005 663
2006 2135
2007 1078
2008 1263
2009 1017
2010 857
2011 1911
2012 230
2013 1940
2014 432
2015 2140
2016 1893
2017 1749
2018 1951
2019 1651
2020 2082
2021 482
2022 755
2023 1871
2024 2213
2025 1485
2026 874
2027 691
2028 300
2029 103
2030 2140
2031 1696
2032 161
2033 399
2034 98
2035 1383
2036 2074
2037 1652
2038 1248
2039 386
2040 1016
2041 1566
2042 122
2043 1645
2044 682
2045 80
2046 198
2047 973
2048 159
2049 1867
2050 1236
2051 838
2052 1684
2053 1826
2054 89
2055 1518
2056 279
2057 102
2058 635
2059 914
2060 940
2061 1568
2062 465
2063 152
2064 1380
2065 135
2066 225
2067 136
2068 590
2069 1953
2070 556
2071 284
2072 229
2073 1383
2074 989
2075 2187
2076 381
2077 104
2078 161
2079 1935
2080 1058
2081 468
2082 586
2083 2161
2084 434
2085 1207
2086 694
2087 2028
2088 1520
2089 466
2090 1347
2091 1963
2092 1622
2093 888
2094 998
2095 1941
2096 778
2097 1711
2098 1319
2099 662
2100 1688
2101 324
2102 11
2103 873
2104 388
2105 788
2106 1054
2107 355
2108 1182
2109 526
2110 1520
2111 1387
2112 1769
2113 1962
2114 333
2115 1464
2116 387
2117 977
2118 1369
2119 1940
2120 2013
2121 2031
2122 1261
2123 1586
2124 957
2125 1258
2126 1558
2127 578
2128 1799
2129 542
2130 1360
2131 792
2132 1117
2133 1381
2134 1409
2135 583
2136 160
2137 1236
2138 908
2139 1178
2140 863
2141 1847
2142 1743
2143 1290
2144 923
2145 901
2146 1987
2147 2178
2148 725
2149 1970
2150 1708
2151 1216
2152 1357
2153 2043
2154 895
2155 922
2156 354
2157 608
2158 1918
2159 1463
2160 34
2161 1700
2162 338
2163 1762
2164 1170
2165 383
2166 2177
2167 1789
2168 66
2169 1163
2170 433
2171 518
2172 2161
2173 2039
2174 1307
2175 1756
2176 1278
2177 2033
2178 1754
2179 1357
2180 376
2181 1028
2182 1112
2183 835
2184 1660
2185 1405
2186 1471
2187 115
2188 1780
2189 31
2190 776
2191 1976
2192 1111
2193 2085
2194 1495
2195 1213
2196 289
2197 240
2198 482
2199 602
2200 1218
2201 653
2202 440
2203 863
2204 1226
2205 426
2206 968
2207 933
2208 272
2209 2011
2210 1643
2211 265
2212 408
2213 803
2214 27
2215 1711
2216 2035
2217 1227
2218 1922
2219 796
2220 1108
2221 1586
2222 2033
2223 360
2224 330
0 589
1 1846
2 483
3 1397
4 414
5 1023
6 476
7 1318
8 1375
9 573
10 1392
11 368
12 1215
13 1164
14 1981
15 1572
16 1985
17 663
18 1377
19 1319
20 853
21 370
22 33
23 495
24 1672
25 662
26 1434
27 1347
28 1330
29 246
30 1838
31 1285
32 539
33 1510
34 1650
35 941
36 1694
37 1652
38 2221
39 1993
40 833
41 1439
42 2006
43 696
44 871
45 88
46 1901
47 1436
48 1574
49 1858
50 571
51 1232
52 1755
53 773
54 1934
55 1850
56 1481
57 1634
58 1232
59 720
60 1449
61 204
62 2176
63 1903
64 1684
65 659
66 938
67 1443
68 1108
69 835
70 422
71 33
72 2060
73 529
74 172
75 648
76 24
77 1274
78 538
79 1642
80 1493
81 506
82 7
83 868
84 1230
85 2036
86 851
87 747
88 1059
89 194
90 50
91 1082
92 197
93 2008
94 223
95 373
96 2019
97 790
98 2165
99 908
100 1915
101 1570
102 723
103 2017
104 1752
105 1387
106 1674
107 979
108 976
109 268
110 366
111 655
112 1709
113 296
114 2159
115 2163
116 188
117 1099
118 1000
119 1295
120 1206
121 1133
122 1259
123 1201
124 358
125 1073
126 2018
127 1743
128 1835
129 1669
130 1982
131 497
132 2027
133 1132
134 594
135 938
136 131
137 1596
138 316
139 1995
140 1872
141 1837
142 2198
143 36
144 521
145 823
146 1771
147 779
148 2042
149 1868
150 962
151 985
152 2006
153 1361
154 1645
155 288
156 1471
157 1312
158 2060
159 1762
160 1601
161 770
162 577
163 952
164 1067
165 266
166 631
167 1759
168 1220
169 1104
170 1955
171 1190
172 1373
173 1456
174 1814
175 1150
176 1429
177 2070
178 1068
179 1726
180 1375
181 1686
182 420
183 2072
184 2059
185 971
186 1993
187 1621
188 880
189 1718
190 588
191 1797
192 10
193 1200
194 1079
195 1243
196 461
197 1528
198 519
199 753
200 269
201 1250
202 1249
203 1094
204 1093
205 852
206 1885
207 479
208 917
209 70
210 1979
211 968
212 143
213 1829
214 448
215 87
216 2029
217 402
218 762
219 1712
220 1948
221 1507
222 625
223 1579
224 1893
225 1541
226 522
227 1867
228 322
229 760
230 182
231 2071
232 1497
233 1880
234 157
235 2150
236 1233
237 1781
238 66
239 315
240 1694
241 36
242 832
243 1450
244 74
245 910
246 1655
247 1320
248 674
249 725
250 1970
251 1731
252 506
253 326
254 1396
255 829
256 256
257 1935
258 250
259 1232
260 1894
261 1338
262 1862
263 1520
264 984
265 2123
266 1459
267 1949
268 716
269 102
270 2156
271 2049
272 699
273 1724
274 1291
275 940
276 229
277 2160
278 1427
279 603
280 1984
281 1945
282 969
283 48
284 933
285 797
286 1471
287 1984
288 1471
289 1040
290 1004
291 69
292 2086
293 118
294 103
295 1281
296 167
297 1393
298 1953
299 246
300 344
301 2153
302 1828
303 579
304 217
305 180
306 1490
307 1049
308 1906
309 1178
310 756
311 1893
312 2115
313 870
314 53
315 2212
316 1612
317 858
318 813
319 986
320 1104
321 227
322 1970
323 1633
324 808
325 2093
326 2169
327 1658
328 1648
329 188
330 2026
331 493
332 585
333 1284
334 1076
335 320
336 5
337 753
338 1115
339 159
340 1513
341 788
342 362
343 356
344 377
345 2186
346 3
347 2046
348 1657
349 1473
350 2
351 1178
352 1437
353 2115
354 2161
355 1416
356 1208
357 2002
358 1065
359 924
360 224
361 1149
362 145
363 1518
364 1255
365 1216
366 2081
367 1529
368 1071
369 1454
370 61
371 1044
372 659
373 1039
374 2052
375 1639
376 653
377 2223
378 1754
379 734
380 770
381 1096
382 1727
383 669
384 174
385 687
386 1950
387 79
388 1780
389 1746
390 1374
391 194
392 585
393 1587
394 1311
395 503
396 1799
397 918
398 1732
399 1013
400 1183
401 218
402 147
403 421
404 941
405 1568
406 233
407 586
408 341
409 681
410 2134
411 754
412 914
413 498
414 1424
415 2187
416 1000
417 524
418 816
419 1353
420 339
421 912
422 520
423 1685
424 515
425 1891
426 1671
427 1569
428 1075
429 36
430 683
431 676
432 216
433 71
434 1125
435 152
436 1733
437 1081
438 1828
439 1672
440 402
441 485
442 514
443 201
444 461
445 1100
446 1894
447 725
448 371
449 1062
450 343
451 667
452 1496
453 18
454 275
455 577
456 1049
457 1448
458 983
459 1910
460 1428
461 1265
462 390
463 2156
464 248
465 815
466 1233
467 1071
468 372
469 1323
470 34
471 653
472 952
473 300
474 1168
475 1059
476 260
477 134
478 2130
479 1894
480 1626
481 842
482 700
483 665
484 1906
485 264
486 302
487 297
488 761
489 2044
490 1077
491 171
492 1695
493 1064
494 1990
495 1513
496 1682
497 59
498 1025
499 437
500 1181
501 1043
502 2063
503 632
504 121
505 450
506 2068
507 488
508 1611
509 2224
510 184
511 716
512 246
513 696
514 457
515 1808
516 1503
517 310
518 560
519 1407
520 2050
521 1013
522 2214
523 252
524 780
525 1408
526 1973
527 1402
528 1830
529 1349
530 1312
531 326
532 547
533 1881
534 2138
535 806
536 1281
537 1084
538 1100
539 1374
540 1075
541 1466
542 364
543 1447
544 966
545 2203
546 1555
547 500
548 812
549 413
550 1932
551 335
552 1813
553 628
554 467
555 1891
556 898
557 1349
558 742
559 401
560 1014
561 1483
562 274
563 717
564 1983
565 580
566 61
567 967
568 1057
569 1789
570 203
571 1655
572 1844
573 21
574 894
575 319
576 979
577 456
578 2204
579 603
580 1802
581 1597
582 1105
583 45
584 1390
585 1673
586 1196
587 1966
588 762
589 2059
590 201
591 192
592 1152
593 251
594 2079
595 24
596 1954
597 588
598 1035
599 714
600 1450
601 770
602 178
603 1116
604 1120
605 1400
606 2039
607 1701
608 119
609 2130
610 1532
611 34
612 396
613 72
614 811
615 1079
616 1913
617 467
618 266
619 742
620 805
621 290
622 1383
623 356
624 769
625 412
626 84
627 2217
628 679
629 1413
630 998
631 959
632 1335
633 238
634 760
635 1004
636 1354
637 437
638 1720
639 54
640 103
641 1458
642 110
643 1998
644 343
645 1363
646 59
647 38
648 1604
649 1995
650 358
651 43
652 1044
653 611
654 1587
655 2134
656 8
657 1661
658 2166
659 536
660 1904
661 269
662 1966
663 1738
664 668
665 2107
666 591
667 1561
668 1069
669 485
670 1328
671 570
672 1188
673 65
674 2120
675 2128
676 2171
677 1561
678 1187
679 1990
680 2138
681 1154
682 1705
683 163
684 1254
685 1300
686 1883
687 783
688 329
689 484
690 1271
691 1107
692 1451
693 2219
694 1854
695 461
696 322
697 1204
698 1303
699 768
700 1911
701 1334
702 1498
703 740
704 1768
705 1557
706 68
707 1145
708 1786
709 1711
710 1287
711 1595
712 1426
713 1379
714 647
715 1410
716 1009
717 255
718 39
719 1849
720 306
721 1553
722 769
723 2199
724 1517
725 910
726 945
727 1485
728 11
729 1594
730 542
731 1037
732 630
733 1277
734 1770
735 2168
736 1301
737 1289
738 869
739 155
740 805
741 1463
742 214
743 1439
744 1013
745 59
746 549
747 1700
748 168
749 582
750 1578
751 1719
752 1777
753 1495
754 1183
755 923
756 428
757 1
758 13
759 0
760 1103
761 1185
762 1159
763 167
764 1988
765 2158
766 1795
767 2136
768 1125
769 1286
770 218
771 283
772 2037
773 362
774 1037
775 2001
776 568
777 13
778 1627
779 263
780 47
781 1005
782 744
783 1927
784 2208
785 976
786 1937
787 866
788 842
789 336
790 1723
791 934
792 1442
793 366
794 2188
795 2056
796 804
797 1987
798 1235
799 278
800 1020
801 87
802 725
803 1704
804 1884
805 1771
806 2112
807 2156
808 1216
809 354
810 2133
811 1794
812 206
813 1887
814 1058
815 187
816 1715
817 1546
818 995
819 123
820 1158
821 2055
822 1263
823 1912
824 62
825 602
826 1343
827 1863
828 1358
829 296
830 129
831 676
832 1596
833 153
834 2157
835 522
836 684
837 823
838 2143
839 1407
840 1069
841 661
842 440
843 1540
844 2063
845 203
846 122
847 2072
848 1278
849 725
850 759
851 1328
852 1377
853 336
854 2106
855 446
856 471
857 1746
858 238
859 2116
860 566
861 1652
862 547
863 2019
864 477
865 1504
866 2039
867 1333
868 123
869 1416
870 802
871 1245
872 1313
873 576
874 1689
875 99
876 2
877 558
878 2035
879 169
880 849
881 1973
882 1114
883 2030
884 411
885 1095
886 493
887 762
888 7
889 2223
890 397
891 2217
892 7
893 1862
894 370
895 736
896 1531
897 776
898 2183
899 1038
900 2151
901 1420
902 409
903 1237
904 858
905 907
906 1589
907 1490
908 1083
909 1007
910 906
911 378
912 1832
913 2057
914 751
915 1051
916 450
917 1361
918 1523
919 420
920 953
921 128
922 917
923 842
924 2095
925 533
926 1435
927 2188
928 1116
929 470
930 1545
931 923
932 1818
933 2090
934 1610
935 1164
936 1074
937 803
938 2114
939 1147
940 1992
941 17
942 1702
943 1864
944 1187
945 1891
946 94
947 388
948 975
949 1660
950 1228
951 1673
952 1731
953 1056
954 14
955 548
956 187
957 1121
958 1323
959 1156
960 1132
961 1135
962 1849
963 1568
964 208
965 1966
966 1511
967 2175
968 1972
969 307
970 204
971 1630
972 1442
973 1780
974 1404
975 686
976 1410
977 1586
978 376
979 71
980 1440
981 2058
982 1299
983 153
984 1506
985 1878
986 451
987 707
988 2121
989 465
990 233
991 1610
992 1396
993 1580
994 1517
995 101
996 1102
997 596
998 189
999 625
1000 828
1001 1098
1002 1987
1003 1629
1004 408
1005 1331
1006 456
1007 1699
1008 987
1009 969
1010 2197
1011 599
1012 270
1013 289
1014 1694
1015 839
1016 1777
1017 422
1018 885
1019 1924
1020 1090
1021 1698
1022 1977
1023 917
1024 839
1025 903
1026 732
1027 972
1028 786
1029 801
1030 1523
1031 1778
1032 1200
1033 229
1034 974
1035 1732
1036 1466
1037 120
1038 1394
1039 1905
1040 327
1041 509
1042 1270
1043 2007
1044 564
1045 1580
1046 289
1047 1869
1048 2151
1049 1644
1050 1468
1051 271
1052 1156
1053 981
1054 553
1055 522
1056 1324
1057 1174
1058 80
1059 875
1060 1833
1061 240
1062 196
1063 1892
1064 1328
1065 1052
1066 191
1067 1456
1068 1462
1069 557
1070 734
1071 1193
1072 1010
1073 1607
1074 200
1075 1590
1076 1395
1077 47
1078 369
1079 808
1080 1340
1081 1108
1082 1792
1083 1676
1084 663
1085 1095
1086 874
1087 2188
1088 2013
1089 2048
1090 683
1091 913
1092 567
1093 292
1094 1230
1095 1355
1096 70
1097 168
1098 1617
1099 1946
1100 1309
1101 2084
1102 846
1103 207
1104 1638
1105 1921
1106 885
1107 94
1108 1564
1109 1950
1110 1955
1111 635
1112 562
1113 943
1114 209
1115 183
1116 1393
1117 1998
1118 735
1119 461
1120 368
1121 667
1122 1228
1123 922
1124 859
1125 1855
1126 1498
1127 954
1128 2015
1129 2169
1130 1207
1131 212
1132 649
1133 648
1134 1625
1135 926
1136 633
1137 552
1138 590
1139 1637
1140 91
1141 1974
1142 289
1143 1302
1144 1027
1145 1783
1146 1631
1147 1885
1148 18
1149 461
1150 1178
1151 1539
1152 1129
1153 365
1154 1908
1155 353
1156 1687
1157 1829
1158 2070
1159 417
1160 487
1161 2172
1162 1054
1163 1265
1164 1754
1165 2216
1166 1740
1167 128
1168 362
1169 1819
1170 1162
1171 1600
1172 1303
1173 2048
1174 370
1175 440
1176 1610
1177 1598
1178 1950
1179 992
1180 1549
1181 714
1182 861
1183 1686
1184 823
1185 2021
1186 1526
1187 1860
1188 278
1189 1079
1190 807
1191 1640
1192 1844
1193 1527
1194 938
1195 1652
1196 580
1197 1763
1198 1718
1199 495
1200 268
1201 2161
1202 1928
1203 191
1204 630
1205 1052
1206 1623
1207 946
1208 2140
1209 757
1210 425
1211 19
1212 723
1213 1435
1214 644
1215 284
1216 850
1217 1588
1218 289
1219 1971
1220 14
1221 682
1222 152
1223 593
1224 1316
1225 184
1226 6
1227 20
1228 1343
1229 90
1230 1877
1231 287
1232 1675
1233 1751
1234 840
1235 1335
1236 454
1237 1353
1238 381
1239 1369
1240 400
1241 769
1242 1529
1243 348
1244 2142
1245 1640
1246 1179
1247 1302
1248 696
1249 2011
1250 2189
1251 565
1252 1596
1253 1451
1254 2116
1255 1267
1256 2095
1257 430
1258 639
1259 531
1260 1126
1261 1991
1262 252
1263 2022
1264 1726
1265 1749
1266 1101
1267 2033
1268 770
1269 2060
1270 240
1271 1669
1272 251
1273 1977
1274 334
1275 1469
1276 1062
1277 1779
1278 782
1279 1238
1280 643
1281 1045
1282 42
1283 1803
1284 425
1285 1822
1286 963
1287 1012
1288 144
1289 542
1290 947
1291 1726
1292 399
1293 1212
1294 209
1295 1726
1296 1395
1297 741
1298 1672
1299 1186
1300 2030
1301 504
1302 526
1303 152
1304 1252
1305 753
1306 1600
1307 1524
1308 995
1309 1143
1310 1010
1311 392
1312 1025
1313 1273
1314 647
1315 424
1316 1086
1317 227
1318 2104
1319 1205
1320 844
1321 1861
1322 2047
1323 365
1324 1871
1325 2196
1326 597
1327 1452
1328 1430
1329 1173
1330 6
1331 1296
1332 1580
1333 2169
1334 693
1335 1976
1336 199
1337 2193
1338 1254
1339 110
1340 640
1341 371
1342 741
1343 895
1344 970
1345 106
1346 1527
1347 695
1348 1853
1349 1148
1350 1530
1351 98
1352 1204
1353 1119
1354 87
1355 1543
1356 1390
1357 2120
1358 1695
1359 1888
1360 204
1361 521
1362 1227
1363 774
1364 1686
1365 1138
1366 1423
1367 1059
1368 648
1369 1130
1370 207
1371 1854
1372 780
1373 1575
1374 280
1375 135
1376 1900
1377 2021
1378 2149
1379 915
1380 1715
1381 55
1382 1841
1383 251
1384 1099
1385 1226
1386 2091
1387 1466
1388 2174
1389 561
1390 1412
1391 2137
1392 1134
1393 65
1394 1661
1395 1282
1396 1476
1397 2014
1398 843
1399 1314
1400 1662
1401 972
1402 420
1403 1732
1404 1960
1405 299
1406 345
1407 1333
1408 1004
1409 1212
1410 1457
1411 1883
1412 1853
1413 471
1414 493
1415 1175
1416 838
1417 1182
1418 768
1419 1585
1420 422
1421 596
1422 75
1423 399
1424 32
1425 697
1426 2110
1427 2209
1428 1800
1429 1121
1430 1055
1431 491
1432 1770
1433 85
1434 1393
1435 1342
1436 2031
1437 1608
1438 184
1439 337
1440 560
1441 987
1442 1158
1443 1942
1444 1829
1445 2196
1446 495
1447 1863
1448 1758
1449 2000
1450 609
1451 436
1452 1531
1453 1379
1454 1640
1455 194
1456 691
1457 57
1458 1377
1459 751
1460 1324
1461 1431
1462 1772
1463 1675
1464 2027
1465 1041
1466 569
1467 61
1468 1507
1469 1070
1470 322
1471 894
1472 1652
1473 2008
1474 1382
1475 965
1476 1625
1477 1226
1478 1097
1479 1215
1480 1873
1481 499
1482 1655
1483 1043
1484 1835
1485 1217
1486 1319
1487 585
1488 2149
1489 496
1490 236
1491 660
1492 1165
1493 2025
1494 100
1495 841
1496 768
1497 77
1498 2069
1499 152
1500 19
1501 985
1502 895
1503 1993
1504 906
1505 1173
1506 191
1507 1416
1508 781
1509 2083
1510 146
1511 1319
1512 1572
1513 1342
1514 1898
1515 655
1516 1200
1517 1933
1518 176
1519 1528
1520 2014
1521 1129
1522 1753
1523 1961
1524 2027
1525 188
1526 1371
1527 84
1528 146
1529 274
1530 931
1531 1803
1532 1105
1533 734
1534 846
1535 2015
1536 1573
1537 2219
1538 1585
1539 1774
1540 59
1541 977
1542 1238
1543 1662
1544 2165
1545 113
1546 1254
1547 431
1548 1265
1549 1418
1550 990
1551 1398
1552 846
1553 1798
1554 2084
1555 2179
1556 1226
1557 126
1558 2
1559 248
1560 1158
1561 482
1562 463
1563 2018
1564 963
1565 965
1566 515
1567 751
1568 1110
1569 307
1570 1539
1571 959
1572 184
1573 1823
1574 669
1575 1512
1576 784
1577 1363
1578 1689
1579 921
1580 2179
1581 1359
1582 918
1583 1517
1584 302
1585 1014
1586 909
1587 269
1588 421
1589 1851
1590 1357
1591 2104
1592 1197
1593 441
1594 704
1595 1308
1596 1072
1597 1173
1598 1089
1599 1819
1600 1060
1601 122
1602 1223
1603 1335
1604 1117
1605 1115
1606 892
1607 892
1608 280
1609 987
1610 1619
1611 1190
1612 836
1613 170
1614 1195
1615 1764
1616 357
1617 1818
1618 888
1619 1948
1620 423
1621 983
1622 1550
1623 856
1624 1963
1625 1000
1626 1941
1627 1497
1628 693
1629 1300
1630 723
1631 257
1632 1483
1633 1303
1634 1036
1635 404
1636 1363
1637 1858
1638 780
1639 502
1640 754
1641 1535
1642 2053
1643 449
1644 1473
1645 302
1646 382
1647 865
1648 2040
1649 1201
1650 2011
1651 2168
1652 450
1653 2180
1654 1392
1655 297
1656 1645
1657 623
1658 1599
1659 1532
1660 2187
1661 1489
1662 1446
1663 2104
1664 1493
1665 1661
1666 1326
1667 2102
1668 1526
1669 378
1670 1909
1671 1948
1672 1566
1673 916
1674 17
1675 1153
1676 468
1677 1429
1678 91
1679 962
1680 1680
1681 92
1682 553
1683 1174
1684 1420
1685 147
1686 1513
1687 1938
1688 909
1689 1183
1690 2113
1691 590
1692 779
1693 942
1694 938
1695 996
1696 1853
1697 648
1698 804
1699 214
1700 1459
1701 79
1702 371
1703 1458
1704 1361
1705 796
1706 570
1707 1507
1708 1354
1709 72
1710 531
1711 1541
1712 1801
1713 1429
1714 260
1715 608
1716 232
1717 873
1718 2179
1719 752
1720 117
1721 2108
1722 1555
1723 1229
1724 519
1725 1462
1726 558
1727 702
1728 1290
1729 1339
1730 433
1731 553
1732 541
1733 2157
1734 466
1735 1641
1736 1185
1737 200
1738 1833
1739 394
1740 2054
1741 1888
1742 1779
1743 2095
1744 598
1745 1279
1746 616
1747 887
1748 1222
1749 1607
1750 1001
1751 351
1752 560
1753 2048
1754 81
1755 1758
1756 449
1757 792
1758 1303
1759 808
1760 142
1761 1113
1762 2126
1763 1731
1764 1115
1765 1832
1766 699
1767 847
1768 435
1769 530
1770 397
1771 1284
1772 1255
1773 1711
1774 841
1775 524
1776 1153
1777 795
1778 27
1779 1153
1780 1406
1781 1888
1782 1813
1783 538
1784 663
1785 1673
1786 697
1787 1819
1788 72
1789 1336
1790 536
1791 1742
1792 1697
1793 2020
1794 196
1795 172
1796 1183
1797 508
1798 15
1799 836
1800 2061
1801 1793
1802 958
1803 1169
1804 1983
1805 1267
1806 2128
1807 1257
1808 1850
1809 479
1810 175
1811 245
1812 2009
1813 503
1814 1656
1815 590
1816 1989
1817 690
1818 152
1819 1369
1820 2044
1821 819
1822 1748
1823 1070
1824 1606
1825 2019
1826 2213
1827 1975
1828 2009
1829 1006
1830 1613
1831 16
1832 1960
1833 784
1834 882
1835 867
1836 1932
1837 2047
1838 1845
1839 1283
1840 697
1841 2088
1842 230
1843 753
1844 878
1845 898
1846 1551
1847 217
1848 1842
1849 1466
1850 1679
1851 1172
1852 2111
1853 1103
1854 1964
1855 1524
1856 324
1857 1930
1858 2175
1859 307
1860 2223
1861 2109
1862 1673
1863 535
1864 2154
1865 363
1866 2066
1867 350
1868 1255
1869 1362
1870 823
1871 2197
1872 663
1873 718
1874 485
1875 1440
1876 349
1877 1748
1878 965
1879 217
1880 205
1881 2019
1882 1903
1883 890
1884 1036
1885 2162
1886 223
1887 836
1888 1210
1889 708
1890 1287
1891 460
1892 1651
1893 1264
1894 1564
1895 1217
1896 1863
1897 1563
1898 1806
1899 1067
1900 385
1901 726
1902 227
1903 850
1904 65
1905 850
1906 350
1907 1814
1908 1616
1909 131
1910 321
1911 969
1912 2161
1913 1612
1914 404
1915 677
1916 896
1917 1172
1918 2215
1919 947
1920 964
1921 1101
1922 2
1923 570
1924 859
1925 42
1926 777
1927 1629
1928 732
1929 1602
1930 2107
1931 6
1932 1096
1933 771
1934 478
1935 226
1936 1158
1937 1953
1938 600
1939 1613
1940 2025
1941 2157
1942 1247
1943 1548
1944 2123
1945 1422
1946 1571
1947 1936
1948 962
1949 611
1950 1459
1951 205
1952 2180
1953 2186
1954 504
1955 2004
1956 1980
1957 1173
1958 1934
1959 1784
1960 1021
1961 1323
1962 1597
1963 251
1964 1381
1965 787
1966 1213
1967 873
1968 1086
1969 1850
1970 2204
1971 876
1972 520
1973 1244
1974 1400
1975 1242
1976 1566
1977 693
1978 170
1979 250
1980 288
1981 1897
1982 1847
1983 443
1984 1541
1985 1424
1986 1730
1987 2096
1988 318
1989 764
1990 1324
1991 151
1992 83
1993 920
1994 389
1995 1198
1996 956
1997 1683
1998 407
1999 1342
2000 929
2001 1701
2002 921
2003 531
2004 1057
2005 663
2006 1527
2007 1549
2008 2158
2009 479
2010 11
2011 1014
2012 230
2013 1940
2014 432
2015 1090
2016 553
2017 1749
2018 1951
2019 2037
2020 1275
2021 482
2022 1632
2023 1871
2024 1274
2025 1449
2026 1248
2027 691
2028 300
2029 744
2030 2140
2031 918
2032 1547
2033 1001
2034 98
2035 1350
2036 59
2037 1652
2038 1898
2039 293
2040 1962
2041 2132
2042 2094
2043 1074
2044 682
2045 1472
2046 198
2047 973
2048 1991
2049 1235
2050 1986
2051 1787
2052 1684
2053 1826
2054 769
2055 1385
2056 279
2057 507
2058 1855
2059 495
2060 244
2061 2155
2062 2021
2063 1757
2064 1380
2065 1328
2066 225
2067 136
2068 1663
2069 1506
2070 14
2071 284
2072 229
2073 1383
2074 646
2075 705
2076 468
2077 104
2078 161
2079 1864
2080 528
2081 1417
2082 586
2083 1693
2084 434
2085 1207
2086 2080
2087 2028
2088 501
2089 466
2090 676
2091 1152
2092 1290
2093 834
2094 147
2095 1941
2096 1179
2097 1663
2098 1319
2099 662
2100 322
2101 551
2102 1491
2103 873
2104 1153
2105 370
2106 1427
2107 355
2108 1034
2109 2021
2110 2086
2111 1274
2112 1769
2113 990
2114 333
2115 1243
2116 387
2117 977
2118 1369
2119 1940
2120 2013
2121 634
2122 1261
2123 1586
2124 124
2125 1258
2126 1210
2127 1524
2128 1799
2129 1896
2130 1921
2131 2061
2132 629
2133 1381
2134 1689
2135 583
2136 160
2137 1236
2138 1331
2139 1478
2140 76
2141 1847
2142 1743
2143 364
2144 923
2145 1978
2146 751
2147 2178
2148 725
2149 276
2150 367
2151 1216
2152 1425
2153 2043
2154 1249
2155 922
2156 354
2157 1464
2158 728
2159 2185
2160 34
2161 1439
2162 1682
2163 2202
2164 1813
2165 383
2166 1345
2167 1789
2168 1669
2169 1163
2170 279
2171 518
2172 227
2173 2039
2174 1307
2175 1642
2176 322
2177 773
2178 1754
2179 1697
2180 376
2181 1028
2182 1112
2183 1813
2184 522
2185 2028
2186 1471
2187 1721
2188 1930
2189 55
2190 776
2191 1976
2192 1267
2193 1812
2194 1495
2195 1213
2196 638
2197 240
2198 95
2199 1243
2200 1218
2201 653
2202 440
2203 1342
2204 1226
2205 426
2206 968
2207 1076
2208 1671
2209 2011
2210 899
2211 533
2212 158
2213 14
2214 27
2215 1675
2216 2099
2217 1227
2218 504
2219 704
2220 1108
2221 1586
2222 801
2223 1143
2224 1083
