0 369
1 957
2 1809
3 1728
4 995
5 151
6 7
7 949
8 1085
9 125
10 1109
11 896
12 1118
13 1855
14 942
15 647
16 1578
17 1275
18 467
19 1190
20 514
21 1258
22 605
23 1483
24 1164
25 1796
26 1019
27 455
28 2111
29 2132
30 1675
31 785
32 1793
33 471
34 2159
35 280
36 240
37 583
38 2014
39 1793
40 1398
41 899
42 1125
43 110
44 1335
45 1877
46 1651
47 733
48 477
49 364
50 444
51 1521
52 988
53 1830
54 342
55 1876
56 1353
57 1577
58 1611
59 1059
60 1266
61 1955
62 1446
63 160
64 1306
65 1887
66 268
67 761
68 836
69 1710
70 873
71 199
72 1281
73 1826
74 320
75 551
76 588
77 2104
78 1000
79 43
80 1102
81 2003
82 1119
83 1343
84 268
85 694
86 14
87 215
88 2035
89 1437
90 973
91 1184
92 950
93 1172
94 943
95 253
96 902
97 481
98 536
99 2116
100 1989
101 884
102 1035
103 1352
104 1766
105 1594
106 1532
107 914
108 2172
109 1386
110 2162
111 455
112 1267
113 2189
114 1985
115 429
116 2010
117 282
118 514
119 1170
120 249
121 1862
122 2188
123 1260
124 1436
125 1305
126 133
127 240
128 204
129 1277
130 2166
131 1598
132 831
133 1030
134 1257
135 1203
136 1855
137 1797
138 1665
139 1955
140 635
141 365
142 555
143 595
144 704
145 658
146 1283
147 380
148 1966
149 1987
150 1870
151 1571
152 1992
153 242
154 1971
155 1732
156 2219
157 758
158 1734
159 1841
160 1936
161 1173
162 2202
163 3
164 1777
165 644
166 422
167 685
168 2200
169 689
170 1364
171 285
172 1364
173 771
174 54
175 319
176 1289
177 843
178 911
179 1536
180 0
181 586
182 1089
183 966
184 378
185 2048
186 815
187 1085
188 490
189 638
190 180
191 1573
192 2025
193 721
194 120
195 1205
196 59
197 183
198 810
199 627
200 1477
201 1595
202 875
203 159
204 649
205 113
206 1944
207 1803
208 571
209 1905
210 314
211 869
212 1895
213 2097
214 1142
215 463
216 1162
217 768
218 1352
219 1711
220 433
221 2211
222 1232
223 1187
224 2149
225 1288
226 578
227 624
228 327
229 753
230 397
231 1693
232 1895
233 244
234 1075
235 898
236 1273
237 2202
238 1904
239 1127
240 990
241 889
242 1710
243 2178
244 1315
245 471
246 945
247 211
248 1895
249 215
250 1490
251 1812
252 65
253 1339
254 251
255 856
256 1376
257 1970
258 264
259 193
260 218
261 13
262 563
263 1041
264 1073
265 174
266 527
267 659
268 1584
269 742
270 510
271 1829
272 643
273 795
274 1065
275 1677
276 1513
277 1613
278 1229
279 1244
280 1338
281 959
282 798
283 109
284 505
285 441
286 574
287 2019
288 1625
289 2205
290 935
291 1110
292 632
293 1267
294 2083
295 2223
296 1234
297 537
298 1266
299 1226
300 2154
301 2055
302 1317
303 1208
304 1841
305 866
306 1134
307 1698
308 1471
309 206
310 2156
311 116
312 226
313 523
314 2120
315 1210
316 1326
317 1639
318 487
319 1850
320 230
321 2176
322 1314
323 200
324 1559
325 408
326 49
327 1955
328 1266
329 1891
330 733
331 2063
332 1160
333 1063
334 568
335 546
336 1168
337 1957
338 1778
339 410
340 1423
341 99
342 288
343 1140
344 928
345 1992
346 1230
347 1594
348 2198
349 874
350 701
351 831
352 1403
353 1084
354 1700
355 295
356 405
357 1893
358 1461
359 2012
360 1220
361 1121
362 458
363 61
364 1373
365 403
366 617
367 182
368 1079
369 1242
370 1912
371 611
372 0
373 795
374 1429
375 311
376 1560
377 960
378 269
379 754
380 762
381 610
382 1578
383 1884
384 1858
385 306
386 241
387 1873
388 1583
389 1798
390 653
391 2000
392 1200
393 1546
394 618
395 1386
396 419
397 1114
398 1605
399 992
400 1243
401 1302
402 1924
403 834
404 1273
405 1177
406 967
407 968
408 1203
409 2012
410 582
411 858
412 168
413 1699
414 2106
415 1736
416 2150
417 1915
418 893
419 1083
420 1967
421 707
422 2139
423 1174
424 2117
425 281
426 745
427 557
428 2034
429 103
430 509
431 2197
432 1520
433 1023
434 1743
435 837
436 268
437 1990
438 369
439 1602
440 1003
441 365
442 1523
443 1375
444 764
445 1142
446 1972
447 1470
448 583
449 1957
450 404
451 222
452 308
453 716
454 1646
455 450
456 662
457 1848
458 156
459 1571
460 1880
461 590
462 591
463 1610
464 1080
465 1790
466 788
467 1717
468 138
469 1143
470 986
471 951
472 737
473 1707
474 1510
475 1098
476 50
477 954
478 1438
479 511
480 1443
481 765
482 753
483 1714
484 943
485 1736
486 809
487 1340
488 1929
489 1603
490 105
491 1371
492 1768
493 1933
494 1052
495 1989
496 1443
497 1879
498 367
499 1923
500 1356
501 52
502 1982
503 1865
504 2113
505 1471
506 1351
507 1572
508 564
509 209
510 1185
511 2209
512 194
513 1598
514 1623
515 625
516 1060
517 64
518 1234
519 839
520 1222
521 825
522 659
523 245
524 1502
525 166
526 2219
527 1620
528 2164
529 1654
530 119
531 1163
532 1800
533 1032
534 1220
535 2079
536 1418
537 1423
538 357
539 263
540 558
541 586
542 1424
543 106
544 1926
545 1658
546 689
547 1868
548 2022
549 1887
550 1548
551 40
552 1036
553 1684
554 1449
555 333
556 1685
557 796
558 351
559 2074
560 800
561 749
562 531
563 1056
564 356
565 6
566 326
567 332
568 1851
569 292
570 1550
571 1083
572 2079
573 1497
574 290
575 2088
576 168
577 201
578 1074
579 296
580 1879
581 1804
582 1805
583 337
584 2125
585 1685
586 613
587 10
588 363
589 2043
590 1098
591 832
592 1144
593 1291
594 1784
595 107
596 806
597 1574
598 705
599 1632
600 1562
601 603
602 743
603 1981
604 1247
605 817
606 1449
607 1249
608 862
609 1160
610 2172
611 1006
612 276
613 1091
614 1089
615 1591
616 2021
617 1538
618 1610
619 761
620 1106
621 449
622 1627
623 1836
624 2016
625 408
626 2201
627 776
628 1063
629 482
630 321
631 161
632 1888
633 903
634 1429
635 391
636 1242
637 1635
638 1137
639 1766
640 1219
641 2034
642 855
643 2171
644 423
645 850
646 55
647 944
648 2064
649 1541
650 952
651 1869
652 1390
653 836
654 1621
655 1345
656 1008
657 1916
658 1026
659 1419
660 1239
661 1931
662 313
663 1340
664 2029
665 1569
666 1599
667 909
668 646
669 1136
670 1769
671 610
672 1263
673 642
674 1780
675 1267
676 183
677 471
678 832
679 1042
680 1799
681 1373
682 1257
683 1862
684 387
685 177
686 91
687 1708
688 1189
689 73
690 1613
691 527
692 1730
693 373
694 1145
695 1050
696 88
697 2169
698 66
699 1914
700 1789
701 698
702 63
703 33
704 1224
705 985
706 745
707 1973
708 96
709 1739
710 1365
711 1694
712 2080
713 1244
714 2087
715 602
716 16
717 783
718 593
719 452
720 1212
721 919
722 1588
723 1503
724 2219
725 74
726 855
727 340
728 436
729 619
730 2130
731 935
732 23
733 1143
734 1320
735 1710
736 1691
737 995
738 800
739 1306
740 384
741 1341
742 2028
743 1957
744 285
745 1886
746 725
747 1473
748 1773
749 276
750 1851
751 584
752 1136
753 1310
754 1520
755 1873
756 959
757 1838
758 403
759 251
760 547
761 725
762 901
763 240
764 200
765 353
766 939
767 1098
768 1632
769 1229
770 1214
771 312
772 559
773 222
774 1848
775 559
776 880
777 1810
778 779
779 2121
780 55
781 223
782 602
783 811
784 800
785 883
786 748
787 1181
788 173
789 1465
790 1361
791 1759
792 145
793 337
794 2140
795 204
796 312
797 598
798 1917
799 1242
800 683
801 79
802 737
803 251
804 181
805 207
806 590
807 233
808 1750
809 829
810 492
811 247
812 892
813 1009
814 1315
815 2076
816 924
817 1499
818 1118
819 6
820 1145
821 2194
822 1619
823 677
824 1684
825 648
826 1422
827 695
828 778
829 244
830 222
831 134
832 1997
833 464
834 195
835 1367
836 1045
837 2066
838 592
839 2041
840 982
841 1880
842 2115
843 1788
844 318
845 1966
846 1261
847 270
848 288
849 983
850 510
851 988
852 24
853 950
854 899
855 294
856 769
857 1804
858 1018
859 300
860 302
861 2210
862 1771
863 658
864 794
865 408
866 213
867 2040
868 910
869 1964
870 2116
871 1193
872 1181
873 530
874 1995
875 84
876 1623
877 171
878 332
879 663
880 297
881 733
882 1957
883 909
884 1493
885 1661
886 249
887 2162
888 351
889 2154
890 226
891 1333
892 1544
893 898
894 269
895 2159
896 2193
897 2141
898 1395
899 1572
900 362
901 1048
902 1770
903 2196
904 1476
905 1737
906 1102
907 83
908 1351
909 1535
910 951
911 1381
912 801
913 855
914 1317
915 535
916 175
917 249
918 1224
919 216
920 479
921 517
922 984
923 2222
924 1130
925 1843
926 1824
927 882
928 202
929 1756
930 2172
931 1774
932 1223
933 2052
934 879
935 1444
936 1358
937 1436
938 938
939 2127
940 1657
941 1204
942 1823
943 1346
944 1720
945 1120
946 199
947 943
948 448
949 1020
950 1299
951 73
952 399
953 662
954 2174
955 1326
956 1841
957 1543
958 2212
959 207
960 516
961 642
962 1506
963 309
964 879
965 807
966 2031
967 552
968 1903
969 439
970 1927
971 104
972 1576
973 2090
974 804
975 2094
976 2133
977 1285
978 617
979 1636
980 1733
981 384
982 592
983 458
984 341
985 150
986 1604
987 1352
988 1709
989 669
990 675
991 925
992 2223
993 2212
994 155
995 556
996 1810
997 178
998 1733
999 1732
1000 564
1001 2210
1002 333
1003 1663
1004 363
1005 1285
1006 1261
1007 256
1008 495
1009 714
1010 1142
1011 1065
1012 251
1013 461
1014 726
1015 1726
1016 1644
1017 1785
1018 2216
1019 367
1020 1509
1021 1627
1022 2036
1023 1251
1024 1763
1025 1091
1026 1046
1027 1917
1028 1758
1029 2120
1030 843
1031 468
1032 1328
1033 479
1034 960
1035 1546
1036 2159
1037 686
1038 1977
1039 1551
1040 983
1041 1537
1042 243
1043 1540
1044 1431
1045 450
1046 1539
1047 1641
1048 857
1049 789
1050 1602
1051 1341
1052 1809
1053 2223
1054 169
1055 1607
1056 1965
1057 2089
1058 1920
1059 2205
1060 1529
1061 318
1062 388
1063 1980
1064 35
1065 2167
1066 1891
1067 1477
1068 1544
1069 1919
1070 1922
1071 1495
1072 1440
1073 1891
1074 1665
1075 903
1076 1319
1077 1544
1078 106
1079 869
1080 2177
1081 1897
1082 1466
1083 1960
1084 770
1085 276
1086 187
1087 293
1088 1554
1089 251
1090 604
1091 330
1092 583
1093 2142
1094 521
1095 2
1096 1152
1097 613
1098 1384
1099 972
1100 1730
1101 1438
1102 591
1103 640
1104 1400
1105 585
1106 1398
1107 127
1108 1380
1109 1133
1110 504
1111 817
1112 1533
1113 898
1114 1277
1115 1962
1116 1087
1117 40
1118 1011
1119 863
1120 601
1121 695
1122 1523
1123 1591
1124 1118
1125 1815
1126 309
1127 1374
1128 501
1129 1575
1130 573
1131 958
1132 101
1133 813
1134 764
1135 96
1136 2128
1137 786
1138 1018
1139 1453
1140 1434
1141 703
1142 1890
1143 1184
1144 403
1145 405
1146 734
1147 943
1148 103
1149 1656
1150 1953
1151 1453
1152 2212
1153 137
1154 1847
1155 2188
1156 2093
1157 757
1158 1588
1159 1656
1160 1738
1161 1056
1162 2126
1163 1555
1164 1883
1165 1856
1166 943
1167 2088
1168 1834
1169 14
1170 833
1171 2134
1172 415
1173 489
1174 723
1175 1405
1176 2188
1177 1337
1178 1789
1179 115
1180 1587
1181 702
1182 354
1183 1417
1184 436
1185 1403
1186 1469
1187 1306
1188 309
1189 330
1190 1011
1191 2177
1192 1019
1193 2130
1194 2115
1195 501
1196 1785
1197 2068
1198 195
1199 970
1200 537
1201 2082
1202 1463
1203 268
1204 489
1205 2137
1206 982
1207 1919
1208 1979
1209 232
1210 103
1211 1936
1212 833
1213 56
1214 715
1215 866
1216 1059
1217 43
1218 393
1219 1223
1220 177
1221 266
1222 81
1223 737
1224 52
1225 2074
1226 1985
1227 280
1228 1622
1229 229
1230 1141
1231 2190
1232 753
1233 1354
1234 19
1235 934
1236 1591
1237 1194
1238 1933
1239 1691
1240 2014
1241 807
1242 664
1243 2009
1244 1017
1245 138
1246 2026
1247 22
1248 276
1249 2052
1250 287
1251 484
1252 158
1253 730
1254 762
1255 378
1256 950
1257 1049
1258 435
1259 642
1260 1534
1261 1282
1262 1388
1263 960
1264 1344
1265 684
1266 536
1267 1947
1268 1273
1269 2068
1270 409
1271 676
1272 1925
1273 388
1274 1061
1275 579
1276 369
1277 779
1278 1327
1279 638
1280 1039
1281 966
1282 218
1283 2106
1284 1085
1285 1862
1286 1993
1287 1130
1288 934
1289 1573
1290 301
1291 1937
1292 132
1293 168
1294 1398
1295 1432
1296 1929
1297 1109
1298 1778
1299 755
1300 1030
1301 524
1302 1497
1303 944
1304 1672
1305 111
1306 2012
1307 2133
1308 980
1309 860
1310 103
1311 1036
1312 28
1313 99
1314 1504
1315 1647
1316 430
1317 764
1318 1663
1319 1880
1320 1560
1321 1708
1322 1533
1323 789
1324 2149
1325 1889
1326 929
1327 367
1328 1216
1329 1048
1330 1900
1331 419
1332 908
1333 1158
1334 283
1335 2016
1336 1613
1337 385
1338 1352
1339 501
1340 483
1341 147
1342 1039
1343 152
1344 1998
1345 324
1346 2116
1347 1202
1348 659
1349 2066
1350 356
1351 11
1352 183
1353 21
1354 748
1355 1663
1356 930
1357 1228
1358 877
1359 1553
1360 1672
1361 1344
1362 1373
1363 1360
1364 363
1365 1404
1366 1700
1367 799
1368 13
1369 1976
1370 1037
1371 924
1372 811
1373 1667
1374 1621
1375 1067
1376 219
1377 435
1378 1888
1379 294
1380 1450
1381 370
1382 132
1383 388
1384 1520
1385 1811
1386 564
1387 1801
1388 1714
1389 1338
1390 1858
1391 1610
1392 565
1393 794
1394 509
1395 628
1396 1702
1397 392
1398 1687
1399 13
1400 2123
1401 1102
1402 461
1403 1594
1404 2007
1405 576
1406 626
1407 543
1408 1548
1409 419
1410 630
1411 574
1412 1075
1413 117
1414 818
1415 1577
1416 305
1417 253
1418 1773
1419 514
1420 1881
1421 1278
1422 549
1423 1794
1424 2217
1425 1930
1426 1130
1427 688
1428 482
1429 244
1430 51
1431 260
1432 467
1433 373
1434 131
1435 1767
1436 1523
1437 1050
1438 1348
1439 1133
1440 320
1441 1603
1442 1051
1443 1273
1444 996
1445 1639
1446 327
1447 1367
1448 1911
1449 2181
1450 1223
1451 131
1452 1188
1453 1860
1454 1398
1455 1456
1456 1926
1457 124
1458 232
1459 1391
1460 543
1461 106
1462 1385
1463 789
1464 1200
1465 1500
1466 1294
1467 214
1468 877
1469 943
1470 1795
1471 1638
1472 93
1473 1135
1474 1072
1475 1277
1476 419
1477 411
1478 654
1479 719
1480 646
1481 682
1482 1688
1483 1776
1484 1012
1485 913
1486 474
1487 1232
1488 670
1489 6
1490 754
1491 1186
1492 968
1493 1741
1494 27
1495 756
1496 2105
1497 1511
1498 1425
1499 12
1500 1590
1501 1167
1502 120
1503 1897
1504 802
1505 334
1506 141
1507 617
1508 5
1509 1423
1510 2061
1511 1001
1512 1881
1513 1151
1514 671
1515 1216
1516 80
1517 1011
1518 360
1519 2155
1520 1888
1521 607
1522 502
1523 267
1524 1996
1525 204
1526 431
1527 764
1528 1477
1529 518
1530 485
1531 1676
1532 763
1533 1208
1534 1467
1535 2142
1536 1310
1537 337
1538 508
1539 1844
1540 373
1541 689
1542 1761
1543 519
1544 1937
1545 1382
1546 2202
1547 1177
1548 1784
1549 299
1550 847
1551 2085
1552 1746
1553 1363
1554 455
1555 456
1556 2044
1557 1322
1558 800
1559 2179
1560 337
1561 1045
1562 2043
1563 872
1564 2131
1565 21
1566 242
1567 809
1568 1801
1569 1246
1570 1512
1571 1782
1572 283
1573 2153
1574 1381
1575 870
1576 1881
1577 2022
1578 1407
1579 515
1580 1899
1581 479
1582 1012
1583 610
1584 1473
1585 213
1586 426
1587 1076
1588 1994
1589 1410
1590 1133
1591 46
1592 80
1593 1251
1594 1735
1595 1473
1596 967
1597 422
1598 449
1599 1822
1600 255
1601 1012
1602 912
1603 788
1604 1716
1605 1651
1606 661
1607 2073
1608 654
1609 1576
1610 1362
1611 1894
1612 253
1613 2025
1614 2218
1615 56
1616 1773
1617 1191
1618 760
1619 251
1620 2014
1621 1203
1622 351
1623 2045
1624 1711
1625 205
1626 2220
1627 548
1628 1393
1629 2197
1630 50
1631 1506
1632 1159
1633 1676
1634 541
1635 1521
1636 1053
1637 1926
1638 1927
1639 610
1640 1591
1641 1286
1642 169
1643 1149
1644 2127
1645 1468
1646 1940
1647 1381
1648 1538
1649 224
1650 1439
1651 176
1652 977
1653 812
1654 1329
1655 368
1656 757
1657 743
1658 905
1659 632
1660 100
1661 1257
1662 1843
1663 606
1664 240
1665 1049
1666 624
1667 1296
1668 1745
1669 737
1670 1817
1671 1859
1672 788
1673 538
1674 101
1675 788
1676 1535
1677 308
1678 1837
1679 495
1680 1740
1681 1830
1682 176
1683 502
1684 245
1685 1612
1686 1377
1687 955
1688 1561
1689 1647
1690 544
1691 2010
1692 1529
1693 179
1694 2118
1695 537
1696 1730
1697 783
1698 1187
1699 1015
1700 335
1701 1782
1702 928
1703 470
1704 1376
1705 1599
1706 283
1707 1723
1708 1368
1709 119
1710 2096
1711 1588
1712 1331
1713 2055
1714 983
1715 1167
1716 978
1717 456
1718 1564
1719 1729
1720 1248
1721 475
1722 564
1723 980
1724 2160
1725 1064
1726 1506
1727 728
1728 2095
1729 1022
1730 1116
1731 175
1732 152
1733 194
1734 1593
1735 400
1736 2028
1737 1677
1738 1569
1739 2170
1740 283
1741 521
1742 1196
1743 1750
1744 2043
1745 931
1746 2056
1747 287
1748 2009
1749 36
1750 1943
1751 1480
1752 242
1753 1307
1754 1267
1755 2051
1756 1463
1757 973
1758 293
1759 267
1760 878
1761 467
1762 486
1763 440
1764 232
1765 938
1766 1838
1767 914
1768 1576
1769 836
1770 730
1771 532
1772 622
1773 1136
1774 821
1775 2039
1776 1931
1777 381
1778 362
1779 1567
1780 1351
1781 2126
1782 210
1783 1602
1784 903
1785 1633
1786 1131
1787 1476
1788 164
1789 2027
1790 1001
1791 1274
1792 1312
1793 1499
1794 1051
1795 133
1796 674
1797 693
1798 6
1799 1124
1800 284
1801 852
1802 702
1803 1026
1804 954
1805 1657
1806 372
1807 1877
1808 446
1809 1747
1810 170
1811 964
1812 747
1813 1676
1814 1746
1815 1031
1816 869
1817 1293
1818 533
1819 1189
1820 247
1821 1958
1822 555
1823 1340
1824 1127
1825 956
1826 2084
1827 590
1828 1140
1829 598
1830 1593
1831 671
1832 832
1833 1476
1834 1980
1835 455
1836 2212
1837 1766
1838 1789
1839 1687
1840 128
1841 581
1842 184
1843 1954
1844 1320
1845 1133
1846 1253
1847 179
1848 421
1849 1175
1850 172
1851 2019
1852 227
1853 168
1854 1181
1855 1169
1856 54
1857 1402
1858 56
1859 1345
1860 1140
1861 1761
1862 587
1863 1510
1864 1308
1865 1413
1866 591
1867 2107
1868 1020
1869 1544
1870 822
1871 1964
1872 217
1873 1584
1874 499
1875 1736
1876 1491
1877 1894
1878 676
1879 807
1880 2123
1881 1751
1882 819
1883 1946
1884 236
1885 1684
1886 1581
1887 1157
1888 1405
1889 2078
1890 1255
1891 2079
1892 225
1893 1038
1894 40
1895 1482
1896 1923
1897 468
1898 171
1899 1796
1900 1139
1901 553
1902 473
1903 2122
1904 1079
1905 705
1906 531
1907 744
1908 562
1909 144
1910 207
1911 234
1912 642
1913 1618
1914 1492
1915 1813
1916 18
1917 533
1918 67
1919 1435
1920 1162
1921 964
1922 1384
1923 970
1924 879
1925 1834
1926 1584
1927 920
1928 998
1929 1828
1930 1808
1931 207
1932 1503
1933 160
1934 314
1935 16
1936 2009
1937 1881
1938 1533
1939 1899
1940 677
1941 1090
1942 1178
1943 755
1944 1528
1945 907
1946 1204
1947 17
1948 3
1949 1360
1950 1198
1951 1360
1952 321
1953 975
1954 1693
1955 930
1956 1890
1957 1321
1958 320
1959 482
1960 1224
1961 1805
1962 2172
1963 451
1964 639
1965 2
1966 1563
1967 1337
1968 2066
1969 1262
1970 2160
1971 1167
1972 1409
1973 81
1974 375
1975 996
1976 945
1977 1891
1978 1114
1979 1258
1980 2105
1981 1995
1982 1308
1983 1279
1984 1656
1985 2133
1986 1817
1987 83
1988 234
1989 1852
1990 281
1991 532
1992 82
1993 2096
1994 1628
1995 935
1996 1744
1997 1653
1998 17
1999 469
2000 494
2001 987
2002 1841
2003 1946
2004 1529
2005 1227
2006 710
2007 2056
2008 1819
2009 2007
2010 336
2011 1430
2012 2099
2013 1866
2014 1350
2015 1822
2016 919
2017 779
2018 1933
2019 642
2020 922
2021 916
2022 861
2023 1496
2024 994
2025 565
2026 491
2027 1454
2028 1071
2029 1818
2030 1554
2031 933
2032 1703
2033 1423
2034 1817
2035 262
2036 1504
2037 414
2038 1983
2039 410
2040 1931
2041 122
2042 1743
2043 1445
2044 1832
2045 307
2046 524
2047 1766
2048 1953
2049 641
2050 1514
2051 22
2052 666
2053 162
2054 1387
2055 981
2056 13
2057 790
2058 130
2059 1739
2060 2069
2061 471
2062 923
2063 1937
2064 2163
2065 26
2066 1368
2067 1273
2068 882
2069 1751
2070 1866
2071 507
2072 682
2073 251
2074 87
2075 1977
2076 516
2077 809
2078 2002
2079 158
2080 1594
2081 269
2082 1927
2083 443
2084 2005
2085 1568
2086 1505
2087 160
2088 583
2089 562
2090 619
2091 1619
2092 1237
2093 262
2094 1903
2095 1959
2096 1535
2097 1608
2098 1599
2099 343
2100 77
2101 1655
2102 1240
2103 1551
2104 1530
2105 1777
2106 837
2107 2111
2108 2204
2109 4
2110 1053
2111 1282
2112 1813
2113 1934
2114 1821
2115 1464
2116 1982
2117 25
2118 1397
2119 1174
2120 528
2121 184
2122 1901
2123 887
2124 1497
2125 52
2126 1940
2127 1699
2128 405
2129 661
2130 1225
2131 911
2132 1440
2133 1406
2134 2098
2135 1723
2136 807
2137 701
2138 1323
2139 1648
2140 1108
2141 1635
2142 1416
2143 1859
2144 1662
2145 978
2146 1300
2147 171
2148 1881
2149 733
2150 1287
2151 962
2152 1014
2153 357
2154 233
2155 626
2156 1523
2157 2155
2158 2028
2159 785
2160 833
2161 1111
2162 819
2163 1529
2164 1174
2165 1558
2166 1413
2167 2021
2168 137
2169 1267
2170 417
2171 444
2172 158
2173 1514
2174 634
2175 2053
2176 1711
2177 589
2178 1557
2179 865
2180 1252
2181 1357
2182 620
2183 1505
2184 632
2185 11
2186 1835
2187 76
2188 2033
2189 848
2190 2175
2191 710
2192 2174
2193 1545
2194 114
2195 1853
2196 1366
2197 417
2198 338
2199 259
2200 1000
2201 1581
2202 2180
2203 1121
2204 212
2205 1635
2206 406
2207 441
2208 497
2209 239
2210 13
2211 57
2212 794
2213 1750
2214 2006
2215 580
2216 1727
2217 307
2218 1044
2219 2018
2220 203
2221 2192
2222 1345
2223 482
2224 1363
0 369
1 957
2 1809
3 1728
4 10
5 151
6 2167
7 990
8 1085
9 125
10 1370
11 896
12 837
13 2061
14 942
15 1522
16 801
17 406
18 467
19 2031
20 2089
21 1258
22 605
23 680
24 1950
25 1525
26 403
27 1010
28 2111
29 2132
30 1675
31 327
32 1793
33 471
34 453
35 280
36 1312
37 583
38 2014
39 1793
40 1398
41 899
42 584
43 110
44 746
45 549
46 1651
47 733
48 477
49 2144
50 1228
51 856
52 988
53 1830
54 477
55 1415
56 1353
57 1399
58 1154
59 476
60 376
61 144
62 1446
63 489
64 187
65 2005
66 2082
67 760
68 193
69 2138
70 873
71 199
72 1281
73 638
74 905
75 1514
76 986
77 747
78 542
79 237
80 762
81 709
82 1119
83 186
84 2111
85 1413
86 1860
87 576
88 2035
89 1437
90 1018
91 1184
92 950
93 1422
94 943
95 1350
96 902
97 1075
98 1080
99 2116
100 1989
101 446
102 2179
103 1352
104 667
105 2020
106 2090
107 914
108 2211
109 1386
110 2162
111 2138
112 1267
113 2069
114 1985
115 429
116 2010
117 282
118 514
119 1170
120 1326
121 1250
122 2188
123 477
124 1802
125 1305
126 1055
127 240
128 2150
129 1005
130 1073
131 1676
132 831
133 1030
134 1257
135 1203
136 65
137 10
138 390
139 1810
140 179
141 1600
142 134
143 1650
144 146
145 658
146 1283
147 380
148 474
149 85
150 1303
151 2196
152 1992
153 242
154 783
155 28
156 2219
157 1444
158 1719
159 878
160 1936
161 1173
162 2202
163 3
164 796
165 644
166 422
167 2109
168 2011
169 224
170 1364
171 597
172 1571
173 1253
174 54
175 319
176 29
177 843
178 911
179 1536
180 0
181 2142
182 556
183 966
184 378
185 2048
186 815
187 1085
188 490
189 1656
190 205
191 1156
192 1148
193 721
194 966
195 1703
196 496
197 183
198 31
199 1908
200 1477
201 1118
202 875
203 159
204 650
205 199
206 1944
207 230
208 571
209 1905
210 314
211 869
212 1347
213 220
214 1105
215 463
216 1162
217 1454
218 1352
219 1404
220 1541
221 1626
222 1232
223 447
224 1263
225 1288
226 578
227 1325
228 1859
229 753
230 397
231 57
232 1895
233 1901
234 1075
235 898
236 1273
237 2202
238 1904
239 1127
240 990
241 1139
242 965
243 1111
244 1315
245 1803
246 945
247 444
248 203
249 215
250 1490
251 1812
252 1255
253 1339
254 824
255 856
256 1376
257 1970
258 264
259 756
260 1056
261 836
262 563
263 1506
264 1073
265 174
266 527
267 659
268 1592
269 1937
270 1472
271 1829
272 1500
273 795
274 1404
275 237
276 1513
277 1063
278 2171
279 2089
280 1338
281 1242
282 798
283 2112
284 505
285 1254
286 392
287 1345
288 1625
289 487
290 738
291 1843
292 613
293 2012
294 2083
295 584
296 415
297 1704
298 712
299 1293
300 2154
301 2055
302 172
303 1208
304 1576
305 866
306 233
307 1698
308 1471
309 206
310 2156
311 1207
312 226
313 523
314 2120
315 1210
316 2081
317 1009
318 909
319 1556
320 125
321 911
322 1912
323 104
324 1957
325 203
326 49
327 1955
328 1266
329 958
330 2056
331 48
332 558
333 1063
334 568
335 546
336 1459
337 1808
338 1778
339 2221
340 1732
341 99
342 933
343 1140
344 711
345 1984
346 1527
347 1594
348 2132
349 1362
350 811
351 451
352 934
353 1576
354 197
355 1641
356 200
357 1893
358 1461
359 239
360 1220
361 1121
362 458
363 61
364 905
365 403
366 404
367 916
368 1079
369 1144
370 84
371 611
372 1133
373 1050
374 1429
375 1384
376 1321
377 960
378 269
379 1383
380 688
381 944
382 1578
383 1362
384 1858
385 306
386 241
387 1863
388 2049
389 1798
390 311
391 2159
392 1947
393 721
394 1934
395 711
396 4
397 761
398 261
399 992
400 1243
401 444
402 553
403 834
404 1080
405 1177
406 1965
407 1281
408 2118
409 744
410 848
411 809
412 1561
413 1752
414 1319
415 1736
416 1542
417 795
418 1760
419 1083
420 427
421 707
422 2210
423 1532
424 1874
425 1029
426 745
427 613
428 123
429 554
430 1793
431 2197
432 1034
433 1023
434 1555
435 1566
436 1989
437 1990
438 1945
439 1602
440 2199
441 365
442 1523
443 1375
444 764
445 180
446 1238
447 1470
448 128
449 1957
450 404
451 222
452 308
453 716
454 1713
455 450
456 376
457 1848
458 156
459 1571
460 1880
461 590
462 1915
463 2179
464 1646
465 892
466 788
467 493
468 1865
469 1143
470 1087
471 1710
472 737
473 1707
474 1510
475 1098
476 50
477 1549
478 1438
479 572
480 1524
481 765
482 1290
483 1714
484 943
485 1831
486 2149
487 1747
488 1929
489 1603
490 187
491 1371
492 1584
493 96
494 1638
495 658
496 1443
497 324
498 1253
499 1923
500 222
501 52
502 1982
503 512
504 544
505 1471
506 178
507 1222
508 734
509 209
510 907
511 2061
512 1455
513 1598
514 1331
515 625
516 2089
517 64
518 1234
519 839
520 224
521 790
522 591
523 245
524 1502
525 166
526 38
527 1427
528 1308
529 1367
530 119
531 1163
532 1800
533 1032
534 1220
535 1972
536 1897
537 590
538 357
539 833
540 291
541 482
542 2030
543 106
544 1926
545 1658
546 2214
547 1868
548 2022
549 1887
550 1265
551 138
552 593
553 1040
554 1449
555 5
556 1432
557 796
558 1746
559 634
560 154
561 1750
562 1540
563 1056
564 356
565 6
566 2114
567 1483
568 591
569 288
570 806
571 1184
572 2044
573 834
574 2012
575 1026
576 168
577 201
578 1074
579 2147
580 1879
581 1940
582 1450
583 1799
584 2125
585 1685
586 629
587 10
588 29
589 2043
590 1098
591 597
592 1144
593 1291
594 1332
595 1891
596 789
597 1574
598 705
599 1632
600 155
601 603
602 633
603 1195
604 1247
605 1382
606 248
607 1672
608 2206
609 1666
610 290
611 1006
612 541
613 1091
614 1697
615 532
616 1582
617 1371
618 1994
619 1700
620 2167
621 449
622 1627
623 246
624 1812
625 276
626 1170
627 954
628 399
629 482
630 321
631 161
632 1888
633 695
634 1429
635 560
636 1242
637 1635
638 2160
639 1766
640 1114
641 2034
642 855
643 2171
644 485
645 850
646 1026
647 483
648 2064
649 1541
650 952
651 717
652 1499
653 766
654 1750
655 1030
656 1498
657 1676
658 280
659 1419
660 825
661 1931
662 281
663 520
664 1889
665 1845
666 1209
667 909
668 646
669 1136
670 1769
671 826
672 600
673 1688
674 1930
675 990
676 183
677 812
678 1392
679 397
680 1799
681 1652
682 1972
683 615
684 2026
685 1714
686 1078
687 1708
688 1189
689 73
690 1165
691 1669
692 1730
693 460
694 94
695 1050
696 144
697 804
698 66
699 1914
700 625
701 1735
702 63
703 11
704 1224
705 379
706 2079
707 591
708 1772
709 461
710 1365
711 1694
712 2080
713 896
714 651
715 1163
716 280
717 1461
718 734
719 452
720 1993
721 919
722 1588
723 1948
724 2219
725 1665
726 855
727 339
728 427
729 619
730 1670
731 710
732 23
733 1143
734 493
735 1539
736 1691
737 995
738 800
739 2188
740 1530
741 2042
742 229
743 1858
744 1568
745 1245
746 2085
747 1473
748 996
749 31
750 511
751 584
752 1136
753 1310
754 209
755 1873
756 1874
757 1838
758 58
759 251
760 2059
761 2105
762 12
763 1363
764 317
765 192
766 1997
767 1381
768 1061
769 1229
770 1214
771 312
772 644
773 1567
774 1848
775 1915
776 409
777 426
778 135
779 863
780 2183
781 1154
782 1113
783 2102
784 800
785 1644
786 286
787 1181
788 554
789 1115
790 1361
791 1651
792 1310
793 337
794 2140
795 204
796 1467
797 1720
798 91
799 1242
800 570
801 951
802 737
803 251
804 70
805 207
806 429
807 1654
808 1750
809 447
810 1398
811 29
812 892
813 1009
814 1315
815 2076
816 924
817 2193
818 1118
819 6
820 1145
821 2194
822 334
823 1359
824 1684
825 1179
826 1510
827 635
828 476
829 1460
830 375
831 1282
832 338
833 464
834 195
835 713
836 331
837 1225
838 1319
839 2041
840 982
841 1880
842 1638
843 1788
844 318
845 1966
846 1261
847 414
848 1250
849 983
850 2116
851 2156
852 24
853 324
854 1358
855 294
856 769
857 1804
858 1156
859 300
860 302
861 2210
862 1771
863 859
864 694
865 257
866 213
867 2040
868 910
869 1239
870 1830
871 666
872 1129
873 1964
874 1995
875 84
876 807
877 384
878 332
879 663
880 1630
881 1535
882 19
883 909
884 1493
885 1661
886 1285
887 2162
888 1084
889 2154
890 1601
891 171
892 1544
893 898
894 900
895 1984
896 2193
897 2141
898 1395
899 1572
900 543
901 1048
902 41
903 903
904 1652
905 565
906 1102
907 2078
908 1351
909 1535
910 467
911 2024
912 801
913 2058
914 7
915 1441
916 175
917 249
918 1346
919 216
920 2223
921 1003
922 1448
923 502
924 1130
925 40
926 1824
927 502
928 648
929 1756
930 957
931 800
932 1223
933 2138
934 879
935 142
936 1358
937 1640
938 171
939 2127
940 207
941 757
942 1823
943 1346
944 1720
945 1120
946 199
947 943
948 1186
949 432
950 724
951 73
952 399
953 662
954 2174
955 894
956 2047
957 466
958 712
959 207
960 1051
961 1027
962 397
963 309
964 195
965 807
966 2031
967 2041
968 611
969 1166
970 490
971 1783
972 1576
973 2090
974 1924
975 1291
976 1733
977 1285
978 617
979 414
980 1733
981 384
982 592
983 458
984 1035
985 150
986 1604
987 1797
988 1435
989 1305
990 675
991 925
992 2223
993 2212
994 155
995 1466
996 1810
997 2220
998 217
999 1732
1000 564
1001 2210
1002 333
1003 1395
1004 602
1005 1285
1006 337
1007 1324
1008 1391
1009 20
1010 1142
1011 1065
1012 251
1013 1310
1014 1033
1015 2174
1016 287
1017 1078
1018 2216
1019 367
1020 737
1021 569
1022 1027
1023 597
1024 2214
1025 1091
1026 1834
1027 1917
1028 1036
1029 1115
1030 843
1031 837
1032 2159
1033 1797
1034 960
1035 1546
1036 2159
1037 686
1038 2142
1039 1551
1040 1839
1041 1537
1042 243
1043 1540
1044 1431
1045 450
1046 1539
1047 979
1048 837
1049 789
1050 1602
1051 2193
1052 1609
1053 2223
1054 2105
1055 1798
1056 1965
1057 828
1058 28
1059 2205
1060 1529
1061 178
1062 622
1063 2139
1064 339
1065 837
1066 1891
1067 1477
1068 1544
1069 88
1070 1927
1071 1495
1072 1859
1073 1891
1074 1932
1075 1479
1076 1319
1077 1781
1078 1049
1079 869
1080 214
1081 149
1082 1466
1083 1397
1084 770
1085 352
1086 1287
1087 371
1088 895
1089 251
1090 604
1091 330
1092 583
1093 1417
1094 907
1095 2
1096 1152
1097 27
1098 1113
1099 972
1100 1528
1101 1492
1102 739
1103 1975
1104 1400
1105 1976
1106 1398
1107 740
1108 1682
1109 900
1110 504
1111 817
1112 1533
1113 33
1114 1277
1115 782
1116 1803
1117 40
1118 1011
1119 717
1120 1214
1121 1519
1122 1523
1123 1596
1124 1118
1125 133
1126 1640
1127 257
1128 501
1129 267
1130 573
1131 958
1132 1214
1133 813
1134 1861
1135 2066
1136 2128
1137 112
1138 1758
1139 28
1140 1338
1141 1517
1142 397
1143 543
1144 403
1145 917
1146 734
1147 1312
1148 2112
1149 2157
1150 1953
1151 1788
1152 2212
1153 916
1154 385
1155 2188
1156 1626
1157 108
1158 1014
1159 975
1160 114
1161 1056
1162 2126
1163 918
1164 1406
1165 2036
1166 1842
1167 1652
1168 589
1169 1084
1170 2136
1171 363
1172 1546
1173 2048
1174 602
1175 1405
1176 741
1177 1789
1178 1147
1179 115
1180 1587
1181 702
1182 305
1183 854
1184 1405
1185 519
1186 141
1187 1532
1188 627
1189 191
1190 349
1191 1137
1192 1950
1193 964
1194 2115
1195 1361
1196 1718
1197 2068
1198 195
1199 970
1200 1183
1201 2206
1202 838
1203 622
1204 489
1205 2211
1206 530
1207 1007
1208 855
1209 1944
1210 872
1211 1262
1212 833
1213 232
1214 715
1215 350
1216 344
1217 85
1218 852
1219 1223
1220 177
1221 266
1222 81
1223 15
1224 52
1225 1766
1226 2078
1227 1720
1228 1647
1229 229
1230 1141
1231 1092
1232 382
1233 2114
1234 19
1235 273
1236 1921
1237 516
1238 681
1239 1178
1240 2014
1241 243
1242 664
1243 438
1244 336
1245 138
1246 2026
1247 1065
1248 260
1249 518
1250 287
1251 484
1252 158
1253 1211
1254 762
1255 378
1256 1235
1257 463
1258 772
1259 1861
1260 709
1261 1282
1262 1388
1263 960
1264 1339
1265 684
1266 2040
1267 1521
1268 1273
1269 2068
1270 409
1271 676
1272 1925
1273 2109
1274 1772
1275 579
1276 1952
1277 779
1278 1327
1279 1239
1280 1602
1281 2014
1282 601
1283 2106
1284 1574
1285 881
1286 1993
1287 1776
1288 229
1289 1573
1290 844
1291 1227
1292 572
1293 168
1294 1398
1295 886
1296 103
1297 196
1298 2021
1299 309
1300 1925
1301 524
1302 1735
1303 944
1304 1672
1305 111
1306 78
1307 150
1308 980
1309 1161
1310 103
1311 1036
1312 1485
1313 99
1314 1504
1315 1647
1316 430
1317 753
1318 2040
1319 1808
1320 1560
1321 1994
1322 1158
1323 1978
1324 2149
1325 1889
1326 783
1327 865
1328 2153
1329 1872
1330 1900
1331 419
1332 57
1333 77
1334 807
1335 1817
1336 1613
1337 1435
1338 1352
1339 80
1340 483
1341 1886
1342 1248
1343 152
1344 1998
1345 1829
1346 1559
1347 1202
1348 262
1349 133
1350 356
1351 1683
1352 40
1353 21
1354 1227
1355 1663
1356 875
1357 1228
1358 877
1359 1961
1360 711
1361 1884
1362 248
1363 1360
1364 1037
1365 67
1366 536
1367 1417
1368 13
1369 1411
1370 1037
1371 924
1372 1177
1373 453
1374 1195
1375 1067
1376 219
1377 944
1378 1350
1379 2214
1380 1030
1381 1080
1382 1657
1383 616
1384 918
1385 87
1386 1693
1387 1801
1388 1714
1389 1567
1390 1858
1391 1610
1392 158
1393 318
1394 404
1395 628
1396 1702
1397 392
1398 1764
1399 1272
1400 1066
1401 1003
1402 461
1403 786
1404 109
1405 576
1406 2183
1407 543
1408 1548
1409 1287
1410 630
1411 574
1412 78
1413 117
1414 244
1415 2140
1416 305
1417 1993
1418 1704
1419 569
1420 1220
1421 1278
1422 549
1423 1794
1424 220
1425 1416
1426 1130
1427 688
1428 138
1429 244
1430 51
1431 1834
1432 1845
1433 373
1434 548
1435 1767
1436 1523
1437 1050
1438 1348
1439 1133
1440 320
1441 1819
1442 1051
1443 2050
1444 967
1445 1639
1446 327
1447 1504
1448 764
1449 2181
1450 1740
1451 27
1452 650
1453 1860
1454 1469
1455 217
1456 899
1457 124
1458 232
1459 1391
1460 478
1461 106
1462 374
1463 1648
1464 1200
1465 329
1466 1294
1467 214
1468 877
1469 1072
1470 448
1471 1638
1472 1862
1473 46
1474 450
1475 1442
1476 419
1477 411
1478 654
1479 719
1480 646
1481 687
1482 755
1483 1776
1484 135
1485 1818
1486 1108
1487 1876
1488 670
1489 6
1490 754
1491 1907
1492 28
1493 1265
1494 848
1495 564
1496 2105
1497 1243
1498 2122
1499 12
1500 1590
1501 1167
1502 231
1503 89
1504 1944
1505 334
1506 1779
1507 617
1508 224
1509 150
1510 1494
1511 1987
1512 326
1513 2172
1514 1682
1515 1418
1516 80
1517 1011
1518 728
1519 2155
1520 1390
1521 607
1522 359
1523 820
1524 1628
1525 453
1526 431
1527 113
1528 1477
1529 1545
1530 1216
1531 1676
1532 763
1533 1683
1534 1467
1535 124
1536 1310
1537 2091
1538 46
1539 1844
1540 373
1541 102
1542 1075
1543 2110
1544 685
1545 1382
1546 507
1547 1177
1548 1731
1549 299
1550 531
1551 2085
1552 2203
1553 1363
1554 1991
1555 456
1556 1136
1557 1428
1558 800
1559 1963
1560 337
1561 89
1562 2043
1563 872
1564 2204
1565 1066
1566 739
1567 607
1568 1949
1569 1246
1570 1512
1571 2037
1572 1467
1573 2202
1574 1139
1575 870
1576 1881
1577 2022
1578 717
1579 515
1580 88
1581 479
1582 1720
1583 610
1584 1473
1585 213
1586 426
1587 1076
1588 1666
1589 1983
1590 482
1591 46
1592 80
1593 1251
1594 1735
1595 1473
1596 131
1597 422
1598 209
1599 801
1600 255
1601 1012
1602 2011
1603 1284
1604 1716
1605 2193
1606 661
1607 2073
1608 671
1609 958
1610 1362
1611 1881
1612 253
1613 2136
1614 995
1615 1543
1616 123
1617 1121
1618 1434
1619 2129
1620 123
1621 262
1622 1941
1623 1653
1624 317
1625 1938
1626 2153
1627 1126
1628 1393
1629 2197
1630 50
1631 1506
1632 1159
1633 876
1634 541
1635 782
1636 1053
1637 1926
1638 380
1639 922
1640 1769
1641 2018
1642 157
1643 1149
1644 1324
1645 2056
1646 1172
1647 766
1648 797
1649 224
1650 1555
1651 1964
1652 618
1653 1642
1654 120
1655 784
1656 757
1657 1174
1658 2064
1659 1276
1660 788
1661 696
1662 481
1663 606
1664 259
1665 1049
1666 624
1667 1296
1668 1186
1669 737
1670 1817
1671 1777
1672 2170
1673 506
1674 101
1675 2097
1676 1424
1677 308
1678 1837
1679 1534
1680 576
1681 1830
1682 176
1683 502
1684 908
1685 1612
1686 1377
1687 955
1688 85
1689 1311
1690 2001
1691 2010
1692 1529
1693 1014
1694 374
1695 2147
1696 1108
1697 757
1698 1187
1699 1015
1700 1738
1701 1782
1702 928
1703 1567
1704 1008
1705 1599
1706 1471
1707 1723
1708 1067
1709 119
1710 2096
1711 8
1712 1331
1713 49
1714 983
1715 1883
1716 978
1717 456
1718 1564
1719 1729
1720 1458
1721 475
1722 2032
1723 980
1724 856
1725 1145
1726 1789
1727 2135
1728 214
1729 1796
1730 1116
1731 175
1732 152
1733 194
1734 1593
1735 2120
1736 2028
1737 1171
1738 2112
1739 1354
1740 283
1741 521
1742 1196
1743 1750
1744 2043
1745 931
1746 2056
1747 287
1748 1309
1749 1761
1750 1943
1751 1480
1752 1420
1753 1307
1754 342
1755 2051
1756 1812
1757 506
1758 293
1759 1181
1760 1600
1761 17
1762 768
1763 1997
1764 232
1765 1964
1766 1838
1767 914
1768 719
1769 1548
1770 1384
1771 1073
1772 1820
1773 1136
1774 821
1775 451
1776 1931
1777 1750
1778 1560
1779 1885
1780 1351
1781 2126
1782 210
1783 1422
1784 2182
1785 924
1786 1131
1787 1476
1788 390
1789 2027
1790 1001
1791 1274
1792 1000
1793 1874
1794 1777
1795 133
1796 2171
1797 1110
1798 6
1799 1124
1800 284
1801 852
1802 649
1803 1238
1804 1909
1805 1657
1806 372
1807 1204
1808 446
1809 1747
1810 170
1811 864
1812 1275
1813 1676
1814 1746
1815 1031
1816 869
1817 1293
1818 533
1819 1056
1820 247
1821 2192
1822 249
1823 1798
1824 1850
1825 1744
1826 1238
1827 313
1828 386
1829 1377
1830 1593
1831 2202
1832 832
1833 80
1834 1012
1835 1125
1836 2212
1837 782
1838 2186
1839 1775
1840 411
1841 1776
1842 184
1843 739
1844 1320
1845 1133
1846 1253
1847 179
1848 2222
1849 1704
1850 172
1851 1333
1852 227
1853 168
1854 1419
1855 1023
1856 54
1857 1402
1858 833
1859 907
1860 1140
1861 530
1862 587
1863 1510
1864 170
1865 1873
1866 591
1867 2129
1868 549
1869 1544
1870 2076
1871 923
1872 716
1873 280
1874 1070
1875 1348
1876 1858
1877 1766
1878 614
1879 1987
1880 2123
1881 1224
1882 596
1883 2000
1884 1395
1885 1684
1886 1581
1887 1540
1888 1405
1889 2078
1890 1255
1891 2079
1892 1485
1893 1038
1894 40
1895 1482
1896 1923
1897 310
1898 1541
1899 1351
1900 1139
1901 553
1902 473
1903 1851
1904 1079
1905 423
1906 531
1907 371
1908 562
1909 1622
1910 207
1911 1275
1912 2040
1913 130
1914 1400
1915 737
1916 106
1917 533
1918 67
1919 1435
1920 1162
1921 964
1922 1967
1923 1663
1924 879
1925 703
1926 1721
1927 479
1928 1109
1929 1828
1930 1295
1931 207
1932 1126
1933 160
1934 314
1935 16
1936 523
1937 1881
1938 395
1939 1899
1940 1725
1941 805
1942 2159
1943 1437
1944 1528
1945 907
1946 1599
1947 17
1948 172
1949 732
1950 1198
1951 1030
1952 14
1953 275
1954 1693
1955 1314
1956 1582
1957 1991
1958 1076
1959 482
1960 1224
1961 409
1962 2172
1963 179
1964 1684
1965 53
1966 2055
1967 395
1968 1143
1969 1106
1970 2160
1971 1616
1972 2122
1973 354
1974 375
1975 996
1976 773
1977 1240
1978 1114
1979 1107
1980 353
1981 576
1982 1383
1983 1038
1984 1656
1985 5
1986 852
1987 83
1988 725
1989 541
1990 281
1991 1993
1992 1880
1993 1852
1994 1628
1995 935
1996 2031
1997 1653
1998 1874
1999 1398
2000 795
2001 987
2002 1648
2003 53
2004 391
2005 1044
2006 1881
2007 1253
2008 1819
2009 2007
2010 336
2011 412
2012 2168
2013 1866
2014 1654
2015 142
2016 919
2017 447
2018 405
2019 1376
2020 922
2021 46
2022 156
2023 1496
2024 994
2025 565
2026 491
2027 557
2028 2023
2029 271
2030 1554
2031 698
2032 1703
2033 682
2034 1817
2035 1757
2036 2095
2037 414
2038 1972
2039 2215
2040 1931
2041 950
2042 1743
2043 1915
2044 1832
2045 307
2046 650
2047 1766
2048 1953
2049 641
2050 1514
2051 22
2052 666
2053 1711
2054 1760
2055 981
2056 432
2057 790
2058 338
2059 181
2060 2069
2061 471
2062 764
2063 1937
2064 2163
2065 26
2066 1368
2067 1751
2068 1965
2069 1669
2070 1866
2071 1039
2072 682
2073 1102
2074 87
2075 660
2076 1354
2077 809
2078 2002
2079 1824
2080 1594
2081 324
2082 1927
2083 443
2084 603
2085 1568
2086 1505
2087 160
2088 2066
2089 562
2090 2224
2091 1472
2092 387
2093 1621
2094 678
2095 1604
2096 1676
2097 1937
2098 1640
2099 343
2100 1386
2101 836
2102 1751
2103 2154
2104 2000
2105 289
2106 1632
2107 1187
2108 1631
2109 4
2110 54
2111 1726
2112 1813
2113 1934
2114 2047
2115 1464
2116 1982
2117 112
2118 1362
2119 1814
2120 310
2121 1482
2122 1901
2123 887
2124 1497
2125 52
2126 1940
2127 635
2128 405
2129 661
2130 1225
2131 861
2132 380
2133 1406
2134 2098
2135 1259
2136 56
2137 219
2138 1323
2139 1648
2140 351
2141 1635
2142 960
2143 1882
2144 1662
2145 1599
2146 483
2147 171
2148 1881
2149 1619
2150 1287
2151 1733
2152 1014
2153 903
2154 1498
2155 626
2156 1523
2157 2155
2158 2142
2159 785
2160 1321
2161 1111
2162 819
2163 410
2164 868
2165 1558
2166 1413
2167 1369
2168 1759
2169 1267
2170 1161
2171 141
2172 36
2173 1514
2174 1681
2175 72
2176 1048
2177 589
2178 1557
2179 1420
2180 1252
2181 963
2182 168
2183 1248
2184 632
2185 11
2186 108
2187 918
2188 54
2189 2112
2190 2175
2191 710
2192 1759
2193 708
2194 23
2195 327
2196 1366
2197 2064
2198 338
2199 788
2200 1829
2201 1581
2202 412
2203 1121
2204 160
2205 825
2206 406
2207 1897
2208 56
2209 2155
2210 13
2211 57
2212 530
2213 1750
2214 1249
2215 580
2216 1727
2217 307
2218 823
2219 1248
2220 326
2221 2192
2222 1345
2223 267
2224 1524
