0 1358
1 61
2 1296
3 1090
4 1619
5 1012
6 2201
7 1508
8 705
9 132
10 835
11 1334
12 2134
13 168
14 192
15 2188
16 1484
17 1860
18 104
19 562
20 648
21 1907
22 467
23 273
24 85
25 523
26 660
27 197
28 1305
29 1934
30 1923
31 1692
32 1372
33 1468
34 192
35 1992
36 422
37 1802
38 2145
39 1924
40 2001
41 1683
42 2172
43 865
44 1354
45 1264
46 2069
47 255
48 277
49 457
50 905
51 147
52 1682
53 1387
54 1149
55 141
56 2169
57 2223
58 719
59 1577
60 410
61 1656
62 951
63 1868
64 974
65 1210
66 1585
67 1956
68 243
69 218
70 722
71 47
72 1880
73 1970
74 570
75 714
76 2095
77 321
78 1833
79 673
80 1023
81 1284
82 1332
83 574
84 712
85 663
86 159
87 2198
88 2186
89 1575
90 1205
91 1561
92 1004
93 1035
94 1589
95 1428
96 1491
97 1992
98 889
99 2212
100 1762
101 1969
102 83
103 2061
104 1608
105 1852
106 1011
107 1288
108 1383
109 87
110 1318
111 1350
112 294
113 2202
114 2028
115 104
116 2105
117 1571
118 482
119 1881
120 1993
121 1118
122 38
123 1705
124 1365
125 207
126 1154
127 845
128 2215
129 225
130 1478
131 1965
132 1776
133 1183
134 84
135 2098
136 804
137 427
138 604
139 547
140 251
141 226
142 1805
143 1095
144 1975
145 2154
146 1105
147 2013
148 1673
149 684
150 1559
151 1849
152 1464
153 738
154 2207
155 168
156 1284
157 551
158 8
159 657
160 496
161 1203
162 2211
163 1138
164 630
165 1181
166 1057
167 99
168 845
169 2080
170 2183
171 1773
172 289
173 1770
174 369
175 1539
176 408
177 314
178 1259
179 884
180 2024
181 1912
182 1589
183 1332
184 13
185 304
186 924
187 735
188 1879
189 1118
190 1972
191 1962
192 1505
193 2100
194 1361
195 2072
196 1320
197 1596
198 2145
199 500
200 600
201 115
202 1404
203 2217
204 18
205 2138
206 2195
207 125
208 792
209 2086
210 203
211 26
212 571
213 2016
214 515
215 911
216 1646
217 1881
218 839
219 1204
220 784
221 117
222 278
223 542
224 1802
225 1286
226 1579
227 787
228 643
229 2011
230 1861
231 1422
232 709
233 597
234 1806
235 1826
236 608
237 1475
238 2059
239 1100
240 938
241 2080
242 1768
243 1692
244 603
245 802
246 1066
247 1962
248 5
249 1767
250 10
251 1118
252 1534
253 713
254 1927
255 141
256 495
257 360
258 372
259 1714
260 2214
261 1240
262 783
263 1510
264 1648
265 2154
266 458
267 568
268 880
269 1448
270 165
271 1722
272 459
273 359
274 929
275 1280
276 1480
277 1476
278 1794
279 361
280 621
281 1026
282 788
283 765
284 825
285 1820
286 1303
287 1516
288 2185
289 225
290 422
291 1673
292 259
293 1710
294 413
295 280
296 800
297 325
298 1955
299 830
300 1270
301 474
302 2196
303 591
304 2048
305 1811
306 1765
307 692
308 124
309 1260
310 297
311 1202
312 1375
313 343
314 1276
315 1720
316 542
317 321
318 225
319 160
320 1124
321 996
322 2150
323 590
324 1681
325 266
326 101
327 627
328 960
329 1510
330 2096
331 951
332 987
333 615
334 1855
335 822
336 1464
337 1855
338 766
339 851
340 119
341 1282
342 1191
343 2178
344 678
345 1160
346 1607
347 973
348 1726
349 1017
350 1144
351 418
352 32
353 1476
354 298
355 1150
356 235
357 125
358 2156
359 2156
360 223
361 1345
362 2130
363 1240
364 1612
365 608
366 615
367 687
368 1232
369 590
370 1090
371 929
372 1756
373 2099
374 1421
375 987
376 1971
377 473
378 1397
379 695
380 1125
381 1905
382 2065
383 852
384 80
385 329
386 365
387 1718
388 624
389 855
390 1215
391 2156
392 1842
393 1510
394 390
395 558
396 587
397 1603
398 1183
399 1177
400 211
401 894
402 643
403 422
404 627
405 1438
406 529
407 1051
408 107
409 2026
410 419
411 400
412 424
413 732
414 410
415 448
416 958
417 1922
418 2076
419 583
420 2002
421 1668
422 237
423 2083
424 2069
425 215
426 1618
427 2070
428 291
429 1546
430 1925
431 1841
432 340
433 2138
434 270
435 572
436 37
437 1735
438 515
439 830
440 1893
441 1735
442 231
443 255
444 691
445 58
446 1057
447 2082
448 126
449 1216
450 1907
451 331
452 1360
453 762
454 2121
455 2099
456 742
457 1322
458 933
459 1649
460 1688
461 1135
462 1754
463 1409
464 1699
465 1458
466 1391
467 1181
468 356
469 348
470 707
471 993
472 1351
473 1428
474 2008
475 1459
476 2006
477 132
478 174
479 1952
480 218
481 976
482 1360
483 1955
484 827
485 547
486 271
487 247
488 1908
489 888
490 1109
491 106
492 3
493 960
494 843
495 1051
496 301
497 1920
498 82
499 1192
500 2032
501 1687
502 1847
503 373
504 131
505 2188
506 498
507 551
508 219
509 960
510 995
511 2045
512 497
513 1506
514 863
515 2080
516 1467
517 436
518 499
519 1906
520 2107
521 515
522 745
523 152
524 2130
525 1597
526 629
527 1253
528 1161
529 2102
530 1847
531 390
532 484
533 269
534 61
535 514
536 580
537 1245
538 49
539 1219
540 1285
541 968
542 2057
543 85
544 840
545 337
546 198
547 832
548 294
549 1161
550 961
551 1746
552 1609
553 1151
554 1928
555 1415
556 1616
557 1547
558 1328
559 287
560 202
561 2182
562 1346
563 1670
564 755
565 262
566 1012
567 1505
568 38
569 1765
570 553
571 850
572 949
573 837
574 984
575 1583
576 1283
577 570
578 934
579 371
580 1496
581 1138
582 1676
583 1852
584 574
585 341
586 2184
587 875
588 1476
589 1528
590 1148
591 2088
592 403
593 1132
594 2024
595 1634
596 1452
597 1858
598 2210
599 438
600 1591
601 1974
602 1378
603 1274
604 1004
605 1663
606 1941
607 2085
608 681
609 1699
610 1253
611 1021
612 373
613 504
614 450
615 657
616 1428
617 959
618 1936
619 1870
620 101
621 1028
622 294
623 1294
624 747
625 1918
626 1338
627 238
628 1174
629 2058
630 2044
631 684
632 941
633 1269
634 1110
635 256
636 1284
637 1774
638 322
639 403
640 351
641 15
642 1051
643 544
644 33
645 256
646 2018
647 1670
648 2146
649 807
650 444
651 1655
652 2223
653 363
654 1389
655 1882
656 999
657 1106
658 1682
659 539
660 1163
661 1887
662 1411
663 943
664 425
665 1861
666 482
667 216
668 337
669 783
670 2152
671 1891
672 1687
673 589
674 931
675 1602
676 244
677 258
678 2089
679 41
680 762
681 2008
682 1281
683 289
684 1639
685 771
686 929
687 57
688 1876
689 656
690 182
691 1133
692 1726
693 224
694 1598
695 1462
696 1905
697 852
698 1525
699 2124
700 301
701 1710
702 872
703 1713
704 1952
705 960
706 707
707 909
708 1240
709 650
710 1666
711 2057
712 102
713 716
714 1460
715 225
716 633
717 964
718 933
719 1129
720 1429
721 274
722 338
723 1013
724 2214
725 250
726 160
727 2072
728 774
729 1549
730 289
731 161
732 2182
733 614
734 759
735 448
736 1879
737 210
738 2048
739 1792
740 2106
741 407
742 869
743 155
744 1433
745 1730
746 1556
747 331
748 697
749 1681
750 2180
751 474
752 808
753 2206
754 1553
755 1913
756 987
757 479
758 1736
759 2007
760 1365
761 947
762 2052
763 557
764 369
765 2033
766 1799
767 468
768 1091
769 598
770 2222
771 1551
772 98
773 1247
774 1056
775 59
776 262
777 1336
778 1834
779 873
780 2127
781 875
782 1214
783 1509
784 1811
785 1582
786 2183
787 2159
788 482
789 1773
790 2222
791 1595
792 473
793 880
794 508
795 1878
796 1824
797 132
798 1961
799 1226
800 1989
801 861
802 1960
803 480
804 682
805 351
806 146
807 537
808 1441
809 1815
810 1
811 1677
812 1919
813 72
814 1051
815 183
816 539
817 838
818 526
819 2069
820 1773
821 1309
822 1405
823 221
824 1784
825 1257
826 1511
827 354
828 864
829 1088
830 99
831 1915
832 418
833 95
834 628
835 1013
836 1728
837 1810
838 2119
839 813
840 1141
841 607
842 1153
843 43
844 1672
845 1616
846 311
847 1672
848 1552
849 679
850 856
851 1663
852 1802
853 1582
854 1372
855 1114
856 245
857 939
858 287
859 2075
860 1548
861 1971
862 1925
863 121
864 915
865 1352
866 1643
867 2188
868 1579
869 1080
870 2061
871 1926
872 246
873 501
874 1753
875 661
876 1917
877 1642
878 1119
879 2136
880 998
881 450
882 793
883 1932
884 550
885 496
886 2015
887 1270
888 1092
889 1447
890 572
891 28
892 118
893 1645
894 1673
895 1764
896 1286
897 33
898 1757
899 1117
900 239
901 2205
902 1366
903 203
904 6
905 835
906 738
907 1117
908 1845
909 1701
910 233
911 882
912 1177
913 86
914 1469
915 552
916 568
917 1063
918 1563
919 834
920 256
921 1493
922 1471
923 1020
924 2034
925 12
926 231
927 550
928 1849
929 2098
930 300
931 649
932 1524
933 10
934 1013
935 1050
936 1155
937 975
938 1445
939 1286
940 828
941 1442
942 966
943 1716
944 1845
945 76
946 30
947 877
948 883
949 902
950 1285
951 433
952 170
953 871
954 1688
955 1017
956 1746
957 426
958 1809
959 1457
960 198
961 1620
962 367
963 1838
964 1046
965 1160
966 1081
967 247
968 1625
969 567
970 1812
971 1656
972 711
973 286
974 320
975 2134
976 1205
977 1481
978 2143
979 2036
980 1535
981 736
982 517
983 1760
984 803
985 2092
986 1254
987 1081
988 1283
989 666
990 1249
991 412
992 1833
993 744
994 2141
995 77
996 1138
997 1057
998 1622
999 743
1000 574
1001 840
1002 59
1003 41
1004 66
1005 210
1006 1377
1007 108
1008 1738
1009 1821
1010 1980
1011 2045
1012 571
1013 1270
1014 1758
1015 85
1016 2207
1017 1490
1018 2199
1019 630
1020 1697
1021 1941
1022 347
1023 1771
1024 1018
1025 1454
1026 869
1027 228
1028 1745
1029 1997
1030 1620
1031 1767
1032 177
1033 675
1034 1936
1035 1076
1036 274
1037 66
1038 1163
1039 917
1040 203
1041 1534
1042 481
1043 604
1044 725
1045 2142
1046 1860
1047 112
1048 832
1049 1694
1050 2031
1051 1745
1052 1771
1053 593
1054 1000
1055 1092
1056 259
1057 1162
1058 1750
1059 1421
1060 1782
1061 518
1062 1108
1063 1716
1064 504
1065 1908
1066 435
1067 1744
1068 1395
1069 2070
1070 1414
1071 1226
1072 477
1073 1916
1074 36
1075 1812
1076 670
1077 972
1078 908
1079 929
1080 877
1081 1448
1082 756
1083 124
1084 974
1085 159
1086 768
1087 1595
1088 1246
1089 1221
1090 1469
1091 23
1092 411
1093 139
1094 1567
1095 52
1096 1149
1097 242
1098 18
1099 1360
1100 1753
1101 629
1102 571
1103 2068
1104 1029
1105 2122
1106 113
1107 1791
1108 2143
1109 1604
1110 2179
1111 2117
1112 616
1113 1467
1114 124
1115 1242
1116 1894
1117 46
1118 892
1119 1935
1120 270
1121 848
1122 173
1123 644
1124 200
1125 1142
1126 865
1127 1979
1128 1279
1129 1652
1130 1554
1131 1918
1132 877
1133 1393
1134 1428
1135 647
1136 1456
1137 1899
1138 37
1139 1100
1140 645
1141 927
1142 1565
1143 1727
1144 800
1145 1331
1146 358
1147 1579
1148 1889
1149 2016
1150 25
1151 434
1152 2134
1153 1328
1154 370
1155 1931
1156 1547
1157 1990
1158 1011
1159 437
1160 17
1161 1567
1162 2168
1163 90
1164 1524
1165 1862
1166 1779
1167 1238
1168 1316
1169 2193
1170 631
1171 161
1172 2120
1173 1202
1174 372
1175 1378
1176 465
1177 245
1178 1545
1179 1243
1180 656
1181 1085
1182 469
1183 963
1184 2128
1185 1933
1186 1708
1187 326
1188 794
1189 1696
1190 750
1191 2133
1192 2158
1193 2222
1194 1949
1195 516
1196 1162
1197 1276
1198 1134
1199 1445
1200 776
1201 78
1202 1999
1203 907
1204 1333
1205 644
1206 1834
1207 1380
1208 379
1209 19
1210 113
1211 623
1212 786
1213 143
1214 445
1215 475
1216 510
1217 7
1218 274
1219 425
1220 1022
1221 1250
1222 1851
1223 335
1224 75
1225 1122
1226 1714
1227 862
1228 678
1229 1398
1230 656
1231 603
1232 1233
1233 355
1234 2087
1235 702
1236 1742
1237 1900
1238 1562
1239 2007
1240 1133
1241 498
1242 1807
1243 1772
1244 757
1245 1378
1246 1113
1247 132
1248 1646
1249 649
1250 1252
1251 2156
1252 1220
1253 1013
1254 405
1255 1461
1256 1169
1257 917
1258 250
1259 1195
1260 682
1261 1019
1262 341
1263 1039
1264 1096
1265 1617
1266 943
1267 1566
1268 1593
1269 1144
1270 1541
1271 1537
1272 2180
1273 1576
1274 2048
1275 434
1276 1543
1277 1232
1278 684
1279 2181
1280 642
1281 896
1282 912
1283 753
1284 1905
1285 78
1286 1332
1287 1289
1288 1585
1289 1927
1290 1922
1291 628
1292 1227
1293 278
1294 894
1295 1128
1296 1756
1297 769
1298 2129
1299 2037
1300 1111
1301 1071
1302 1516
1303 2025
1304 646
1305 1812
1306 532
1307 1198
1308 507
1309 128
1310 1704
1311 1410
1312 1775
1313 1361
1314 2033
1315 840
1316 794
1317 328
1318 784
1319 708
1320 378
1321 1964
1322 571
1323 809
1324 511
1325 1893
1326 349
1327 66
1328 131
1329 2195
1330 2043
1331 531
1332 1239
1333 1915
1334 1500
1335 1689
1336 1122
1337 1113
1338 1938
1339 700
1340 141
1341 90
1342 1325
1343 1185
1344 646
1345 1849
1346 503
1347 843
1348 1729
1349 100
1350 1087
1351 442
1352 579
1353 1423
1354 2136
1355 1777
1356 36
1357 1063
1358 1405
1359 279
1360 1471
1361 1833
1362 1573
1363 810
1364 297
1365 934
1366 1909
1367 2186
1368 1230
1369 1032
1370 80
1371 2206
1372 1177
1373 654
1374 2199
1375 1890
1376 693
1377 1597
1378 1185
1379 1583
1380 1046
1381 965
1382 19
1383 1234
1384 615
1385 1293
1386 2154
1387 837
1388 889
1389 303
1390 929
1391 1391
1392 1260
1393 382
1394 1269
1395 74
1396 1347
1397 697
1398 503
1399 1870
1400 693
1401 516
1402 751
1403 927
1404 715
1405 1386
1406 1163
1407 1683
1408 149
1409 506
1410 1904
1411 1636
1412 450
1413 2042
1414 1712
1415 2179
1416 26
1417 2214
1418 403
1419 2131
1420 201
1421 223
1422 898
1423 157
1424 1456
1425 1724
1426 46
1427 845
1428 1108
1429 2195
1430 1542
1431 1290
1432 936
1433 547
1434 147
1435 141
1436 1852
1437 701
1438 898
1439 2077
1440 1033
1441 613
1442 838
1443 1526
1444 1115
1445 302
1446 1805
1447 1926
1448 1291
1449 1932
1450 1163
1451 1248
1452 410
1453 740
1454 1362
1455 1668
1456 328
1457 228
1458 2006
1459 1041
1460 1785
1461 702
1462 586
1463 698
1464 816
1465 1251
1466 1988
1467 1111
1468 541
1469 1121
1470 1034
1471 1456
1472 2073
1473 941
1474 964
1475 2141
1476 1247
1477 2205
1478 1631
1479 215
1480 1505
1481 285
1482 1879
1483 1005
1484 634
1485 65
1486 870
1487 1812
1488 236
1489 1310
1490 1670
1491 47
1492 2184
1493 1957
1494 766
1495 1537
1496 802
1497 292
1498 741
1499 228
1500 1145
1501 936
1502 1796
1503 456
1504 1747
1505 79
1506 580
1507 1642
1508 858
1509 75
1510 1952
1511 955
1512 743
1513 1807
1514 951
1515 704
1516 10
1517 2116
1518 1485
1519 145
1520 745
1521 13
1522 208
1523 1850
1524 1439
1525 1348
1526 942
1527 990
1528 337
1529 135
1530 2219
1531 325
1532 450
1533 1265
1534 1487
1535 1218
1536 1755
1537 809
1538 517
1539 1711
1540 730
1541 1470
1542 2198
1543 837
1544 521
1545 734
1546 963
1547 787
1548 1150
1549 342
1550 1873
1551 170
1552 732
1553 1799
1554 1925
1555 2040
1556 325
1557 2169
1558 1995
1559 2068
1560 1466
1561 370
1562 138
1563 1287
1564 349
1565 2184
1566 2170
1567 1591
1568 936
1569 1743
1570 907
1571 1197
1572 369
1573 20
1574 1040
1575 512
1576 774
1577 117
1578 603
1579 1796
1580 1143
1581 2007
1582 930
1583 708
1584 202
1585 580
1586 306
1587 1501
1588 1616
1589 1868
1590 1285
1591 1059
1592 876
1593 1929
1594 150
1595 45
1596 1241
1597 1488
1598 1561
1599 1195
1600 812
1601 1989
1602 1454
1603 1848
1604 845
1605 444
1606 1007
1607 1527
1608 1847
1609 1377
1610 516
1611 1985
1612 1745
1613 1496
1614 242
1615 212
1616 1351
1617 366
1618 1701
1619 1166
1620 1545
1621 1276
1622 1395
1623 816
1624 108
1625 1593
1626 1432
1627 20
1628 1092
1629 499
1630 2079
1631 866
1632 2098
1633 958
1634 912
1635 1450
1636 1739
1637 136
1638 529
1639 1557
1640 2007
1641 266
1642 441
1643 2018
1644 1066
1645 691
1646 752
1647 0
1648 1686
1649 59
1650 2223
1651 879
1652 489
1653 1338
1654 2017
1655 1904
1656 625
1657 647
1658 446
1659 1522
1660 1639
1661 1668
1662 1127
1663 2171
1664 1915
1665 647
1666 593
1667 234
1668 622
1669 460
1670 1380
1671 1146
1672 766
1673 1166
1674 2183
1675 1643
1676 978
1677 702
1678 1849
1679 2009
1680 1725
1681 1333
1682 1627
1683 1954
1684 1776
1685 1325
1686 178
1687 1025
1688 2202
1689 412
1690 903
1691 1161
1692 663
1693 431
1694 1635
1695 1549
1696 603
1697 126
1698 448
1699 971
1700 855
1701 276
1702 2206
1703 1183
1704 465
1705 801
1706 253
1707 2041
1708 852
1709 9
1710 246
1711 130
1712 653
1713 1800
1714 1220
1715 1417
1716 1685
1717 1893
1718 859
1719 1440
1720 1386
1721 52
1722 2178
1723 0
1724 750
1725 2149
1726 644
1727 1354
1728 743
1729 514
1730 1087
1731 1190
1732 55
1733 525
1734 833
1735 1166
1736 107
1737 1455
1738 1204
1739 22
1740 606
1741 1545
1742 350
1743 62
1744 790
1745 1918
1746 772
1747 1595
1748 1008
1749 1294
1750 1693
1751 1149
1752 577
1753 1336
1754 707
1755 1276
1756 1658
1757 413
1758 1739
1759 2211
1760 607
1761 2085
1762 266
1763 2208
1764 2109
1765 518
1766 651
1767 388
1768 2140
1769 2085
1770 896
1771 1322
1772 1053
1773 1741
1774 539
1775 1427
1776 2026
1777 1455
1778 1386
1779 1488
1780 1548
1781 164
1782 70
1783 1871
1784 933
1785 1153
1786 1328
1787 371
1788 136
1789 388
1790 1310
1791 1009
1792 2203
1793 476
1794 555
1795 194
1796 2120
1797 1517
1798 2092
1799 734
1800 554
1801 178
1802 2213
1803 1838
1804 82
1805 854
1806 414
1807 1530
1808 2074
1809 710
1810 1882
1811 2045
1812 1872
1813 1212
1814 187
1815 1125
1816 2008
1817 1328
1818 575
1819 1496
1820 2110
1821 397
1822 193
1823 133
1824 1777
1825 93
1826 310
1827 1013
1828 1551
1829 1481
1830 548
1831 1401
1832 1717
1833 2011
1834 1584
1835 689
1836 213
1837 859
1838 1997
1839 972
1840 1909
1841 64
1842 567
1843 71
1844 1647
1845 1048
1846 2039
1847 1957
1848 1946
1849 1962
1850 1938
1851 1363
1852 1485
1853 2107
1854 1926
1855 677
1856 735
1857 1329
1858 2088
1859 1906
1860 232
1861 1012
1862 849
1863 1022
1864 447
1865 237
1866 1314
1867 1135
1868 1310
1869 1409
1870 138
1871 1110
1872 807
1873 1713
1874 245
1875 1784
1876 2165
1877 582
1878 555
1879 2064
1880 786
1881 1590
1882 2126
1883 570
1884 1338
1885 366
1886 964
1887 809
1888 1696
1889 1101
1890 1473
1891 389
1892 400
1893 1616
1894 27
1895 567
1896 1579
1897 1345
1898 371
1899 862
1900 555
1901 228
1902 1712
1903 783
1904 2003
1905 2052
1906 1062
1907 615
1908 330
1909 1077
1910 758
1911 13
1912 1267
1913 505
1914 844
1915 1383
1916 1747
1917 1900
1918 1621
1919 976
1920 888
1921 884
1922 1195
1923 1751
1924 83
1925 1797
1926 1120
1927 1321
1928 710
1929 1619
1930 1815
1931 1768
1932 1190
1933 208
1934 1652
1935 589
1936 1386
1937 1801
1938 1540
1939 1001
1940 1654
1941 568
1942 489
1943 1572
1944 1606
1945 19
1946 1678
1947 1920
1948 1772
1949 646
1950 1345
1951 740
1952 1174
1953 1032
1954 461
1955 760
1956 295
1957 1119
1958 664
1959 1435
1960 1564
1961 1634
1962 1064
1963 1117
1964 1433
1965 1426
1966 33
1967 318
1968 1468
1969 203
1970 2182
1971 1312
1972 1437
1973 536
1974 1003
1975 760
1976 1581
1977 327
1978 1709
1979 981
1980 2007
1981 1975
1982 1855
1983 2104
1984 1183
1985 507
1986 1718
1987 1695
1988 608
1989 2146
1990 1547
1991 1749
1992 1883
1993 893
1994 324
1995 1422
1996 322
1997 2051
1998 352
1999 170
2000 1217
2001 2059
2002 1162
2003 1636
2004 1624
2005 814
2006 1164
2007 1263
2008 1408
2009 2189
2010 622
2011 991
2012 574
2013 1926
2014 139
2015 1570
2016 1912
2017 329
2018 1308
2019 77
2020 1629
2021 14
2022 1171
2023 531
2024 1954
2025 1948
2026 2159
2027 1117
2028 892
2029 1420
2030 410
2031 354
2032 827
2033 766
2034 1382
2035 597
2036 1794
2037 408
2038 1324
2039 459
2040 1969
2041 617
2042 1409
2043 1076
2044 760
2045 1684
2046 2127
2047 1130
2048 570
2049 2219
2050 1549
2051 524
2052 657
2053 38
2054 880
2055 909
2056 2107
2057 1701
2058 2036
2059 1453
2060 418
2061 1924
2062 2072
2063 929
2064 1727
2065 860
2066 1620
2067 1281
2068 167
2069 862
2070 374
2071 1387
2072 61
2073 876
2074 1684
2075 1523
2076 1761
2077 1626
2078 2111
2079 110
2080 1941
2081 1775
2082 1998
2083 1425
2084 2029
2085 554
2086 2008
2087 1868
2088 596
2089 1824
2090 1270
2091 400
2092 1924
2093 1706
2094 1524
2095 1696
2096 205
2097 1950
2098 1462
2099 2169
2100 1610
2101 530
2102 82
2103 244
2104 1686
2105 1728
2106 181
2107 1793
2108 677
2109 1365
2110 571
2111 265
2112 1982
2113 1241
2114 972
2115 1012
2116 2115
2117 1252
2118 723
2119 914
2120 1918
2121 836
2122 1075
2123 24
2124 548
2125 836
2126 2205
2127 490
2128 1660
2129 493
2130 2215
2131 773
2132 51
2133 1153
2134 195
2135 1941
2136 409
2137 131
2138 447
2139 146
2140 704
2141 1465
2142 493
2143 110
2144 830
2145 553
2146 1019
2147 653
2148 216
2149 1968
2150 411
2151 62
2152 1314
2153 1623
2154 126
2155 810
2156 855
2157 591
2158 1066
2159 1245
2160 626
2161 8
2162 293
2163 1610
2164 308
2165 1832
2166 1446
2167 1212
2168 2059
2169 1029
2170 2064
2171 1891
2172 806
2173 1944
2174 1200
2175 1823
2176 1342
2177 1796
2178 190
2179 1902
2180 2211
2181 37
2182 1079
2183 173
2184 1889
2185 1116
2186 542
2187 2034
2188 1347
2189 735
2190 1048
2191 1967
2192 1851
2193 1336
2194 179
2195 805
2196 1478
2197 954
2198 414
2199 140
2200 1578
2201 980
2202 64
2203 1446
2204 1576
2205 273
2206 181
2207 609
2208 1012
2209 1797
2210 1234
2211 2011
2212 1101
2213 1373
2214 1715
2215 448
2216 1771
2217 201
2218 383
2219 1385
2220 365
2221 316
2222 316
2223 183
2224 827
0 1859
1 61
2 1972
3 816
4 1835
5 1012
6 2201
7 974
8 1046
9 1280
10 651
11 1334
12 1772
13 168
14 192
15 1840
16 1484
17 935
18 119
19 562
20 1195
21 1907
22 467
23 963
24 2091
25 523
26 1571
27 197
28 1305
29 1934
30 1240
31 1370
32 735
33 1239
34 136
35 989
36 422
37 2216
38 118
39 343
40 2001
41 2181
42 2172
43 1938
44 572
45 1264
46 1720
47 160
48 1553
49 457
50 555
51 979
52 1682
53 2067
54 2091
55 141
56 826
57 2223
58 2001
59 1577
60 410
61 294
62 1263
63 1868
64 1836
65 1210
66 1043
67 162
68 243
69 218
70 734
71 47
72 1880
73 1970
74 645
75 422
76 2095
77 321
78 1833
79 53
80 646
81 1284
82 53
83 574
84 712
85 663
86 159
87 2048
88 2186
89 1244
90 1205
91 1201
92 1004
93 1626
94 1222
95 1428
96 536
97 1992
98 889
99 1919
100 1762
101 1969
102 436
103 2061
104 1370
105 1012
106 1011
107 1010
108 1383
109 57
110 1318
111 545
112 294
113 216
114 1847
115 104
116 1679
117 1571
118 618
119 1511
120 1993
121 1118
122 1728
123 2017
124 1365
125 207
126 1154
127 5
128 216
129 225
130 1478
131 679
132 1415
133 1183
134 84
135 2098
136 1217
137 1600
138 750
139 127
140 251
141 465
142 1805
143 1217
144 363
145 2154
146 1589
147 489
148 1673
149 872
150 1559
151 1849
152 641
153 1710
154 963
155 397
156 2210
157 1165
158 8
159 1178
160 2042
161 1870
162 2211
163 1157
164 1766
165 1181
166 1057
167 906
168 845
169 2080
170 524
171 1773
172 1188
173 406
174 1330
175 1539
176 2109
177 451
178 1511
179 584
180 2024
181 163
182 1589
183 1332
184 1950
185 304
186 924
187 735
188 549
189 1118
190 1972
191 1962
192 1505
193 1138
194 1361
195 2072
196 2179
197 1596
198 2145
199 1207
200 2063
201 115
202 1064
203 2119
204 18
205 2138
206 2195
207 1760
208 674
209 603
210 2054
211 176
212 1731
213 440
214 1268
215 558
216 1622
217 2065
218 1831
219 879
220 784
221 2185
222 278
223 673
224 186
225 1529
226 1579
227 787
228 643
229 2011
230 122
231 366
232 709
233 47
234 1049
235 1826
236 39
237 1037
238 438
239 1903
240 2211
241 2080
242 1903
243 1692
244 1987
245 2047
246 1066
247 11
248 5
249 1767
250 10
251 2128
252 1256
253 1545
254 1931
255 1465
256 495
257 360
258 443
259 331
260 2214
261 1240
262 1189
263 1510
264 1648
265 1637
266 1779
267 568
268 744
269 1712
270 165
271 2052
272 903
273 359
274 1442
275 788
276 133
277 1476
278 875
279 1513
280 1058
281 1138
282 788
283 678
284 372
285 809
286 1200
287 618
288 30
289 225
290 133
291 1673
292 259
293 1397
294 654
295 1184
296 2091
297 2149
298 1955
299 830
300 942
301 2043
302 2196
303 787
304 2048
305 456
306 1638
307 692
308 946
309 1557
310 1015
311 1014
312 892
313 16
314 1276
315 951
316 390
317 1816
318 2066
319 1969
320 1124
321 587
322 2150
323 739
324 1901
325 1020
326 100
327 627
328 1554
329 1510
330 2096
331 951
332 987
333 615
334 1855
335 10
336 1558
337 192
338 766
339 851
340 1752
341 1282
342 709
343 2178
344 678
345 1976
346 1607
347 1612
348 699
349 91
350 1762
351 1518
352 32
353 1476
354 298
355 1150
356 235
357 224
358 184
359 304
360 1634
361 2061
362 557
363 1240
364 1612
365 608
366 615
367 1176
368 690
369 1927
370 1738
371 929
372 95
373 657
374 220
375 987
376 1260
377 1430
378 990
379 860
380 2146
381 741
382 1258
383 902
384 1945
385 1184
386 2215
387 129
388 878
389 1913
390 494
391 889
392 662
393 21
394 1948
395 558
396 1506
397 1603
398 1183
399 164
400 291
401 894
402 643
403 1081
404 627
405 1438
406 2006
407 2016
408 107
409 640
410 419
411 400
412 123
413 867
414 410
415 86
416 958
417 1922
418 2076
419 1317
420 2002
421 158
422 95
423 2083
424 755
425 1681
426 1861
427 2070
428 501
429 1546
430 2071
431 1841
432 756
433 1032
434 270
435 572
436 2128
437 443
438 782
439 830
440 1893
441 1735
442 231
443 1785
444 1127
445 58
446 1057
447 2082
448 229
449 1216
450 1907
451 619
452 998
453 2020
454 2121
455 2099
456 1338
457 2123
458 994
459 268
460 1688
461 1135
462 1754
463 1409
464 2092
465 1458
466 1049
467 2203
468 571
469 1043
470 1784
471 1624
472 1375
473 1855
474 796
475 1459
476 2006
477 1971
478 168
479 637
480 1480
481 1347
482 1360
483 977
484 1446
485 299
486 271
487 916
488 1238
489 888
490 781
491 106
492 2000
493 960
494 843
495 440
496 1588
497 524
498 82
499 319
500 2032
501 1687
502 1847
503 1495
504 1358
505 398
506 498
507 1428
508 240
509 307
510 179
511 1577
512 244
513 1506
514 863
515 2080
516 1330
517 494
518 246
519 1427
520 289
521 674
522 495
523 56
524 2130
525 962
526 629
527 1253
528 1161
529 2102
530 2167
531 194
532 1512
533 269
534 61
535 1836
536 580
537 1245
538 49
539 1219
540 1285
541 206
542 1413
543 85
544 840
545 337
546 371
547 1112
548 294
549 757
550 961
551 1531
552 581
553 1944
554 2050
555 1415
556 1616
557 1925
558 1328
559 2095
560 202
561 382
562 1849
563 1670
564 365
565 262
566 2152
567 1048
568 111
569 2084
570 1559
571 1448
572 1291
573 681
574 984
575 469
576 1448
577 2139
578 934
579 1838
580 1496
581 1138
582 1676
583 1852
584 574
585 341
586 2040
587 924
588 121
589 1650
590 12
591 278
592 1566
593 1717
594 2126
595 379
596 813
597 1552
598 2210
599 479
600 1390
601 1497
602 1214
603 1135
604 64
605 2154
606 202
607 915
608 1288
609 1699
610 1253
611 2158
612 2132
613 2197
614 642
615 657
616 1428
617 2203
618 248
619 1870
620 101
621 1028
622 1746
623 1294
624 1773
625 1918
626 1338
627 108
628 1320
629 259
630 2044
631 684
632 941
633 2160
634 1110
635 2112
636 1884
637 1774
638 322
639 403
640 351
641 1008
642 1423
643 1409
644 2041
645 686
646 2018
647 1145
648 2146
649 1809
650 159
651 833
652 442
653 764
654 1526
655 1882
656 999
657 1106
658 15
659 539
660 1163
661 1887
662 1411
663 1222
664 425
665 2030
666 949
667 1682
668 337
669 605
670 2152
671 1778
672 1687
673 589
674 931
675 701
676 244
677 422
678 2089
679 431
680 1038
681 1707
682 484
683 2152
684 2167
685 1232
686 929
687 2128
688 1876
689 75
690 1625
691 1133
692 10
693 2099
694 1222
695 1462
696 626
697 852
698 308
699 755
700 301
701 895
702 465
703 235
704 2155
705 960
706 707
707 909
708 1266
709 650
710 333
711 2057
712 102
713 1875
714 1463
715 64
716 633
717 534
718 404
719 359
720 2191
721 1035
722 18
723 2145
724 1399
725 250
726 222
727 2072
728 774
729 1549
730 206
731 161
732 661
733 614
734 1341
735 448
736 523
737 1099
738 2048
739 1205
740 607
741 1229
742 77
743 249
744 719
745 826
746 491
747 1188
748 697
749 1084
750 2180
751 474
752 808
753 1216
754 1530
755 225
756 987
757 479
758 1915
759 2007
760 1365
761 2122
762 2052
763 671
764 2084
765 2033
766 1833
767 468
768 2195
769 503
770 1061
771 2077
772 1289
773 375
774 1056
775 59
776 262
777 1401
778 972
779 1917
780 530
781 875
782 75
783 1509
784 1717
785 1582
786 274
787 2159
788 1413
789 1773
790 1338
791 427
792 473
793 1134
794 508
795 1878
796 1911
797 1483
798 76
799 90
800 1989
801 861
802 1960
803 298
804 682
805 351
806 2104
807 440
808 1441
809 30
810 813
811 1677
812 1720
813 794
814 1051
815 2212
816 539
817 838
818 745
819 1170
820 1773
821 1309
822 1405
823 1944
824 2023
825 1868
826 1539
827 1600
828 2012
829 848
830 1108
831 972
832 418
833 665
834 628
835 2064
836 1728
837 1810
838 2119
839 813
840 1141
841 607
842 1153
843 43
844 1672
845 1406
846 515
847 538
848 1536
849 159
850 856
851 1663
852 688
853 1582
854 811
855 768
856 1257
857 1061
858 1385
859 2075
860 1548
861 1971
862 1342
863 121
864 1626
865 1774
866 1643
867 2188
868 2146
869 393
870 456
871 492
872 1705
873 501
874 139
875 1308
876 1917
877 1935
878 1601
879 2136
880 1913
881 450
882 793
883 1932
884 1343
885 706
886 1198
887 1270
888 1092
889 1396
890 1819
891 2178
892 2144
893 1645
894 1098
895 1474
896 1535
897 790
898 1926
899 1117
900 239
901 351
902 1191
903 877
904 5
905 835
906 2220
907 990
908 358
909 2123
910 233
911 882
912 1177
913 86
914 1045
915 552
916 1599
917 1144
918 1731
919 1408
920 1698
921 1471
922 1471
923 1020
924 2034
925 917
926 439
927 550
928 1849
929 2098
930 2011
931 469
932 560
933 5
934 33
935 1050
936 1155
937 975
938 1430
939 1125
940 828
941 1442
942 1570
943 1716
944 2042
945 987
946 30
947 877
948 1507
949 902
950 1285
951 433
952 170
953 1230
954 329
955 288
956 632
957 426
958 1809
959 1457
960 198
961 1620
962 367
963 738
964 1046
965 1341
966 172
967 247
968 1625
969 567
970 1812
971 1656
972 711
973 286
974 320
975 966
976 1869
977 1481
978 2143
979 1075
980 1195
981 1830
982 517
983 2070
984 1604
985 2092
986 1254
987 1058
988 300
989 666
990 1447
991 1333
992 1845
993 744
994 2046
995 44
996 1138
997 1546
998 2045
999 1018
1000 574
1001 1755
1002 1302
1003 41
1004 299
1005 1296
1006 1377
1007 698
1008 1738
1009 64
1010 1980
1011 2045
1012 1909
1013 1232
1014 517
1015 85
1016 1996
1017 2155
1018 598
1019 630
1020 1697
1021 623
1022 464
1023 1930
1024 1018
1025 867
1026 869
1027 1744
1028 1745
1029 1997
1030 1620
1031 1766
1032 755
1033 675
1034 1936
1035 2098
1036 1106
1037 2072
1038 1163
1039 917
1040 1851
1041 1459
1042 452
1043 2121
1044 725
1045 2142
1046 1860
1047 1803
1048 832
1049 1319
1050 1160
1051 1745
1052 1771
1053 593
1054 1000
1055 1092
1056 538
1057 1229
1058 988
1059 441
1060 1313
1061 518
1062 1108
1063 1480
1064 2176
1065 1908
1066 435
1067 1613
1068 406
1069 2070
1070 1487
1071 1700
1072 1417
1073 1916
1074 65
1075 1002
1076 1096
1077 1450
1078 304
1079 1776
1080 1371
1081 1171
1082 938
1083 1888
1084 762
1085 159
1086 768
1087 1783
1088 1246
1089 1221
1090 416
1091 23
1092 411
1093 897
1094 1567
1095 52
1096 1149
1097 641
1098 18
1099 2057
1100 1753
1101 405
1102 619
1103 760
1104 2207
1105 2122
1106 212
1107 1194
1108 1071
1109 1925
1110 2179
1111 2117
1112 848
1113 1298
1114 789
1115 171
1116 1894
1117 46
1118 56
1119 1935
1120 270
1121 848
1122 852
1123 644
1124 2100
1125 1142
1126 1069
1127 1909
1128 1897
1129 1652
1130 1554
1131 1918
1132 877
1133 1530
1134 1446
1135 487
1136 1456
1137 11
1138 37
1139 1100
1140 1446
1141 1133
1142 1209
1143 333
1144 285
1145 1972
1146 664
1147 1579
1148 1761
1149 834
1150 2162
1151 434
1152 2188
1153 1704
1154 2158
1155 1489
1156 2201
1157 1970
1158 1011
1159 609
1160 1013
1161 323
1162 2137
1163 117
1164 362
1165 937
1166 263
1167 629
1168 1316
1169 2193
1170 631
1171 1367
1172 1952
1173 1988
1174 372
1175 1378
1176 136
1177 1422
1178 1545
1179 1571
1180 1574
1181 1883
1182 469
1183 2117
1184 312
1185 1933
1186 1708
1187 818
1188 153
1189 630
1190 860
1191 2039
1192 1538
1193 1896
1194 1986
1195 553
1196 431
1197 684
1198 1134
1199 239
1200 289
1201 916
1202 1999
1203 1092
1204 375
1205 859
1206 575
1207 427
1208 379
1209 478
1210 113
1211 623
1212 786
1213 1219
1214 285
1215 329
1216 1851
1217 7
1218 274
1219 69
1220 251
1221 1250
1222 1851
1223 1904
1224 75
1225 1427
1226 1714
1227 862
1228 1460
1229 64
1230 957
1231 603
1232 1233
1233 1738
1234 777
1235 1710
1236 1742
1237 1538
1238 1814
1239 1778
1240 1133
1241 19
1242 68
1243 1772
1244 1764
1245 1378
1246 1113
1247 1607
1248 1371
1249 640
1250 1252
1251 2156
1252 1220
1253 564
1254 1457
1255 1461
1256 1601
1257 1395
1258 250
1259 76
1260 666
1261 1019
1262 1172
1263 1397
1264 1096
1265 835
1266 2041
1267 1566
1268 1593
1269 988
1270 1955
1271 618
1272 2180
1273 1576
1274 1709
1275 434
1276 1543
1277 342
1278 684
1279 65
1280 642
1281 896
1282 356
1283 1568
1284 1905
1285 78
1286 1332
1287 1289
1288 865
1289 1927
1290 1922
1291 628
1292 1866
1293 1537
1294 894
1295 1769
1296 1400
1297 1362
1298 1785
1299 52
1300 1111
1301 844
1302 1516
1303 1007
1304 1412
1305 334
1306 81
1307 1587
1308 2166
1309 128
1310 912
1311 1410
1312 1873
1313 971
1314 2140
1315 840
1316 623
1317 328
1318 1490
1319 1545
1320 378
1321 1380
1322 87
1323 809
1324 2214
1325 1893
1326 34
1327 1109
1328 131
1329 1907
1330 607
1331 1967
1332 1743
1333 1915
1334 1500
1335 87
1336 2054
1337 871
1338 1041
1339 1575
1340 679
1341 1107
1342 1325
1343 644
1344 734
1345 1849
1346 355
1347 1907
1348 1729
1349 100
1350 1087
1351 237
1352 1599
1353 1423
1354 2136
1355 985
1356 36
1357 1202
1358 1405
1359 665
1360 404
1361 1610
1362 1799
1363 982
1364 297
1365 934
1366 1367
1367 2186
1368 507
1369 1312
1370 282
1371 2206
1372 1966
1373 550
1374 2199
1375 766
1376 2092
1377 1997
1378 946
1379 486
1380 1046
1381 1287
1382 19
1383 1234
1384 2039
1385 1293
1386 2056
1387 837
1388 889
1389 276
1390 2196
1391 1974
1392 1260
1393 762
1394 1099
1395 378
1396 1178
1397 1251
1398 387
1399 1244
1400 693
1401 516
1402 1336
1403 927
1404 715
1405 1386
1406 1549
1407 1683
1408 149
1409 346
1410 678
1411 1636
1412 450
1413 2042
1414 550
1415 2111
1416 364
1417 2214
1418 1985
1419 2131
1420 1326
1421 565
1422 1335
1423 1527
1424 1191
1425 1684
1426 46
1427 1190
1428 1108
1429 1654
1430 1542
1431 1290
1432 936
1433 1078
1434 1241
1435 1953
1436 1852
1437 1522
1438 898
1439 2077
1440 1139
1441 303
1442 838
1443 1526
1444 1115
1445 2040
1446 1910
1447 1926
1448 1291
1449 419
1450 1656
1451 887
1452 410
1453 1068
1454 1920
1455 1668
1456 744
1457 228
1458 103
1459 235
1460 19
1461 702
1462 586
1463 698
1464 1424
1465 1955
1466 1988
1467 57
1468 541
1469 87
1470 1103
1471 2112
1472 396
1473 941
1474 904
1475 2141
1476 398
1477 2088
1478 298
1479 215
1480 1324
1481 890
1482 1879
1483 701
1484 1062
1485 65
1486 870
1487 781
1488 236
1489 1310
1490 2093
1491 47
1492 748
1493 1494
1494 1053
1495 1153
1496 982
1497 370
1498 1577
1499 1387
1500 1899
1501 2117
1502 2078
1503 2157
1504 119
1505 1876
1506 1788
1507 1642
1508 858
1509 1752
1510 1741
1511 1806
1512 2059
1513 2162
1514 951
1515 704
1516 10
1517 2069
1518 1485
1519 2107
1520 745
1521 972
1522 788
1523 1850
1524 345
1525 92
1526 1144
1527 990
1528 337
1529 318
1530 951
1531 325
1532 357
1533 623
1534 747
1535 1255
1536 1755
1537 809
1538 517
1539 1711
1540 1354
1541 1221
1542 1249
1543 1951
1544 521
1545 1175
1546 963
1547 621
1548 1150
1549 264
1550 1873
1551 1698
1552 732
1553 550
1554 1816
1555 193
1556 1173
1557 2169
1558 1379
1559 1188
1560 1466
1561 226
1562 138
1563 1287
1564 391
1565 2184
1566 1523
1567 1591
1568 936
1569 2150
1570 886
1571 1044
1572 369
1573 20
1574 1040
1575 149
1576 1389
1577 1275
1578 637
1579 1796
1580 1143
1581 1207
1582 930
1583 708
1584 2118
1585 580
1586 541
1587 1501
1588 51
1589 1286
1590 1285
1591 356
1592 90
1593 1221
1594 150
1595 799
1596 1440
1597 264
1598 1561
1599 1195
1600 770
1601 1511
1602 1454
1603 68
1604 243
1605 2193
1606 1007
1607 15
1608 1915
1609 502
1610 516
1611 1985
1612 1936
1613 1496
1614 1365
1615 212
1616 188
1617 366
1618 1733
1619 1166
1620 2210
1621 750
1622 1024
1623 816
1624 1952
1625 1187
1626 1432
1627 20
1628 1092
1629 499
1630 2079
1631 2102
1632 2224
1633 1369
1634 912
1635 1450
1636 1254
1637 1754
1638 1956
1639 775
1640 1297
1641 266
1642 1393
1643 2018
1644 1066
1645 1977
1646 1364
1647 1156
1648 1686
1649 59
1650 1184
1651 67
1652 489
1653 1338
1654 2017
1655 127
1656 810
1657 1620
1658 241
1659 870
1660 427
1661 1341
1662 1127
1663 2171
1664 963
1665 647
1666 893
1667 234
1668 622
1669 863
1670 1047
1671 572
1672 766
1673 1166
1674 870
1675 1554
1676 1443
1677 702
1678 1849
1679 180
1680 1725
1681 788
1682 460
1683 1954
1684 1776
1685 498
1686 178
1687 1098
1688 1261
1689 1854
1690 1481
1691 2034
1692 2113
1693 186
1694 1635
1695 354
1696 1991
1697 1073
1698 1643
1699 971
1700 2169
1701 2085
1702 2206
1703 1183
1704 465
1705 801
1706 253
1707 1426
1708 2016
1709 1815
1710 1911
1711 130
1712 75
1713 801
1714 1290
1715 2122
1716 1292
1717 1893
1718 859
1719 1440
1720 1187
1721 52
1722 439
1723 1073
1724 750
1725 2149
1726 644
1727 1954
1728 2195
1729 525
1730 1462
1731 1632
1732 688
1733 525
1734 2034
1735 1166
1736 1550
1737 1788
1738 494
1739 2019
1740 2209
1741 1545
1742 350
1743 40
1744 409
1745 1607
1746 325
1747 1070
1748 2079
1749 2182
1750 1693
1751 1149
1752 1437
1753 623
1754 2059
1755 2166
1756 1658
1757 413
1758 1739
1759 216
1760 2042
1761 2192
1762 1157
1763 2208
1764 1708
1765 508
1766 1211
1767 388
1768 997
1769 1130
1770 896
1771 1968
1772 1053
1773 1741
1774 1553
1775 1427
1776 42
1777 1178
1778 2124
1779 1488
1780 1690
1781 426
1782 1889
1783 1871
1784 933
1785 163
1786 1627
1787 296
1788 136
1789 388
1790 28
1791 598
1792 2203
1793 476
1794 555
1795 1326
1796 2120
1797 1517
1798 1899
1799 619
1800 650
1801 178
1802 2213
1803 1838
1804 82
1805 1890
1806 1320
1807 502
1808 1997
1809 710
1810 1882
1811 54
1812 1872
1813 1212
1814 925
1815 1125
1816 2008
1817 1328
1818 339
1819 1037
1820 1673
1821 397
1822 193
1823 133
1824 1777
1825 93
1826 1694
1827 1565
1828 1551
1829 1481
1830 548
1831 1879
1832 92
1833 2011
1834 1584
1835 689
1836 132
1837 1718
1838 377
1839 348
1840 461
1841 64
1842 720
1843 71
1844 1647
1845 1048
1846 1671
1847 1957
1848 1946
1849 1962
1850 1938
1851 1465
1852 489
1853 2107
1854 254
1855 559
1856 735
1857 1960
1858 2088
1859 75
1860 1463
1861 272
1862 849
1863 513
1864 6
1865 237
1866 1314
1867 1135
1868 1409
1869 1409
1870 138
1871 1110
1872 807
1873 1713
1874 2190
1875 1084
1876 1020
1877 1921
1878 19
1879 1716
1880 786
1881 1590
1882 549
1883 570
1884 483
1885 366
1886 2040
1887 749
1888 1736
1889 2223
1890 1473
1891 389
1892 400
1893 1616
1894 27
1895 1163
1896 1057
1897 1794
1898 281
1899 291
1900 563
1901 228
1902 1009
1903 783
1904 834
1905 2200
1906 1062
1907 615
1908 1337
1909 1059
1910 1558
1911 1624
1912 951
1913 505
1914 1310
1915 1383
1916 2139
1917 1514
1918 1402
1919 136
1920 888
1921 884
1922 1195
1923 1751
1924 83
1925 1797
1926 1062
1927 1321
1928 710
1929 706
1930 1815
1931 1768
1932 1470
1933 1113
1934 50
1935 589
1936 1386
1937 1801
1938 982
1939 1001
1940 449
1941 1747
1942 489
1943 1572
1944 1606
1945 19
1946 1678
1947 1920
1948 2184
1949 2077
1950 1345
1951 1545
1952 1174
1953 1032
1954 1680
1955 760
1956 940
1957 18
1958 664
1959 1435
1960 918
1961 2025
1962 2023
1963 1117
1964 455
1965 1025
1966 450
1967 276
1968 815
1969 797
1970 2182
1971 454
1972 1437
1973 536
1974 1927
1975 1676
1976 1488
1977 327
1978 1257
1979 2025
1980 256
1981 1577
1982 1855
1983 442
1984 1183
1985 1047
1986 1175
1987 1385
1988 199
1989 2146
1990 1609
1991 1763
1992 1443
1993 445
1994 744
1995 144
1996 322
1997 687
1998 352
1999 170
2000 1217
2001 2223
2002 1184
2003 1636
2004 1624
2005 549
2006 1164
2007 2181
2008 1408
2009 102
2010 405
2011 650
2012 574
2013 305
2014 1826
2015 1829
2016 1912
2017 173
2018 1718
2019 50
2020 2207
2021 14
2022 1171
2023 531
2024 1887
2025 1616
2026 1689
2027 1117
2028 1544
2029 1420
2030 410
2031 1529
2032 289
2033 766
2034 788
2035 1394
2036 609
2037 1119
2038 1324
2039 1668
2040 1969
2041 356
2042 1696
2043 1076
2044 649
2045 1684
2046 1612
2047 2057
2048 570
2049 2219
2050 1549
2051 862
2052 657
2053 38
2054 574
2055 909
2056 353
2057 1595
2058 412
2059 701
2060 1486
2061 1924
2062 2033
2063 929
2064 1727
2065 1560
2066 423
2067 1281
2068 167
2069 494
2070 859
2071 537
2072 61
2073 876
2074 1044
2075 1173
2076 1761
2077 1626
2078 2111
2079 753
2080 1941
2081 1775
2082 401
2083 1425
2084 2029
2085 554
2086 1192
2087 847
2088 596
2089 987
2090 2144
2091 400
2092 1924
2093 2003
2094 1016
2095 848
2096 205
2097 1950
2098 1462
2099 569
2100 825
2101 530
2102 82
2103 244
2104 824
2105 2214
2106 181
2107 1793
2108 677
2109 1365
2110 99
2111 720
2112 1982
2113 1241
2114 972
2115 11
2116 2115
2117 519
2118 723
2119 1483
2120 1753
2121 836
2122 307
2123 891
2124 569
2125 836
2126 191
2127 490
2128 1660
2129 1401
2130 351
2131 773
2132 1177
2133 564
2134 195
2135 1941
2136 616
2137 131
2138 1043
2139 1601
2140 704
2141 1987
2142 2127
2143 522
2144 72
2145 1446
2146 1358
2147 653
2148 551
2149 1968
2150 2093
2151 2152
2152 1314
2153 1355
2154 126
2155 1564
2156 855
2157 1526
2158 1020
2159 1245
2160 2114
2161 1074
2162 293
2163 1610
2164 1097
2165 1050
2166 577
2167 223
2168 2059
2169 1029
2170 2064
2171 950
2172 188
2173 1944
2174 1424
2175 1823
2176 1342
2177 1796
2178 1261
2179 4
2180 242
2181 1340
2182 1079
2183 1616
2184 1889
2185 1116
2186 542
2187 2034
2188 1347
2189 350
2190 408
2191 2060
2192 1851
2193 1336
2194 1190
2195 805
2196 1058
2197 736
2198 414
2199 558
2200 1578
2201 1367
2202 64
2203 1446
2204 1836
2205 725
2206 181
2207 267
2208 729
2209 1557
2210 1234
2211 1203
2212 990
2213 822
2214 815
2215 448
2216 1558
2217 1013
2218 1641
2219 1385
2220 365
2221 120
2222 316
2223 183
2224 1331
