0 1149
1 234
2 512
3 1171
4 263
5 130
6 367
7 2048
8 323
9 534
10 1351
11 980
12 261
13 1365
14 892
15 1648
16 2196
17 1040
18 1046
19 1454
20 1832
21 1829
22 887
23 1100
24 1759
25 1814
26 109
27 496
28 1679
29 1763
30 1557
31 551
32 737
33 315
34 840
35 2184
36 2129
37 1428
38 350
39 1112
40 72
41 1866
42 1114
43 78
44 803
45 604
46 389
47 413
48 70
49 756
50 1782
51 2058
52 1677
53 1199
54 1272
55 1570
56 1050
57 2183
58 1414
59 1243
60 839
61 1114
62 1680
63 2104
64 1735
65 1766
66 1250
67 489
68 326
69 1843
70 1994
71 1513
72 1995
73 1166
74 1118
75 1670
76 790
77 1920
78 970
79 694
80 1165
81 301
82 1586
83 507
84 3
85 561
86 728
87 833
88 1474
89 1588
90 66
91 475
92 221
93 641
94 504
95 777
96 185
97 804
98 1694
99 903
100 1175
101 2142
102 1076
103 1292
104 1633
105 104
106 1856
107 432
108 2174
109 2177
110 635
111 1736
112 187
113 1148
114 1918
115 1171
116 904
117 81
118 2005
119 1348
120 1459
121 1389
122 1155
123 627
124 301
125 202
126 928
127 2209
128 1045
129 1692
130 2027
131 584
132 1579
133 1503
134 1941
135 1652
136 636
137 360
138 117
139 159
140 963
141 790
142 53
143 1569
144 7
145 1274
146 408
147 1257
148 1066
149 861
150 195
151 627
152 653
153 2057
154 784
155 2076
156 1786
157 224
158 1806
159 221
160 305
161 1979
162 1440
163 620
164 2191
165 813
166 131
167 1256
168 852
169 1530
170 198
171 1945
172 756
173 1454
174 1709
175 537
176 1491
177 62
178 1526
179 1940
180 581
181 2023
182 1777
183 778
184 1135
185 2024
186 776
187 1559
188 709
189 1587
190 942
191 1994
192 413
193 170
194 1178
195 265
196 1733
197 2080
198 1506
199 1149
200 1297
201 1469
202 1768
203 1221
204 2159
205 831
206 1866
207 16
208 1501
209 486
210 178
211 899
212 383
213 31
214 1117
215 1833
216 762
217 292
218 287
219 2046
220 1315
221 1952
222 797
223 2040
224 83
225 2089
226 20
227 33
228 1631
229 732
230 1862
231 1155
232 828
233 1548
234 132
235 1641
236 2210
237 1416
238 1700
239 623
240 1396
241 1161
242 394
243 1100
244 1862
245 1116
246 759
247 1827
248 769
249 104
250 1306
251 566
252 1424
253 508
254 1717
255 634
256 154
257 1478
258 1193
259 1747
260 143
261 736
262 2059
263 177
264 970
265 2189
266 2219
267 1863
268 1281
269 1381
270 631
271 524
272 543
273 1568
274 765
275 717
276 1650
277 493
278 699
279 1211
280 614
281 1786
282 1510
283 925
284 400
285 1167
286 401
287 1620
288 2112
289 1812
290 1197
291 944
292 983
293 1124
294 286
295 527
296 1073
297 681
298 1463
299 1096
300 2080
301 1307
302 922
303 967
304 1980
305 180
306 1829
307 27
308 20
309 454
310 736
311 615
312 1907
313 1727
314 1799
315 1366
316 1049
317 963
318 373
319 344
320 1342
321 1921
322 1976
323 444
324 935
325 146
326 19
327 2046
328 646
329 556
330 1282
331 999
332 1016
333 1300
334 1450
335 2050
336 604
337 262
338 891
339 1257
340 1750
341 504
342 1080
343 201
344 1343
345 1156
346 934
347 1620
348 1497
349 1346
350 1090
351 633
352 1208
353 1792
354 1276
355 1739
356 446
357 583
358 1535
359 558
360 2085
361 615
362 323
363 1695
364 453
365 1826
366 628
367 997
368 368
369 726
370 1073
371 71
372 1872
373 1701
374 1654
375 388
376 1671
377 2093
378 680
379 985
380 1973
381 77
382 1872
383 1325
384 1765
385 2222
386 784
387 885
388 142
389 1956
390 1803
391 1901
392 1692
393 838
394 1255
395 162
396 2058
397 1639
398 498
399 1285
400 2169
401 151
402 133
403 1315
404 1545
405 1990
406 1677
407 1083
408 1179
409 521
410 138
411 823
412 1678
413 722
414 686
415 2017
416 6
417 972
418 2092
419 991
420 932
421 11
422 2018
423 181
424 1297
425 100
426 1926
427 1494
428 1194
429 1353
430 1137
431 1115
432 2129
433 1188
434 1692
435 1985
436 305
437 2153
438 404
439 1314
440 1427
441 1200
442 2206
443 1431
444 1257
445 1682
446 20
447 801
448 1641
449 286
450 2139
451 140
452 352
453 1034
454 151
455 909
456 830
457 2213
458 909
459 992
460 1608
461 236
462 1117
463 794
464 506
465 48
466 676
467 619
468 527
469 1858
470 2179
471 1892
472 337
473 654
474 2035
475 1822
476 938
477 322
478 1542
479 1748
480 755
481 790
482 113
483 908
484 1870
485 652
486 585
487 176
488 233
489 416
490 958
491 1270
492 1499
493 882
494 1952
495 1225
496 978
497 1125
498 1716
499 1204
500 701
501 922
502 974
503 768
504 783
505 1224
506 1233
507 821
508 470
509 1521
510 18
511 1701
512 308
513 981
514 1129
515 1484
516 1846
517 1808
518 1548
519 433
520 114
521 343
522 1923
523 1949
524 2161
525 2070
526 1537
527 237
528 856
529 1995
530 669
531 1333
532 1167
533 278
534 1508
535 319
536 2131
537 1887
538 1992
539 842
540 43
541 873
542 220
543 770
544 619
545 1606
546 1324
547 716
548 1565
549 507
550 1800
551 43
552 1349
553 1415
554 1995
555 176
556 1005
557 1602
558 1467
559 72
560 1791
561 145
562 1949
563 982
564 128
565 572
566 494
567 878
568 1745
569 1317
570 604
571 1034
572 1598
573 581
574 744
575 264
576 472
577 761
578 2010
579 1255
580 23
581 1237
582 33
583 915
584 1908
585 1408
586 311
587 617
588 597
589 748
590 925
591 1434
592 1929
593 2183
594 1725
595 1182
596 2172
597 1207
598 1419
599 1214
600 717
601 719
602 820
603 66
604 611
605 634
606 1458
607 1925
608 505
609 410
610 1663
611 1885
612 1077
613 1559
614 749
615 26
616 487
617 565
618 667
619 1525
620 45
621 2133
622 1965
623 311
624 595
625 845
626 654
627 1796
628 765
629 806
630 24
631 1241
632 368
633 2193
634 1226
635 496
636 461
637 1219
638 982
639 495
640 71
641 93
642 2202
643 264
644 678
645 629
646 1723
647 88
648 2052
649 2055
650 498
651 2132
652 415
653 454
654 760
655 1908
656 1442
657 225
658 674
659 840
660 39
661 1148
662 825
663 1451
664 627
665 981
666 1381
667 1282
668 463
669 1174
670 1223
671 645
672 2124
673 1576
674 768
675 905
676 1800
677 1522
678 27
679 1428
680 2012
681 1072
682 194
683 1072
684 690
685 1548
686 118
687 436
688 601
689 1389
690 1074
691 667
692 2142
693 626
694 1421
695 117
696 315
697 759
698 2179
699 1195
700 1409
701 1446
702 1260
703 1985
704 1296
705 2059
706 838
707 1276
708 997
709 1883
710 1714
711 2081
712 1593
713 1021
714 123
715 2179
716 1880
717 459
718 2092
719 530
720 1774
721 1455
722 1654
723 1509
724 1453
725 300
726 284
727 1101
728 1221
729 839
730 1522
731 1259
732 1388
733 1664
734 311
735 1210
736 237
737 2144
738 1277
739 205
740 490
741 976
742 1818
743 1596
744 453
745 1832
746 1891
747 1212
748 311
749 1009
750 1586
751 1229
752 2138
753 305
754 1363
755 1694
756 872
757 1796
758 1854
759 2218
760 1895
761 426
762 750
763 313
764 2005
765 2010
766 1474
767 492
768 2009
769 2211
770 1346
771 2046
772 1660
773 399
774 1424
775 746
776 796
777 1755
778 2054
779 190
780 1242
781 1035
782 243
783 85
784 125
785 417
786 173
787 342
788 1943
789 1201
790 1292
791 679
792 2196
793 2216
794 212
795 1115
796 2218
797 247
798 873
799 1528
800 979
801 1165
802 2049
803 1337
804 1245
805 1098
806 897
807 624
808 1530
809 794
810 2161
811 155
812 1752
813 1133
814 2154
815 164
816 1627
817 777
818 65
819 1582
820 1540
821 1900
822 2156
823 2178
824 1941
825 892
826 2152
827 1443
828 235
829 1356
830 957
831 700
832 1184
833 1500
834 1969
835 1371
836 844
837 2149
838 1553
839 722
840 2019
841 904
842 305
843 762
844 437
845 1408
846 810
847 2101
848 1139
849 938
850 1214
851 2125
852 658
853 1147
854 1683
855 251
856 701
857 663
858 1249
859 2023
860 1733
861 1319
862 566
863 1180
864 783
865 1855
866 641
867 1296
868 1376
869 468
870 1577
871 1525
872 1774
873 737
874 871
875 588
876 947
877 279
878 117
879 304
880 443
881 1464
882 1376
883 613
884 766
885 2108
886 1970
887 2034
888 644
889 1836
890 1303
891 2130
892 1677
893 853
894 516
895 1472
896 187
897 1673
898 1085
899 777
900 2
901 139
902 1573
903 2173
904 598
905 531
906 1850
907 274
908 1579
909 511
910 48
911 667
912 2124
913 402
914 1200
915 182
916 1421
917 1963
918 536
919 2117
920 2198
921 1951
922 290
923 1015
924 1389
925 1527
926 54
927 816
928 620
929 1151
930 1927
931 1841
932 659
933 901
934 1672
935 427
936 1195
937 127
938 301
939 1625
940 796
941 2075
942 214
943 713
944 2198
945 157
946 1514
947 2145
948 2219
949 1236
950 351
951 725
952 1733
953 313
954 672
955 1930
956 230
957 2022
958 292
959 649
960 1901
961 24
962 1974
963 67
964 227
965 961
966 1424
967 502
968 1017
969 2071
970 1341
971 1336
972 1936
973 278
974 1266
975 1062
976 2202
977 737
978 37
979 786
980 1487
981 1192
982 2070
983 1895
984 810
985 998
986 2123
987 714
988 740
989 2155
990 828
991 1065
992 328
993 668
994 1171
995 148
996 694
997 1257
998 1021
999 1759
1000 794
1001 172
1002 87
1003 1202
1004 1748
1005 688
1006 460
1007 1635
1008 1290
1009 1736
1010 56
1011 1361
1012 1359
1013 1729
1014 1126
1015 1985
1016 978
1017 2058
1018 946
1019 1508
1020 1942
1021 1618
1022 1780
1023 1032
1024 1550
1025 60
1026 2223
1027 1394
1028 1028
1029 2174
1030 1541
1031 956
1032 1166
1033 196
1034 1855
1035 1327
1036 1704
1037 340
1038 2141
1039 2154
1040 1342
1041 1227
1042 375
1043 856
1044 1918
1045 1461
1046 231
1047 1523
1048 266
1049 1982
1050 620
1051 1040
1052 1479
1053 1940
1054 841
1055 1633
1056 2211
1057 2219
1058 960
1059 1462
1060 1388
1061 1803
1062 1396
1063 799
1064 1479
1065 1035
1066 1611
1067 839
1068 1969
1069 1721
1070 1208
1071 1116
1072 1512
1073 1166
1074 310
1075 830
1076 610
1077 1297
1078 1612
1079 1629
1080 1366
1081 1692
1082 939
1083 2163
1084 1966
1085 1991
1086 1209
1087 1123
1088 1959
1089 256
1090 107
1091 1846
1092 623
1093 1284
1094 1180
1095 1905
1096 877
1097 1255
1098 1096
1099 222
1100 619
1101 2171
1102 2192
1103 1782
1104 83
1105 306
1106 309
1107 2057
1108 1155
1109 1360
1110 2030
1111 1208
1112 1545
1113 261
1114 353
1115 2027
1116 1824
1117 1895
1118 98
1119 1197
1120 539
1121 173
1122 1995
1123 444
1124 522
1125 335
1126 135
1127 1098
1128 1584
1129 1658
1130 567
1131 1914
1132 1367
1133 227
1134 1924
1135 1907
1136 2142
1137 683
1138 904
1139 759
1140 2007
1141 488
1142 1587
1143 1560
1144 292
1145 1297
1146 814
1147 796
1148 109
1149 760
1150 2033
1151 1322
1152 751
1153 399
1154 496
1155 1117
1156 838
1157 152
1158 43
1159 1808
1160 1111
1161 968
1162 2144
1163 1165
1164 843
1165 1379
1166 467
1167 2103
1168 782
1169 1941
1170 448
1171 114
1172 139
1173 662
1174 1384
1175 2120
1176 1307
1177 29
1178 67
1179 636
1180 2197
1181 489
1182 1340
1183 17
1184 1181
1185 622
1186 2161
1187 1248
1188 1020
1189 1015
1190 781
1191 1694
1192 245
1193 659
1194 1923
1195 945
1196 1812
1197 844
1198 1011
1199 578
1200 231
1201 1761
1202 51
1203 1457
1204 2195
1205 303
1206 447
1207 1743
1208 679
1209 1405
1210 471
1211 1563
1212 2033
1213 135
1214 2030
1215 1878
1216 1795
1217 1237
1218 1642
1219 1501
1220 2059
1221 71
1222 330
1223 1066
1224 227
1225 2154
1226 1686
1227 1231
1228 1302
1229 433
1230 1225
1231 112
1232 626
1233 1382
1234 1684
1235 1745
1236 675
1237 135
1238 1674
1239 1924
1240 675
1241 667
1242 314
1243 562
1244 350
1245 245
1246 1742
1247 153
1248 789
1249 403
1250 1199
1251 1655
1252 1938
1253 1858
1254 1134
1255 1400
1256 2010
1257 1027
1258 167
1259 480
1260 1923
1261 627
1262 177
1263 1991
1264 2155
1265 1574
1266 1536
1267 1104
1268 683
1269 1538
1270 953
1271 384
1272 396
1273 2224
1274 126
1275 1102
1276 727
1277 2191
1278 1422
1279 1766
1280 270
1281 1792
1282 544
1283 1407
1284 1502
1285 2166
1286 165
1287 1922
1288 1698
1289 1076
1290 2072
1291 1260
1292 1496
1293 1343
1294 182
1295 498
1296 415
1297 63
1298 122
1299 1172
1300 1438
1301 114
1302 1328
1303 1870
1304 1063
1305 747
1306 638
1307 1917
1308 341
1309 722
1310 879
1311 715
1312 1505
1313 578
1314 355
1315 1210
1316 832
1317 1571
1318 2012
1319 344
1320 1259
1321 1529
1322 1219
1323 1275
1324 1012
1325 1598
1326 1882
1327 213
1328 1838
1329 279
1330 1414
1331 963
1332 2015
1333 260
1334 1603
1335 444
1336 1124
1337 1177
1338 1517
1339 1618
1340 967
1341 1674
1342 2019
1343 1303
1344 2144
1345 1942
1346 508
1347 35
1348 1124
1349 302
1350 966
1351 1672
1352 1739
1353 147
1354 571
1355 778
1356 1500
1357 275
1358 1146
1359 818
1360 1725
1361 313
1362 638
1363 1871
1364 789
1365 658
1366 418
1367 1492
1368 773
1369 1400
1370 81
1371 1960
1372 346
1373 1300
1374 1653
1375 440
1376 1429
1377 656
1378 577
1379 235
1380 1321
1381 1986
1382 444
1383 400
1384 179
1385 1410
1386 464
1387 1720
1388 2129
1389 1993
1390 2078
1391 927
1392 1329
1393 1005
1394 1476
1395 1034
1396 1502
1397 1144
1398 1819
1399 2091
1400 1864
1401 41
1402 1747
1403 540
1404 285
1405 881
1406 197
1407 1731
1408 562
1409 139
1410 1455
1411 124
1412 469
1413 1814
1414 767
1415 309
1416 869
1417 1406
1418 358
1419 2064
1420 1557
1421 1857
1422 1606
1423 1204
1424 361
1425 2095
1426 601
1427 1981
1428 1779
1429 725
1430 1515
1431 99
1432 314
1433 1115
1434 1968
1435 23
1436 307
1437 49
1438 1862
1439 82
1440 172
1441 1758
1442 1206
1443 469
1444 694
1445 941
1446 1009
1447 1200
1448 2109
1449 906
1450 1883
1451 893
1452 1567
1453 2094
1454 1022
1455 1211
1456 180
1457 1725
1458 520
1459 226
1460 2073
1461 1065
1462 1134
1463 645
1464 2101
1465 982
1466 773
1467 1382
1468 1455
1469 1599
1470 1320
1471 95
1472 1541
1473 1495
1474 1944
1475 727
1476 835
1477 1340
1478 1139
1479 191
1480 480
1481 619
1482 1155
1483 1412
1484 916
1485 252
1486 713
1487 1854
1488 124
1489 366
1490 1889
1491 781
1492 71
1493 862
1494 1739
1495 567
1496 1546
1497 469
1498 1264
1499 474
1500 274
1501 695
1502 1060
1503 198
1504 1140
1505 1708
1506 3
1507 1828
1508 1286
1509 930
1510 1659
1511 1736
1512 798
1513 1454
1514 1106
1515 2171
1516 1887
1517 1409
1518 262
1519 55
1520 1723
1521 58
1522 1495
1523 451
1524 655
1525 319
1526 1160
1527 1323
1528 739
1529 806
1530 200
1531 789
1532 934
1533 1965
1534 1575
1535 264
1536 1155
1537 123
1538 748
1539 314
1540 660
1541 327
1542 1170
1543 1888
1544 1357
1545 675
1546 715
1547 2014
1548 1667
1549 6
1550 647
1551 36
1552 1666
1553 1210
1554 524
1555 1360
1556 2160
1557 1829
1558 453
1559 1666
1560 1668
1561 95
1562 875
1563 2205
1564 1354
1565 260
1566 1562
1567 432
1568 1516
1569 1472
1570 1133
1571 900
1572 51
1573 265
1574 1839
1575 1716
1576 2043
1577 882
1578 950
1579 897
1580 338
1581 1087
1582 326
1583 1415
1584 1036
1585 271
1586 115
1587 1450
1588 905
1589 839
1590 1615
1591 899
1592 697
1593 2066
1594 38
1595 564
1596 1314
1597 141
1598 1883
1599 1415
1600 1940
1601 1004
1602 219
1603 1241
1604 738
1605 693
1606 1951
1607 946
1608 754
1609 2012
1610 1706
1611 987
1612 1045
1613 1585
1614 923
1615 1777
1616 1028
1617 1425
1618 344
1619 1687
1620 1853
1621 747
1622 557
1623 1587
1624 1699
1625 142
1626 659
1627 493
1628 105
1629 886
1630 1384
1631 355
1632 1349
1633 1205
1634 2000
1635 1622
1636 1106
1637 2053
1638 1069
1639 2040
1640 1220
1641 2123
1642 1437
1643 292
1644 1964
1645 235
1646 1566
1647 1390
1648 1519
1649 343
1650 2055
1651 1318
1652 1603
1653 1139
1654 1147
1655 950
1656 2076
1657 321
1658 535
1659 143
1660 2022
1661 2089
1662 1231
1663 778
1664 2001
1665 2093
1666 793
1667 2158
1668 1672
1669 1635
1670 1936
1671 2156
1672 1585
1673 1635
1674 1887
1675 1446
1676 929
1677 1930
1678 467
1679 928
1680 291
1681 568
1682 1085
1683 369
1684 257
1685 1442
1686 1803
1687 1439
1688 143
1689 230
1690 1776
1691 2199
1692 516
1693 2086
1694 1018
1695 1499
1696 1972
1697 1597
1698 87
1699 2215
1700 490
1701 1989
1702 1592
1703 682
1704 490
1705 1448
1706 1677
1707 1118
1708 1306
1709 1204
1710 1853
1711 390
1712 588
1713 247
1714 523
1715 841
1716 814
1717 1575
1718 2035
1719 1129
1720 2004
1721 344
1722 842
1723 725
1724 1352
1725 1593
1726 449
1727 1030
1728 206
1729 1180
1730 1504
1731 502
1732 1641
1733 1048
1734 450
1735 806
1736 2051
1737 1992
1738 1811
1739 1944
1740 1478
1741 1581
1742 1335
1743 1367
1744 203
1745 560
1746 1919
1747 1103
1748 1761
1749 386
1750 2200
1751 1932
1752 1434
1753 1042
1754 332
1755 1920
1756 1725
1757 1690
1758 2029
1759 1757
1760 1448
1761 250
1762 23
1763 888
1764 792
1765 2003
1766 171
1767 981
1768 1184
1769 691
1770 1683
1771 663
1772 1820
1773 828
1774 2097
1775 1967
1776 1975
1777 610
1778 2100
1779 1778
1780 679
1781 1491
1782 2030
1783 1442
1784 492
1785 1122
1786 214
1787 397
1788 301
1789 777
1790 1559
1791 495
1792 255
1793 1074
1794 959
1795 1035
1796 1395
1797 201
1798 977
1799 1994
1800 947
1801 601
1802 1189
1803 2026
1804 973
1805 155
1806 535
1807 1727
1808 921
1809 1440
1810 2195
1811 1500
1812 1859
1813 768
1814 1304
1815 232
1816 1714
1817 1674
1818 152
1819 353
1820 794
1821 1852
1822 1318
1823 1901
1824 918
1825 2187
1826 1608
1827 1413
1828 1219
1829 1081
1830 1874
1831 1501
1832 1340
1833 422
1834 951
1835 1634
1836 272
1837 836
1838 130
1839 1586
1840 1017
1841 2151
1842 1884
1843 1331
1844 806
1845 1371
1846 794
1847 372
1848 468
1849 1851
1850 1313
1851 1282
1852 190
1853 343
1854 1646
1855 1737
1856 892
1857 660
1858 2131
1859 1911
1860 186
1861 1500
1862 754
1863 976
1864 844
1865 1979
1866 1149
1867 115
1868 623
1869 155
1870 611
1871 651
1872 1786
1873 517
1874 830
1875 1704
1876 1520
1877 1833
1878 1764
1879 1012
1880 1807
1881 1319
1882 1277
1883 22
1884 2182
1885 357
1886 1839
1887 1498
1888 2160
1889 1179
1890 1171
1891 599
1892 277
1893 681
1894 1070
1895 441
1896 1198
1897 17
1898 64
1899 1058
1900 469
1901 859
1902 523
1903 2047
1904 1580
1905 1598
1906 1616
1907 1607
1908 2212
1909 1768
1910 655
1911 2204
1912 1570
1913 1045
1914 277
1915 47
1916 915
1917 927
1918 1236
1919 1051
1920 1181
1921 5
1922 795
1923 1899
1924 1178
1925 1467
1926 78
1927 969
1928 1925
1929 550
1930 1243
1931 2209
1932 1697
1933 1710
1934 292
1935 455
1936 386
1937 162
1938 1771
1939 1285
1940 1345
1941 1277
1942 1714
1943 1168
1944 242
1945 1803
1946 994
1947 916
1948 935
1949 1049
1950 517
1951 1673
1952 787
1953 2202
1954 1831
1955 650
1956 547
1957 1035
1958 2177
1959 703
1960 1710
1961 816
1962 153
1963 843
1964 1120
1965 1986
1966 551
1967 1062
1968 1730
1969 896
1970 30
1971 1270
1972 421
1973 901
1974 1751
1975 1431
1976 704
1977 2131
1978 1613
1979 1982
1980 12
1981 1044
1982 1422
1983 1532
1984 1750
1985 257
1986 413
1987 1333
1988 1756
1989 1250
1990 2177
1991 1414
1992 458
1993 2157
1994 133
1995 950
1996 767
1997 768
1998 1144
1999 687
2000 1435
2001 1137
2002 392
2003 166
2004 742
2005 1636
2006 419
2007 633
2008 392
2009 1878
2010 139
2011 1290
2012 1728
2013 1534
2014 2005
2015 449
2016 2132
2017 801
2018 909
2019 372
2020 1973
2021 385
2022 583
2023 2061
2024 1913
2025 2160
2026 121
2027 1559
2028 1613
2029 1123
2030 2177
2031 1044
2032 71
2033 1121
2034 1014
2035 1264
2036 958
2037 18
2038 274
2039 1106
2040 896
2041 1519
2042 732
2043 457
2044 1084
2045 993
2046 1448
2047 389
2048 457
2049 1012
2050 784
2051 500
2052 1192
2053 1043
2054 1314
2055 1359
2056 840
2057 590
2058 1748
2059 2076
2060 1187
2061 1820
2062 2180
2063 1796
2064 1451
2065 620
2066 24
2067 1628
2068 466
2069 252
2070 1457
2071 2147
2072 1855
2073 1510
2074 1831
2075 1697
2076 1495
2077 179
2078 1250
2079 1208
2080 15
2081 1903
2082 1364
2083 1433
2084 581
2085 785
2086 1144
2087 1450
2088 846
2089 190
2090 1993
2091 1129
2092 1537
2093 1390
2094 350
2095 447
2096 2028
2097 332
2098 2155
2099 631
2100 852
2101 292
2102 529
2103 492
2104 1708
2105 1832
2106 1452
2107 68
2108 1131
2109 2176
2110 1097
2111 2018
2112 907
2113 1489
2114 489
2115 720
2116 1017
2117 1943
2118 1676
2119 1991
2120 470
2121 729
2122 55
2123 1266
2124 1619
2125 1073
2126 379
2127 1717
2128 13
2129 1393
2130 1020
2131 423
2132 630
2133 983
2134 354
2135 1726
2136 2215
2137 1325
2138 341
2139 121
2140 1932
2141 2219
2142 1604
2143 84
2144 251
2145 1899
2146 1360
2147 900
2148 792
2149 423
2150 1300
2151 1660
2152 2037
2153 48
2154 1564
2155 1101
2156 847
2157 256
2158 208
2159 1951
2160 272
2161 374
2162 2167
2163 1152
2164 1076
2165 1383
2166 175
2167 372
2168 51
2169 679
2170 1355
2171 1897
2172 234
2173 1387
2174 187
2175 630
2176 12
2177 240
2178 460
2179 1713
2180 2169
2181 1245
2182 426
2183 1098
2184 1004
2185 849
2186 937
2187 1579
2188 852
2189 939
2190 1431
2191 1448
2192 202
2193 2100
2194 845
2195 679
2196 127
2197 1209
2198 89
2199 1452
2200 718
2201 1562
2202 999
2203 850
2204 334
2205 1964
2206 2212
2207 1786
2208 202
2209 1402
2210 1541
2211 2186
2212 1369
2213 1644
2214 1651
2215 565
2216 288
2217 494
2218 493
2219 1679
2220 147
2221 1999
2222 861
2223 1017
2224 94
0 1149
1 1830
2 512
3 1108
4 1545
5 130
6 367
7 1341
8 743
9 1743
10 1351
11 980
12 261
13 63
14 892
15 1648
16 2196
17 1040
18 463
19 2030
20 1832
21 71
22 887
23 681
24 1976
25 885
26 109
27 496
28 27
29 1763
30 1390
31 551
32 589
33 315
34 840
35 953
36 2198
37 519
38 1946
39 1171
40 1444
41 581
42 916
43 485
44 1102
45 285
46 1425
47 750
48 70
49 114
50 165
51 1890
52 1677
53 1199
54 1949
55 2086
56 1050
57 2047
58 1817
59 1243
60 619
61 1596
62 1680
63 2104
64 1785
65 1766
66 1724
67 1549
68 326
69 670
70 1262
71 1513
72 220
73 1166
74 1815
75 805
76 597
77 1920
78 1515
79 694
80 404
81 340
82 1586
83 1371
84 3
85 872
86 1438
87 1780
88 430
89 671
90 1164
91 844
92 1513
93 641
94 1449
95 777
96 185
97 524
98 330
99 868
100 1175
101 990
102 1076
103 1019
104 106
105 1666
106 1617
107 2051
108 1676
109 1997
110 635
111 948
112 1128
113 2066
114 532
115 1739
116 904
117 81
118 1638
119 1126
120 1870
121 1389
122 1034
123 499
124 301
125 559
126 1040
127 2209
128 1045
129 1692
130 13
131 285
132 1290
133 1503
134 1941
135 1652
136 667
137 360
138 89
139 803
140 963
141 790
142 53
143 1569
144 7
145 1981
146 408
147 694
148 2213
149 861
150 752
151 627
152 1889
153 2079
154 784
155 804
156 1786
157 124
158 1806
159 1139
160 395
161 1979
162 1440
163 620
164 886
165 796
166 131
167 1760
168 748
169 153
170 198
171 928
172 756
173 1829
174 1709
175 813
176 1915
177 467
178 1500
179 1940
180 861
181 493
182 600
183 2083
184 109
185 1522
186 2114
187 131
188 187
189 2081
190 2058
191 540
192 413
193 170
194 1367
195 2147
196 486
197 459
198 1506
199 2170
200 1297
201 748
202 1662
203 1221
204 719
205 1659
206 1866
207 16
208 1501
209 486
210 1258
211 1336
212 671
213 1467
214 46
215 1833
216 589
217 889
218 287
219 424
220 1315
221 383
222 1372
223 937
224 973
225 2089
226 20
227 33
228 1029
229 598
230 2017
231 741
232 828
233 92
234 1182
235 1641
236 1125
237 1416
238 917
239 623
240 954
241 1161
242 2184
243 821
244 1862
245 256
246 405
247 1810
248 2181
249 104
250 1385
251 566
252 224
253 956
254 1461
255 1907
256 619
257 809
258 1177
259 1381
260 1445
261 1731
262 2059
263 177
264 1285
265 31
266 192
267 1863
268 1617
269 992
270 1692
271 524
272 543
273 1795
274 772
275 1101
276 1048
277 471
278 402
279 1211
280 896
281 15
282 1602
283 1046
284 1308
285 2124
286 1454
287 1620
288 2112
289 2197
290 7
291 944
292 983
293 1124
294 286
295 2221
296 1073
297 1817
298 1463
299 2034
300 2080
301 1025
302 922
303 1389
304 1677
305 1971
306 1829
307 2083
308 20
309 454
310 736
311 335
312 1907
313 699
314 886
315 1366
316 1905
317 1603
318 373
319 969
320 1507
321 1518
322 1372
323 908
324 935
325 1085
326 134
327 2046
328 1683
329 1220
330 532
331 1339
332 2116
333 1118
334 1732
335 2050
336 604
337 1210
338 538
339 1257
340 1750
341 504
342 2091
343 201
344 1343
345 41
346 2091
347 546
348 728
349 1739
350 736
351 564
352 1208
353 1792
354 1431
355 368
356 1662
357 661
358 461
359 1641
360 573
361 2126
362 844
363 1885
364 453
365 802
366 869
367 997
368 303
369 193
370 616
371 1907
372 1872
373 445
374 1654
375 398
376 1214
377 378
378 316
379 985
380 2185
381 77
382 1872
383 1512
384 1765
385 1816
386 1024
387 885
388 197
389 1128
390 547
391 1901
392 1692
393 1428
394 1255
395 162
396 2058
397 2184
398 726
399 874
400 1658
401 343
402 46
403 1304
404 213
405 1390
406 1677
407 1900
408 1179
409 337
410 1196
411 1761
412 886
413 278
414 686
415 1878
416 620
417 1972
418 737
419 1596
420 932
421 11
422 2018
423 1402
424 1297
425 2139
426 1875
427 1494
428 895
429 1561
430 1137
431 1115
432 1213
433 925
434 1592
435 996
436 305
437 1616
438 404
439 990
440 1697
441 437
442 1538
443 1766
444 1906
445 1682
446 1593
447 114
448 1641
449 534
450 2139
451 1899
452 352
453 600
454 2217
455 1012
456 830
457 475
458 351
459 1881
460 1608
461 1954
462 1117
463 794
464 1134
465 317
466 676
467 619
468 562
469 1858
470 1444
471 1955
472 1028
473 1578
474 2035
475 1367
476 938
477 1572
478 1630
479 1748
480 755
481 1688
482 113
483 1849
484 1870
485 957
486 585
487 1958
488 233
489 2016
490 1304
491 1109
492 287
493 882
494 2076
495 1259
496 1602
497 1643
498 646
499 1521
500 519
501 189
502 974
503 1728
504 1449
505 1224
506 1233
507 1566
508 1022
509 1521
510 18
511 268
512 285
513 981
514 1129
515 1484
516 1359
517 796
518 1382
519 433
520 1946
521 394
522 2196
523 514
524 2161
525 2070
526 593
527 2033
528 1378
529 1995
530 669
531 1333
532 1167
533 376
534 1508
535 1005
536 2131
537 525
538 1317
539 1587
540 2170
541 714
542 220
543 770
544 582
545 1606
546 220
547 1906
548 1565
549 689
550 1800
551 43
552 756
553 2224
554 1995
555 176
556 1202
557 1546
558 1467
559 445
560 934
561 365
562 1949
563 934
564 2103
565 632
566 1183
567 922
568 502
569 1652
570 604
571 1034
572 1920
573 581
574 154
575 264
576 472
577 194
578 2073
579 2071
580 976
581 1237
582 33
583 915
584 1060
585 1408
586 1519
587 617
588 2123
589 141
590 925
591 995
592 1180
593 2183
594 1725
595 2193
596 1793
597 1207
598 905
599 1078
600 416
601 118
602 1407
603 252
604 611
605 636
606 1036
607 1925
608 1408
609 1401
610 1663
611 1505
612 1704
613 1559
614 1007
615 1848
616 753
617 1557
618 1371
619 358
620 304
621 538
622 806
623 719
624 627
625 845
626 1520
627 1796
628 73
629 806
630 58
631 1446
632 91
633 2193
634 1226
635 496
636 5
637 852
638 43
639 550
640 1133
641 93
642 354
643 722
644 678
645 629
646 1582
647 1144
648 2052
649 2055
650 498
651 113
652 415
653 454
654 437
655 2142
656 1543
657 1815
658 674
659 840
660 1405
661 1148
662 653
663 1781
664 926
665 522
666 1381
667 1282
668 2032
669 1174
670 1223
671 645
672 2124
673 1576
674 1566
675 669
676 1800
677 1522
678 631
679 1428
680 1185
681 805
682 1158
683 1072
684 690
685 694
686 118
687 1727
688 2166
689 1389
690 1074
691 1812
692 1700
693 626
694 1421
695 834
696 54
697 759
698 2179
699 193
700 1748
701 153
702 633
703 1985
704 1296
705 1307
706 838
707 1443
708 233
709 1883
710 1161
711 1179
712 760
713 908
714 1128
715 2179
716 1880
717 1182
718 610
719 530
720 1627
721 1455
722 1649
723 1509
724 1312
725 300
726 799
727 173
728 373
729 1792
730 1232
731 1259
732 1953
733 2014
734 16
735 1485
736 237
737 1799
738 1599
739 25
740 821
741 976
742 1818
743 1703
744 179
745 2130
746 1618
747 1427
748 288
749 1276
750 1545
751 1874
752 769
753 305
754 520
755 1457
756 1950
757 726
758 1854
759 2218
760 1895
761 426
762 314
763 1001
764 453
765 1588
766 1474
767 831
768 174
769 2211
770 30
771 1019
772 1660
773 1847
774 1605
775 722
776 796
777 1755
778 2054
779 7
780 1242
781 1035
782 243
783 1853
784 125
785 2033
786 1576
787 1090
788 540
789 1201
790 1708
791 308
792 2196
793 1243
794 1970
795 1752
796 2014
797 247
798 2114
799 707
800 8
801 1165
802 1799
803 1337
804 1245
805 723
806 1612
807 321
808 38
809 794
810 2161
811 1030
812 1479
813 1133
814 2154
815 1749
816 1627
817 777
818 589
819 1582
820 1119
821 1550
822 1992
823 2178
824 1617
825 1485
826 2152
827 1487
828 823
829 1356
830 957
831 580
832 1184
833 1500
834 1969
835 1371
836 844
837 1209
838 1553
839 722
840 866
841 904
842 305
843 841
844 437
845 1408
846 810
847 821
848 2185
849 1239
850 848
851 69
852 658
853 1830
854 1683
855 449
856 2063
857 663
858 1249
859 2023
860 702
861 1443
862 562
863 1340
864 783
865 1862
866 2192
867 2184
868 1376
869 460
870 198
871 1143
872 1504
873 737
874 237
875 588
876 947
877 2086
878 117
879 304
880 740
881 742
882 1376
883 1940
884 766
885 1251
886 1970
887 1029
888 1885
889 1836
890 539
891 443
892 1677
893 244
894 516
895 1472
896 1551
897 1784
898 1059
899 777
900 2
901 139
902 1417
903 1674
904 598
905 1006
906 1850
907 669
908 902
909 1372
910 2033
911 667
912 500
913 402
914 1058
915 182
916 1880
917 1963
918 536
919 929
920 224
921 1407
922 687
923 1015
924 1611
925 27
926 1927
927 816
928 1265
929 1232
930 1799
931 1841
932 659
933 1038
934 1672
935 427
936 1683
937 127
938 695
939 991
940 959
941 2075
942 214
943 713
944 2198
945 157
946 484
947 2145
948 1350
949 1236
950 2144
951 11
952 1588
953 1980
954 1308
955 1930
956 230
957 413
958 292
959 1743
960 1760
961 33
962 1640
963 67
964 227
965 961
966 1424
967 1093
968 1517
969 1866
970 1432
971 1336
972 409
973 64
974 1656
975 724
976 1914
977 737
978 1926
979 786
980 1945
981 738
982 914
983 450
984 1745
985 193
986 185
987 714
988 479
989 1475
990 644
991 1065
992 1264
993 1115
994 1784
995 1571
996 1620
997 2196
998 400
999 1759
1000 1333
1001 501
1002 657
1003 1202
1004 1748
1005 688
1006 1944
1007 1777
1008 1373
1009 1736
1010 620
1011 489
1012 1359
1013 1729
1014 990
1015 885
1016 978
1017 2058
1018 395
1019 609
1020 704
1021 755
1022 1597
1023 1780
1024 1296
1025 2145
1026 2223
1027 1394
1028 773
1029 1454
1030 1541
1031 956
1032 1166
1033 196
1034 1855
1035 1327
1036 219
1037 794
1038 2141
1039 149
1040 236
1041 1227
1042 595
1043 1908
1044 1749
1045 1943
1046 100
1047 1647
1048 1644
1049 360
1050 620
1051 61
1052 1896
1053 1319
1054 2224
1055 1214
1056 1522
1057 1832
1058 389
1059 1462
1060 1388
1061 343
1062 1046
1063 1679
1064 2090
1065 1913
1066 918
1067 1649
1068 1606
1069 1285
1070 1751
1071 1822
1072 2224
1073 1166
1074 310
1075 440
1076 610
1077 1514
1078 1612
1079 794
1080 1366
1081 1720
1082 939
1083 927
1084 436
1085 1018
1086 605
1087 639
1088 550
1089 1194
1090 643
1091 26
1092 623
1093 21
1094 1180
1095 392
1096 1244
1097 1144
1098 2170
1099 222
1100 1867
1101 209
1102 1455
1103 641
1104 1480
1105 306
1106 1063
1107 2057
1108 867
1109 102
1110 2030
1111 1235
1112 1114
1113 1275
1114 353
1115 2027
1116 87
1117 795
1118 572
1119 1197
1120 298
1121 173
1122 1995
1123 233
1124 522
1125 1096
1126 2210
1127 1174
1128 1584
1129 1562
1130 567
1131 1914
1132 526
1133 1028
1134 940
1135 1907
1136 2142
1137 486
1138 904
1139 229
1140 403
1141 1849
1142 1587
1143 1924
1144 292
1145 1297
1146 81
1147 796
1148 109
1149 760
1150 2033
1151 1415
1152 2142
1153 399
1154 496
1155 811
1156 870
1157 152
1158 43
1159 1808
1160 12
1161 875
1162 2144
1163 1827
1164 1485
1165 1997
1166 737
1167 694
1168 782
1169 1178
1170 448
1171 86
1172 139
1173 662
1174 1384
1175 620
1176 1390
1177 29
1178 67
1179 636
1180 2197
1181 489
1182 2217
1183 1589
1184 1181
1185 759
1186 1373
1187 1248
1188 1020
1189 1002
1190 1798
1191 1694
1192 245
1193 730
1194 1147
1195 945
1196 1812
1197 844
1198 1011
1199 578
1200 231
1201 681
1202 51
1203 1418
1204 453
1205 303
1206 1510
1207 2082
1208 1023
1209 1405
1210 1342
1211 1563
1212 523
1213 2177
1214 910
1215 1878
1216 1134
1217 1237
1218 1642
1219 960
1220 893
1221 1835
1222 728
1223 1066
1224 739
1225 2154
1226 790
1227 1231
1228 1302
1229 433
1230 1491
1231 1456
1232 946
1233 1382
1234 902
1235 1745
1236 776
1237 924
1238 1674
1239 1924
1240 721
1241 667
1242 717
1243 562
1244 493
1245 245
1246 1742
1247 153
1248 1487
1249 403
1250 1199
1251 1151
1252 124
1253 1714
1254 1034
1255 1400
1256 2010
1257 1027
1258 2039
1259 954
1260 1923
1261 1848
1262 635
1263 1991
1264 2167
1265 982
1266 1536
1267 1104
1268 749
1269 1865
1270 1731
1271 384
1272 396
1273 2224
1274 126
1275 1102
1276 727
1277 2022
1278 1422
1279 832
1280 270
1281 258
1282 1934
1283 706
1284 1502
1285 2166
1286 1540
1287 1064
1288 1372
1289 1698
1290 2072
1291 1260
1292 1496
1293 1343
1294 182
1295 498
1296 415
1297 1380
1298 1990
1299 1669
1300 1993
1301 1859
1302 1328
1303 1716
1304 2216
1305 747
1306 1368
1307 1917
1308 1479
1309 722
1310 879
1311 715
1312 1505
1313 1947
1314 355
1315 1210
1316 1712
1317 1715
1318 1435
1319 2036
1320 1540
1321 1529
1322 1219
1323 555
1324 1343
1325 79
1326 1523
1327 213
1328 1382
1329 1363
1330 1414
1331 963
1332 1801
1333 1552
1334 699
1335 444
1336 1693
1337 1177
1338 1213
1339 1618
1340 143
1341 1674
1342 433
1343 1303
1344 2144
1345 1942
1346 508
1347 1643
1348 740
1349 302
1350 111
1351 855
1352 1733
1353 759
1354 1122
1355 1519
1356 1794
1357 275
1358 1114
1359 818
1360 1725
1361 313
1362 1795
1363 1871
1364 501
1365 658
1366 418
1367 1492
1368 1873
1369 1400
1370 539
1371 750
1372 346
1373 1026
1374 1653
1375 1136
1376 1117
1377 422
1378 577
1379 235
1380 1356
1381 1986
1382 444
1383 1622
1384 179
1385 1584
1386 1155
1387 521
1388 525
1389 187
1390 1603
1391 689
1392 1329
1393 1005
1394 1857
1395 1034
1396 1502
1397 1264
1398 1819
1399 305
1400 1658
1401 1529
1402 2197
1403 278
1404 285
1405 1728
1406 2091
1407 2093
1408 562
1409 1482
1410 1455
1411 1869
1412 1829
1413 1814
1414 767
1415 309
1416 604
1417 582
1418 1039
1419 2064
1420 1557
1421 1857
1422 1114
1423 1141
1424 361
1425 109
1426 685
1427 1566
1428 2104
1429 304
1430 1929
1431 2081
1432 1493
1433 586
1434 1472
1435 1672
1436 307
1437 1222
1438 1394
1439 356
1440 79
1441 1824
1442 218
1443 469
1444 694
1445 1112
1446 1964
1447 1801
1448 2109
1449 618
1450 1183
1451 1059
1452 1567
1453 2094
1454 667
1455 1211
1456 1433
1457 1934
1458 1568
1459 31
1460 431
1461 1065
1462 2020
1463 1107
1464 1867
1465 1197
1466 773
1467 1382
1468 1455
1469 1599
1470 1320
1471 1615
1472 1541
1473 1495
1474 1944
1475 727
1476 235
1477 1340
1478 1139
1479 191
1480 480
1481 1152
1482 268
1483 1412
1484 916
1485 252
1486 1169
1487 1107
1488 996
1489 366
1490 1889
1491 2201
1492 640
1493 862
1494 1041
1495 462
1496 1438
1497 1262
1498 1064
1499 434
1500 236
1501 133
1502 1223
1503 1972
1504 2150
1505 1273
1506 1639
1507 212
1508 1286
1509 930
1510 1659
1511 2045
1512 845
1513 973
1514 1106
1515 889
1516 290
1517 462
1518 262
1519 1487
1520 837
1521 2040
1522 2217
1523 451
1524 655
1525 1767
1526 1244
1527 997
1528 2172
1529 375
1530 2179
1531 789
1532 934
1533 339
1534 1575
1535 563
1536 1154
1537 123
1538 748
1539 314
1540 84
1541 1198
1542 558
1543 1888
1544 1357
1545 675
1546 715
1547 2014
1548 1667
1549 6
1550 703
1551 1328
1552 992
1553 1210
1554 1961
1555 1360
1556 2160
1557 1829
1558 1723
1559 1666
1560 509
1561 1749
1562 875
1563 2205
1564 1000
1565 1960
1566 1444
1567 1346
1568 1281
1569 1980
1570 99
1571 811
1572 2025
1573 265
1574 1196
1575 1716
1576 2043
1577 882
1578 588
1579 4
1580 338
1581 1087
1582 1780
1583 1415
1584 40
1585 271
1586 2138
1587 1450
1588 107
1589 1113
1590 1593
1591 899
1592 1615
1593 281
1594 451
1595 1303
1596 854
1597 141
1598 1480
1599 1415
1600 2095
1601 1004
1602 1247
1603 1297
1604 86
1605 1365
1606 441
1607 687
1608 439
1609 2012
1610 2125
1611 987
1612 2147
1613 1585
1614 1430
1615 554
1616 1028
1617 458
1618 920
1619 970
1620 1145
1621 1879
1622 557
1623 1587
1624 1699
1625 142
1626 659
1627 614
1628 105
1629 886
1630 1384
1631 355
1632 2190
1633 1205
1634 2000
1635 1132
1636 1106
1637 891
1638 313
1639 306
1640 1168
1641 1885
1642 599
1643 292
1644 1964
1645 1860
1646 1566
1647 1390
1648 2135
1649 412
1650 1241
1651 359
1652 176
1653 103
1654 1813
1655 1149
1656 851
1657 685
1658 1564
1659 143
1660 2204
1661 2089
1662 1231
1663 1144
1664 699
1665 1716
1666 793
1667 2158
1668 1672
1669 869
1670 2179
1671 415
1672 1026
1673 930
1674 891
1675 1446
1676 1881
1677 1810
1678 467
1679 92
1680 291
1681 293
1682 1085
1683 369
1684 982
1685 859
1686 1024
1687 1706
1688 2167
1689 214
1690 1866
1691 2199
1692 549
1693 460
1694 634
1695 1642
1696 1972
1697 1615
1698 87
1699 624
1700 1643
1701 1805
1702 484
1703 682
1704 444
1705 1467
1706 1677
1707 2185
1708 1791
1709 1204
1710 756
1711 1506
1712 588
1713 247
1714 523
1715 841
1716 873
1717 1575
1718 1507
1719 1129
1720 1236
1721 344
1722 842
1723 2066
1724 1352
1725 1624
1726 1506
1727 1441
1728 206
1729 1180
1730 1233
1731 1777
1732 1641
1733 472
1734 1333
1735 722
1736 2043
1737 1992
1738 1274
1739 1944
1740 462
1741 1581
1742 1335
1743 1367
1744 203
1745 605
1746 2082
1747 559
1748 2061
1749 591
1750 2200
1751 1932
1752 1597
1753 927
1754 606
1755 1480
1756 1033
1757 1690
1758 2029
1759 1757
1760 2081
1761 250
1762 1723
1763 1539
1764 773
1765 2003
1766 171
1767 120
1768 677
1769 69
1770 1683
1771 663
1772 1820
1773 828
1774 1981
1775 855
1776 57
1777 610
1778 2100
1779 1711
1780 1555
1781 1491
1782 1025
1783 1604
1784 155
1785 1317
1786 214
1787 2115
1788 301
1789 1890
1790 1530
1791 1830
1792 1499
1793 1074
1794 1308
1795 1035
1796 440
1797 1371
1798 866
1799 503
1800 2146
1801 1608
1802 2195
1803 2113
1804 746
1805 1625
1806 535
1807 1727
1808 1586
1809 1440
1810 580
1811 1025
1812 1859
1813 952
1814 1304
1815 232
1816 1704
1817 133
1818 152
1819 353
1820 794
1821 1852
1822 0
1823 1241
1824 316
1825 980
1826 996
1827 656
1828 1219
1829 1377
1830 1874
1831 699
1832 1813
1833 320
1834 951
1835 1359
1836 329
1837 1425
1838 123
1839 72
1840 705
1841 2151
1842 1884
1843 1331
1844 1969
1845 1216
1846 281
1847 13
1848 542
1849 1851
1850 1377
1851 1954
1852 385
1853 1730
1854 1646
1855 1737
1856 892
1857 660
1858 2131
1859 1911
1860 1257
1861 1500
1862 754
1863 478
1864 1825
1865 540
1866 1672
1867 980
1868 1383
1869 86
1870 2099
1871 538
1872 1999
1873 1121
1874 156
1875 1704
1876 1520
1877 1833
1878 1764
1879 1012
1880 1807
1881 105
1882 861
1883 231
1884 930
1885 357
1886 1132
1887 1498
1888 371
1889 911
1890 1171
1891 1014
1892 92
1893 1814
1894 1070
1895 441
1896 1198
1897 17
1898 64
1899 1058
1900 2065
1901 1297
1902 977
1903 2047
1904 361
1905 109
1906 1616
1907 1336
1908 2212
1909 1768
1910 1904
1911 1655
1912 1607
1913 188
1914 2059
1915 2006
1916 1711
1917 1902
1918 1945
1919 1995
1920 61
1921 972
1922 856
1923 1731
1924 1178
1925 2132
1926 900
1927 1970
1928 2213
1929 550
1930 1304
1931 1874
1932 267
1933 1710
1934 1669
1935 1841
1936 306
1937 429
1938 1771
1939 746
1940 2076
1941 1826
1942 289
1943 1168
1944 1468
1945 1258
1946 1049
1947 916
1948 935
1949 1049
1950 534
1951 1673
1952 787
1953 2202
1954 944
1955 650
1956 547
1957 1035
1958 443
1959 969
1960 56
1961 382
1962 373
1963 1950
1964 1120
1965 1503
1966 802
1967 1716
1968 739
1969 896
1970 1821
1971 732
1972 421
1973 901
1974 171
1975 1431
1976 1816
1977 1444
1978 1613
1979 1947
1980 1350
1981 100
1982 1609
1983 1573
1984 494
1985 571
1986 1225
1987 1631
1988 1756
1989 1008
1990 1470
1991 991
1992 11
1993 1950
1994 2060
1995 950
1996 767
1997 1716
1998 1144
1999 1208
2000 2168
2001 819
2002 593
2003 1679
2004 742
2005 1636
2006 1001
2007 585
2008 445
2009 1026
2010 804
2011 1290
2012 1514
2013 1534
2014 839
2015 1401
2016 2132
2017 11
2018 909
2019 1583
2020 1973
2021 672
2022 583
2023 580
2024 558
2025 2160
2026 2158
2027 2206
2028 1613
2029 1738
2030 1533
2031 621
2032 595
2033 1121
2034 197
2035 1264
2036 1794
2037 84
2038 274
2039 1106
2040 896
2041 1519
2042 732
2043 1581
2044 1084
2045 114
2046 1355
2047 706
2048 2150
2049 1353
2050 784
2051 500
2052 1192
2053 506
2054 1282
2055 1359
2056 840
2057 693
2058 1748
2059 805
2060 2001
2061 2022
2062 2180
2063 956
2064 1335
2065 191
2066 24
2067 1090
2068 662
2069 1720
2070 1199
2071 2147
2072 34
2073 1510
2074 1844
2075 1697
2076 991
2077 179
2078 2014
2079 1208
2080 640
2081 95
2082 195
2083 662
2084 1765
2085 785
2086 1834
2087 560
2088 478
2089 190
2090 1993
2091 1129
2092 1537
2093 270
2094 350
2095 104
2096 949
2097 596
2098 1924
2099 631
2100 77
2101 725
2102 529
2103 87
2104 1708
2105 2051
2106 1452
2107 1352
2108 1131
2109 2176
2110 307
2111 2018
2112 907
2113 293
2114 489
2115 1403
2116 1017
2117 1553
2118 1505
2119 1991
2120 470
2121 729
2122 266
2123 2090
2124 1676
2125 1073
2126 106
2127 1717
2128 1407
2129 1393
2130 792
2131 1813
2132 909
2133 591
2134 1891
2135 1882
2136 1215
2137 1252
2138 341
2139 1824
2140 836
2141 2057
2142 1604
2143 144
2144 1075
2145 1224
2146 252
2147 900
2148 792
2149 611
2150 1300
2151 1274
2152 562
2153 1230
2154 1564
2155 310
2156 1593
2157 256
2158 911
2159 1951
2160 272
2161 1904
2162 162
2163 1152
2164 1076
2165 459
2166 175
2167 372
2168 51
2169 348
2170 2040
2171 1897
2172 234
2173 1387
2174 1662
2175 1442
2176 1948
2177 240
2178 1547
2179 1321
2180 2169
2181 1411
2182 426
2183 856
2184 1353
2185 849
2186 1970
2187 830
2188 852
2189 939
2190 631
2191 1274
2192 202
2193 1456
2194 583
2195 2113
2196 1307
2197 1206
2198 63
2199 992
2200 718
2201 535
2202 1492
2203 850
2204 388
2205 1211
2206 2212
2207 1519
2208 120
2209 1402
2210 1541
2211 2208
2212 1369
2213 1644
2214 71
2215 565
2216 52
2217 877
2218 493
2219 1679
2220 2041
2221 1986
2222 2027
2223 351
2224 1587
