0 1743
1 494
2 1055
3 1626
4 1347
5 999
6 12
7 870
8 1628
9 660
10 1515
11 524
12 837
13 1598
14 686
15 1905
16 713
17 93
18 1080
19 904
20 756
21 767
22 1770
23 1495
24 1313
25 741
26 1870
27 1345
28 524
29 1089
30 1232
31 531
32 1995
33 1559
34 2067
35 1341
36 1490
37 1326
38 566
39 671
40 1123
41 767
42 617
43 232
44 514
45 1083
46 2052
47 611
48 1801
49 1719
50 1488
51 1980
52 2020
53 832
54 125
55 1284
56 1928
57 1616
58 2137
59 367
60 304
61 1177
62 1278
63 2110
64 802
65 1239
66 524
67 1066
68 1441
69 389
70 1730
71 1198
72 1783
73 759
74 1666
75 2137
76 626
77 1809
78 570
79 427
80 1734
81 1788
82 1552
83 160
84 634
85 2202
86 896
87 1143
88 246
89 1426
90 878
91 1412
92 981
93 1995
94 116
95 1480
96 1258
97 2092
98 2171
99 437
100 478
101 1819
102 100
103 613
104 1983
105 937
106 288
107 306
108 2076
109 819
110 2087
111 741
112 1622
113 1524
114 435
115 2009
116 1761
117 1091
118 517
119 2052
120 913
121 430
122 1707
123 1307
124 1127
125 1335
126 1560
127 2009
128 333
129 391
130 1663
131 714
132 1361
133 1050
134 1982
135 758
136 1108
137 291
138 447
139 406
140 347
141 1484
142 1161
143 866
144 2068
145 418
146 1727
147 1917
148 46
149 232
150 43
151 2202
152 1759
153 1730
154 1053
155 100
156 524
157 1798
158 977
159 491
160 1720
161 1884
162 2046
163 535
164 756
165 1375
166 762
167 1203
168 1051
169 1407
170 97
171 875
172 771
173 957
174 1931
175 1656
176 2220
177 1468
178 2100
179 1979
180 266
181 2041
182 1461
183 292
184 510
185 1951
186 1224
187 1717
188 453
189 1141
190 304
191 158
192 125
193 1145
194 2040
195 1594
196 621
197 942
198 1764
199 1857
200 653
201 1876
202 1513
203 475
204 420
205 1635
206 266
207 2094
208 1575
209 1846
210 1471
211 2189
212 461
213 418
214 399
215 299
216 1436
217 45
218 892
219 360
220 864
221 1324
222 1256
223 1648
224 1541
225 470
226 1896
227 1012
228 1127
229 2020
230 1010
231 1064
232 2178
233 1674
234 1492
235 548
236 1453
237 1245
238 670
239 1154
240 2063
241 344
242 1170
243 1968
244 1611
245 2075
246 442
247 453
248 689
249 1662
250 1824
251 1981
252 1065
253 998
254 2014
255 1063
256 1777
257 1626
258 44
259 1895
260 1285
261 1186
262 334
263 1002
264 889
265 690
266 2072
267 690
268 1317
269 218
270 1916
271 1076
272 2202
273 1505
274 1747
275 1450
276 1529
277 700
278 2028
279 381
280 1838
281 890
282 1911
283 1089
284 1676
285 1865
286 660
287 31
288 873
289 764
290 1284
291 965
292 1445
293 1510
294 978
295 510
296 1719
297 1980
298 70
299 156
300 683
301 985
302 1728
303 1382
304 657
305 190
306 1671
307 118
308 1269
309 1057
310 1792
311 1639
312 379
313 228
314 2192
315 1047
316 147
317 1398
318 688
319 178
320 1010
321 278
322 1798
323 801
324 1101
325 1936
326 1349
327 1793
328 1294
329 115
330 251
331 516
332 239
333 1811
334 1905
335 1825
336 2008
337 849
338 690
339 275
340 979
341 1531
342 1266
343 1078
344 1470
345 2172
346 1116
347 1267
348 958
349 2032
350 1426
351 1928
352 1322
353 1901
354 1167
355 918
356 415
357 1525
358 289
359 1291
360 1223
361 600
362 2008
363 1448
364 8
365 1935
366 2148
367 127
368 1640
369 591
370 1155
371 1452
372 1907
373 2113
374 423
375 401
376 1389
377 251
378 1986
379 411
380 1908
381 1868
382 1350
383 1806
384 2099
385 494
386 643
387 1993
388 1835
389 1946
390 2132
391 557
392 542
393 1586
394 1263
395 2200
396 1181
397 1872
398 2146
399 732
400 337
401 309
402 1859
403 1925
404 1533
405 791
406 2082
407 44
408 1759
409 1254
410 2076
411 380
412 2132
413 1914
414 2113
415 146
416 1000
417 265
418 811
419 82
420 457
421 399
422 58
423 1547
424 327
425 701
426 1531
427 1187
428 1078
429 1562
430 981
431 2088
432 1070
433 493
434 1598
435 1554
436 2141
437 21
438 838
439 338
440 836
441 399
442 917
443 1708
444 559
445 218
446 910
447 727
448 517
449 1399
450 1838
451 995
452 1265
453 397
454 880
455 132
456 755
457 776
458 267
459 1919
460 552
461 704
462 565
463 13
464 2020
465 1525
466 2187
467 9
468 1644
469 1170
470 98
471 425
472 971
473 1229
474 1926
475 1177
476 1568
477 1409
478 2178
479 2159
480 155
481 1898
482 238
483 4
484 431
485 1666
486 1333
487 1886
488 784
489 707
490 202
491 1181
492 1196
493 595
494 419
495 1150
496 671
497 1759
498 921
499 1844
500 965
501 238
502 161
503 944
504 1756
505 691
506 1968
507 1312
508 1274
509 231
510 1607
511 1136
512 1388
513 1325
514 121
515 1615
516 1947
517 1346
518 1606
519 2012
520 12
521 722
522 1898
523 1600
524 1259
525 860
526 1014
527 952
528 1887
529 1371
530 794
531 1949
532 1321
533 63
534 228
535 1797
536 382
537 1564
538 2180
539 1349
540 294
541 1839
542 1574
543 894
544 1608
545 2143
546 255
547 2027
548 2049
549 547
550 385
551 908
552 877
553 1299
554 367
555 573
556 1148
557 19
558 1755
559 1197
560 2072
561 1929
562 1297
563 1430
564 1122
565 652
566 1655
567 1704
568 1250
569 42
570 1547
571 1351
572 1620
573 1660
574 883
575 230
576 2058
577 1043
578 1001
579 1782
580 695
581 497
582 681
583 1403
584 1901
585 1128
586 498
587 732
588 1793
589 2054
590 2097
591 740
592 184
593 2119
594 742
595 316
596 1826
597 551
598 1348
599 400
600 969
601 185
602 1175
603 522
604 1037
605 1800
606 911
607 2137
608 1294
609 1426
610 1354
611 551
612 1529
613 348
614 415
615 1284
616 1966
617 1013
618 1822
619 1589
620 920
621 42
622 1858
623 1423
624 962
625 954
626 329
627 1680
628 1966
629 474
630 1685
631 1857
632 1104
633 896
634 2030
635 667
636 919
637 124
638 1562
639 664
640 970
641 831
642 1242
643 248
644 1811
645 994
646 723
647 418
648 1956
649 95
650 1013
651 814
652 1381
653 628
654 1907
655 210
656 1341
657 914
658 1652
659 688
660 1851
661 1907
662 249
663 1475
664 822
665 1082
666 2202
667 341
668 1649
669 1871
670 992
671 1866
672 2004
673 803
674 224
675 1440
676 1333
677 1565
678 2155
679 95
680 377
681 1777
682 1780
683 1279
684 2018
685 519
686 1367
687 1505
688 1380
689 1532
690 1304
691 1710
692 594
693 812
694 946
695 1056
696 1181
697 1173
698 1540
699 1179
700 2065
701 1601
702 283
703 8
704 323
705 1381
706 386
707 111
708 370
709 1098
710 143
711 714
712 1507
713 203
714 637
715 623
716 941
717 648
718 1675
719 1553
720 1601
721 1113
722 2195
723 978
724 974
725 674
726 1186
727 1316
728 1524
729 486
730 681
731 1823
732 1459
733 979
734 92
735 567
736 873
737 1184
738 157
739 290
740 844
741 974
742 29
743 630
744 570
745 730
746 1450
747 1202
748 1357
749 2065
750 1645
751 1980
752 2049
753 1388
754 1855
755 2200
756 1426
757 2063
758 1888
759 1811
760 1984
761 13
762 261
763 1260
764 317
765 2184
766 1632
767 615
768 1593
769 1966
770 1139
771 21
772 1568
773 205
774 1070
775 216
776 1163
777 1259
778 431
779 1984
780 1798
781 507
782 1112
783 1338
784 56
785 39
786 1662
787 1752
788 1922
789 982
790 2121
791 1783
792 359
793 1003
794 334
795 488
796 650
797 878
798 2052
799 312
800 730
801 1082
802 1967
803 806
804 1593
805 781
806 1790
807 290
808 1263
809 2137
810 720
811 5
812 1679
813 2057
814 440
815 452
816 1636
817 165
818 1136
819 272
820 1879
821 189
822 1387
823 61
824 1244
825 1077
826 2073
827 757
828 1385
829 497
830 1234
831 2183
832 1212
833 1184
834 1412
835 743
836 750
837 1671
838 1814
839 1360
840 1090
841 1184
842 707
843 1395
844 76
845 666
846 381
847 1124
848 1177
849 1023
850 1689
851 1186
852 898
853 785
854 296
855 150
856 644
857 922
858 1424
859 2111
860 519
861 1771
862 607
863 781
864 1312
865 1255
866 1058
867 1988
868 1699
869 1222
870 1602
871 1371
872 615
873 109
874 237
875 468
876 2200
877 1543
878 738
879 1928
880 368
881 519
882 497
883 2090
884 545
885 147
886 1748
887 2126
888 1229
889 501
890 1359
891 1074
892 2169
893 259
894 1135
895 363
896 511
897 1129
898 49
899 2159
900 1217
901 852
902 1932
903 445
904 1905
905 536
906 123
907 1627
908 879
909 2007
910 1338
911 2087
912 820
913 274
914 1892
915 1173
916 2156
917 0
918 935
919 787
920 637
921 1915
922 787
923 160
924 746
925 747
926 1931
927 1035
928 1779
929 1896
930 1710
931 454
932 1725
933 434
934 2082
935 1809
936 146
937 250
938 871
939 167
940 1949
941 228
942 181
943 464
944 1630
945 671
946 2133
947 1668
948 2062
949 858
950 406
951 1555
952 86
953 1537
954 151
955 1628
956 1403
957 1887
958 910
959 56
960 1698
961 1539
962 97
963 368
964 546
965 184
966 1180
967 1290
968 1546
969 1581
970 1426
971 1533
972 326
973 1528
974 696
975 636
976 1489
977 1723
978 99
979 14
980 140
981 504
982 1800
983 1219
984 2029
985 39
986 1038
987 1794
988 1423
989 708
990 41
991 9
992 955
993 1991
994 864
995 1832
996 2195
997 16
998 303
999 1125
1000 750
1001 1686
1002 607
1003 763
1004 1440
1005 1224
1006 1486
1007 1353
1008 173
1009 1024
1010 1985
1011 2111
1012 740
1013 199
1014 1018
1015 529
1016 2080
1017 823
1018 469
1019 2177
1020 108
1021 1984
1022 1966
1023 645
1024 873
1025 1667
1026 1388
1027 1293
1028 1790
1029 1782
1030 965
1031 983
1032 550
1033 566
1034 293
1035 747
1036 2056
1037 1239
1038 1743
1039 270
1040 1737
1041 1738
1042 341
1043 425
1044 2074
1045 61
1046 43
1047 1860
1048 1813
1049 389
1050 555
1051 27
1052 274
1053 633
1054 2114
1055 1307
1056 243
1057 1439
1058 1798
1059 2023
1060 1841
1061 1617
1062 2088
1063 94
1064 1072
1065 1885
1066 687
1067 534
1068 898
1069 129
1070 2155
1071 823
1072 748
1073 1442
1074 1114
1075 1661
1076 1071
1077 1034
1078 419
1079 792
1080 1473
1081 1139
1082 558
1083 2206
1084 873
1085 131
1086 412
1087 2175
1088 1474
1089 766
1090 1957
1091 1070
1092 443
1093 1874
1094 399
1095 869
1096 108
1097 981
1098 1544
1099 1869
1100 1795
1101 32
1102 2066
1103 392
1104 1716
1105 546
1106 165
1107 309
1108 1984
1109 2039
1110 1570
1111 390
1112 692
1113 1646
1114 296
1115 1986
1116 130
1117 1386
1118 942
1119 970
1120 969
1121 674
1122 1147
1123 950
1124 754
1125 1753
1126 84
1127 2035
1128 1518
1129 2055
1130 771
1131 1839
1132 939
1133 111
1134 891
1135 136
1136 735
1137 2126
1138 808
1139 23
1140 1884
1141 1926
1142 215
1143 243
1144 1827
1145 724
1146 1217
1147 827
1148 2178
1149 886
1150 249
1151 940
1152 1945
1153 1457
1154 508
1155 1129
1156 140
1157 1082
1158 1589
1159 2022
1160 1172
1161 2086
1162 1161
1163 550
1164 290
1165 1503
1166 356
1167 1842
1168 1832
1169 1300
1170 210
1171 374
1172 339
1173 136
1174 869
1175 572
1176 2126
1177 458
1178 215
1179 1350
1180 569
1181 1195
1182 864
1183 1459
1184 131
1185 412
1186 1577
1187 1188
1188 908
1189 1654
1190 341
1191 1921
1192 1963
1193 1814
1194 719
1195 179
1196 255
1197 1901
1198 931
1199 1040
1200 531
1201 922
1202 517
1203 266
1204 1209
1205 1283
1206 2194
1207 2186
1208 152
1209 657
1210 276
1211 828
1212 1507
1213 2099
1214 1623
1215 374
1216 1376
1217 1420
1218 981
1219 1150
1220 1135
1221 29
1222 1297
1223 1875
1224 1252
1225 708
1226 1642
1227 708
1228 1386
1229 1312
1230 2017
1231 455
1232 2022
1233 1519
1234 1007
1235 38
1236 1181
1237 1630
1238 1144
1239 598
1240 1811
1241 1219
1242 1342
1243 1410
1244 25
1245 240
1246 212
1247 1051
1248 2089
1249 1285
1250 1003
1251 554
1252 54
1253 189
1254 2077
1255 502
1256 598
1257 698
1258 1622
1259 1227
1260 1748
1261 2168
1262 2141
1263 1436
1264 2133
1265 1147
1266 1813
1267 2044
1268 953
1269 0
1270 1324
1271 846
1272 192
1273 6
1274 601
1275 1830
1276 397
1277 1125
1278 656
1279 1834
1280 1224
1281 275
1282 1578
1283 460
1284 551
1285 1999
1286 2140
1287 1440
1288 1140
1289 1619
1290 20
1291 147
1292 271
1293 1849
1294 473
1295 507
1296 2141
1297 48
1298 1473
1299 2056
1300 1317
1301 893
1302 1988
1303 677
1304 1824
1305 1541
1306 640
1307 1525
1308 456
1309 1503
1310 1125
1311 2107
1312 935
1313 832
1314 2037
1315 121
1316 1680
1317 1773
1318 389
1319 413
1320 448
1321 761
1322 1974
1323 1984
1324 948
1325 93
1326 1130
1327 2086
1328 739
1329 638
1330 1520
1331 1822
1332 1455
1333 1766
1334 1948
1335 71
1336 677
1337 1808
1338 438
1339 1635
1340 478
1341 1598
1342 1119
1343 1386
1344 480
1345 1584
1346 488
1347 1686
1348 1606
1349 686
1350 1909
1351 761
1352 919
1353 1282
1354 319
1355 2105
1356 1977
1357 721
1358 1053
1359 2199
1360 308
1361 1690
1362 807
1363 1452
1364 608
1365 2124
1366 1449
1367 1249
1368 190
1369 216
1370 1836
1371 307
1372 1085
1373 1290
1374 1248
1375 262
1376 954
1377 1709
1378 1292
1379 904
1380 700
1381 1069
1382 1441
1383 1466
1384 179
1385 1005
1386 1018
1387 157
1388 721
1389 119
1390 187
1391 688
1392 16
1393 620
1394 2030
1395 1533
1396 1304
1397 17
1398 829
1399 1320
1400 1526
1401 1841
1402 1395
1403 1900
1404 19
1405 856
1406 1786
1407 393
1408 2035
1409 1303
1410 1581
1411 344
1412 1196
1413 1790
1414 903
1415 1514
1416 1601
1417 1587
1418 190
1419 2210
1420 1051
1421 1230
1422 690
1423 239
1424 1880
1425 630
1426 1034
1427 2174
1428 1357
1429 964
1430 1839
1431 1157
1432 181
1433 1554
1434 1386
1435 387
1436 1125
1437 2098
1438 1535
1439 2067
1440 5
1441 998
1442 1718
1443 805
1444 557
1445 1464
1446 485
1447 1758
1448 1008
1449 1730
1450 454
1451 349
1452 1645
1453 1006
1454 2002
1455 2116
1456 988
1457 1490
1458 968
1459 1076
1460 894
1461 1436
1462 1597
1463 96
1464 30
1465 1421
1466 1319
1467 855
1468 868
1469 905
1470 1098
1471 1509
1472 943
1473 1770
1474 512
1475 1765
1476 461
1477 884
1478 830
1479 1107
1480 1867
1481 2105
1482 947
1483 913
1484 2066
1485 925
1486 994
1487 372
1488 324
1489 1877
1490 1546
1491 1529
1492 2035
1493 79
1494 457
1495 2143
1496 447
1497 1834
1498 557
1499 899
1500 1889
1501 979
1502 574
1503 2191
1504 752
1505 1907
1506 937
1507 89
1508 84
1509 492
1510 427
1511 380
1512 1703
1513 820
1514 2070
1515 1538
1516 90
1517 2195
1518 326
1519 1484
1520 2128
1521 1596
1522 1624
1523 1473
1524 1114
1525 389
1526 1795
1527 1051
1528 13
1529 860
1530 613
1531 1793
1532 311
1533 470
1534 555
1535 1181
1536 1882
1537 230
1538 2045
1539 2050
1540 1933
1541 1524
1542 787
1543 544
1544 1861
1545 649
1546 1567
1547 1934
1548 2162
1549 653
1550 1167
1551 2126
1552 266
1553 923
1554 1817
1555 1069
1556 1159
1557 2091
1558 625
1559 122
1560 1377
1561 1040
1562 2090
1563 1885
1564 1278
1565 1200
1566 800
1567 120
1568 2151
1569 546
1570 447
1571 1598
1572 104
1573 1556
1574 1637
1575 531
1576 2057
1577 2098
1578 387
1579 203
1580 1708
1581 194
1582 91
1583 157
1584 126
1585 941
1586 1204
1587 214
1588 1866
1589 1542
1590 1710
1591 2180
1592 1056
1593 676
1594 778
1595 151
1596 855
1597 1233
1598 1782
1599 1094
1600 337
1601 1549
1602 577
1603 1424
1604 756
1605 821
1606 385
1607 437
1608 616
1609 1316
1610 770
1611 1592
1612 1911
1613 1400
1614 1639
1615 444
1616 1242
1617 64
1618 45
1619 1068
1620 482
1621 1543
1622 1733
1623 1244
1624 1697
1625 701
1626 1496
1627 1973
1628 664
1629 1428
1630 618
1631 2094
1632 1462
1633 992
1634 28
1635 37
1636 613
1637 969
1638 533
1639 405
1640 670
1641 894
1642 704
1643 830
1644 1022
1645 524
1646 1578
1647 529
1648 995
1649 500
1650 2155
1651 535
1652 1889
1653 587
1654 2082
1655 860
1656 591
1657 1384
1658 748
1659 505
1660 1779
1661 1736
1662 300
1663 1985
1664 277
1665 1
1666 1507
1667 1179
1668 860
1669 1485
1670 1679
1671 1550
1672 1585
1673 1657
1674 868
1675 1288
1676 679
1677 34
1678 1832
1679 396
1680 729
1681 2203
1682 365
1683 416
1684 1752
1685 104
1686 228
1687 1317
1688 673
1689 138
1690 965
1691 181
1692 1746
1693 699
1694 526
1695 15
1696 1725
1697 1584
1698 1117
1699 1953
1700 321
1701 470
1702 966
1703 1305
1704 1438
1705 393
1706 1470
1707 2166
1708 242
1709 1503
1710 1672
1711 1514
1712 925
1713 1852
1714 1477
1715 172
1716 1822
1717 1076
1718 1908
1719 593
1720 1345
1721 1460
1722 214
1723 361
1724 1168
1725 2078
1726 1564
1727 263
1728 2217
1729 1669
1730 960
1731 555
1732 1159
1733 868
1734 635
1735 232
1736 216
1737 1783
1738 2033
1739 312
1740 422
1741 1795
1742 2039
1743 1195
1744 92
1745 816
1746 341
1747 1685
1748 1504
1749 1783
1750 1677
1751 1057
1752 570
1753 920
1754 395
1755 333
1756 1777
1757 1024
1758 2214
1759 2036
1760 1891
1761 698
1762 127
1763 1537
1764 377
1765 1013
1766 1668
1767 509
1768 441
1769 1500
1770 656
1771 739
1772 1920
1773 163
1774 2052
1775 2093
1776 1055
1777 1162
1778 2071
1779 850
1780 42
1781 205
1782 1176
1783 636
1784 2075
1785 1873
1786 153
1787 656
1788 2034
1789 965
1790 728
1791 2133
1792 279
1793 1227
1794 1850
1795 1101
1796 837
1797 326
1798 1371
1799 535
1800 1809
1801 1946
1802 2120
1803 493
1804 696
1805 1676
1806 965
1807 1228
1808 1191
1809 840
1810 1217
1811 1732
1812 652
1813 1531
1814 1966
1815 1733
1816 817
1817 1604
1818 1682
1819 1373
1820 458
1821 278
1822 888
1823 1426
1824 1269
1825 795
1826 2224
1827 872
1828 968
1829 2159
1830 1519
1831 708
1832 1936
1833 1152
1834 506
1835 2005
1836 1636
1837 1765
1838 1457
1839 1926
1840 963
1841 49
1842 933
1843 1457
1844 729
1845 1234
1846 2178
1847 292
1848 1731
1849 966
1850 711
1851 266
1852 6
1853 398
1854 669
1855 754
1856 781
1857 725
1858 1578
1859 891
1860 189
1861 253
1862 1357
1863 1275
1864 128
1865 439
1866 804
1867 263
1868 204
1869 590
1870 344
1871 199
1872 968
1873 1812
1874 1414
1875 1698
1876 168
1877 1256
1878 1733
1879 1764
1880 2214
1881 1863
1882 545
1883 1461
1884 1613
1885 1817
1886 1406
1887 1940
1888 1933
1889 1815
1890 1935
1891 1896
1892 1037
1893 157
1894 1297
1895 666
1896 1365
1897 1188
1898 2033
1899 760
1900 1131
1901 229
1902 1296
1903 706
1904 213
1905 1667
1906 265
1907 971
1908 598
1909 1669
1910 879
1911 1487
1912 1909
1913 1100
1914 2183
1915 1070
1916 1701
1917 51
1918 2102
1919 1002
1920 15
1921 1337
1922 1876
1923 964
1924 1547
1925 500
1926 1571
1927 489
1928 61
1929 653
1930 307
1931 1683
1932 267
1933 1991
1934 705
1935 735
1936 1359
1937 1804
1938 1389
1939 70
1940 1020
1941 2173
1942 1529
1943 1722
1944 1055
1945 1407
1946 248
1947 101
1948 1941
1949 1061
1950 1823
1951 1431
1952 1989
1953 347
1954 1418
1955 1562
1956 408
1957 1487
1958 563
1959 545
1960 772
1961 1967
1962 1302
1963 519
1964 1716
1965 1713
1966 2111
1967 1615
1968 1750
1969 947
1970 139
1971 213
1972 1221
1973 1697
1974 636
1975 1903
1976 780
1977 1104
1978 1813
1979 2216
1980 353
1981 1632
1982 773
1983 1643
1984 483
1985 496
1986 1247
1987 1471
1988 1504
1989 1420
1990 1490
1991 1894
1992 1471
1993 1921
1994 1996
1995 699
1996 765
1997 40
1998 137
1999 1200
2000 1191
2001 474
2002 1059
2003 2105
2004 736
2005 133
2006 1595
2007 1649
2008 2090
2009 245
2010 44
2011 2175
2012 1709
2013 451
2014 1249
2015 373
2016 697
2017 1869
2018 1410
2019 706
2020 1550
2021 1875
2022 1418
2023 2073
2024 672
2025 2001
2026 1322
2027 1503
2028 1151
2029 1466
2030 1165
2031 947
2032 842
2033 317
2034 174
2035 1499
2036 556
2037 873
2038 1218
2039 1546
2040 519
2041 2036
2042 1193
2043 261
2044 1937
2045 374
2046 2153
2047 721
2048 382
2049 963
2050 1798
2051 2022
2052 44
2053 1003
2054 457
2055 233
2056 855
2057 1133
2058 372
2059 1973
2060 496
2061 556
2062 675
2063 178
2064 600
2065 147
2066 2123
2067 1537
2068 843
2069 1503
2070 1840
2071 1975
2072 213
2073 1114
2074 2002
2075 533
2076 1241
2077 21
2078 1779
2079 2019
2080 369
2081 87
2082 398
2083 2124
2084 1546
2085 1706
2086 1302
2087 4
2088 2111
2089 1659
2090 2199
2091 1463
2092 884
2093 72
2094 1859
2095 260
2096 580
2097 1444
2098 48
2099 1404
2100 1589
2101 563
2102 1529
2103 2198
2104 1053
2105 1023
2106 1890
2107 654
2108 1707
2109 732
2110 363
2111 1614
2112 766
2113 847
2114 414
2115 847
2116 1624
2117 1602
2118 1669
2119 57
2120 1914
2121 356
2122 1885
2123 727
2124 144
2125 634
2126 878
2127 115
2128 1678
2129 210
2130 1616
2131 1712
2132 1113
2133 1703
2134 872
2135 1516
2136 1895
2137 1085
2138 1209
2139 983
2140 1171
2141 1916
2142 2057
2143 118
2144 612
2145 1570
2146 23
2147 1212
2148 5
2149 347
2150 1864
2151 1723
2152 695
2153 1162
2154 368
2155 1523
2156 279
2157 2117
2158 2135
2159 367
2160 1025
2161 1587
2162 2200
2163 196
2164 1288
2165 574
2166 1300
2167 628
2168 523
2169 160
2170 633
2171 1294
2172 2167
2173 714
2174 973
2175 532
2176 1968
2177 1522
2178 1681
2179 994
2180 2199
2181 1243
2182 290
2183 576
2184 366
2185 58
2186 599
2187 1884
2188 100
2189 1006
2190 1677
2191 429
2192 1574
2193 477
2194 1981
2195 1104
2196 1061
2197 1035
2198 53
2199 993
2200 982
2201 2039
2202 958
2203 104
2204 1493
2205 1061
2206 436
2207 1788
2208 855
2209 50
2210 2188
2211 47
2212 1072
2213 1235
2214 1814
2215 1817
2216 1964
2217 1880
2218 1227
2219 120
2220 1065
2221 78
2222 515
2223 1025
2224 583
0 1743
1 1192
2 1738
3 1626
4 224
5 999
6 549
7 2009
8 1002
9 927
10 1515
11 30
12 837
13 1598
14 131
15 741
16 2194
17 1559
18 1247
19 1541
20 571
21 826
22 1770
23 1495
24 1313
25 741
26 313
27 843
28 524
29 1089
30 687
31 1459
32 449
33 417
34 544
35 1966
36 1490
37 506
38 566
39 2085
40 252
41 767
42 617
43 163
44 514
45 1083
46 1802
47 961
48 1801
49 1562
50 1899
51 396
52 729
53 832
54 303
55 1284
56 1261
57 2157
58 2137
59 367
60 313
61 248
62 573
63 1111
64 802
65 1124
66 1797
67 507
68 1914
69 490
70 1730
71 1198
72 1237
73 759
74 1666
75 2137
76 626
77 1809
78 1324
79 427
80 1734
81 1788
82 175
83 109
84 634
85 2202
86 1779
87 742
88 665
89 245
90 1592
91 1412
92 1025
93 1995
94 1089
95 577
96 1080
97 1417
98 1910
99 437
100 478
101 1163
102 100
103 874
104 1279
105 2107
106 2094
107 306
108 572
109 1598
110 1823
111 741
112 1622
113 2017
114 435
115 2214
116 1890
117 1152
118 517
119 1447
120 1540
121 366
122 376
123 1307
124 6
125 1335
126 887
127 2009
128 1891
129 952
130 1344
131 714
132 173
133 1050
134 919
135 388
136 1108
137 1861
138 907
139 92
140 1699
141 1484
142 255
143 866
144 885
145 418
146 1676
147 1917
148 18
149 232
150 332
151 2202
152 606
153 834
154 1053
155 1143
156 524
157 1798
158 977
159 491
160 1720
161 1125
162 2046
163 535
164 317
165 996
166 82
167 905
168 2034
169 1407
170 87
171 425
172 860
173 154
174 2027
175 1668
176 2220
177 1825
178 1768
179 904
180 941
181 376
182 1461
183 292
184 1366
185 1951
186 1403
187 1717
188 1365
189 567
190 1068
191 158
192 1483
193 1145
194 1889
195 153
196 20
197 942
198 1162
199 1645
200 149
201 708
202 1328
203 497
204 1489
205 2066
206 1305
207 847
208 1575
209 1368
210 1471
211 2189
212 91
213 1571
214 399
215 1168
216 1436
217 612
218 1579
219 2181
220 1646
221 1420
222 1365
223 1648
224 1541
225 1750
226 1743
227 494
228 1127
229 1089
230 1010
231 1064
232 508
233 1640
234 1703
235 548
236 1453
237 1245
238 1501
239 19
240 2063
241 1585
242 1868
243 1762
244 550
245 1983
246 442
247 31
248 689
249 1662
250 1330
251 1981
252 119
253 1390
254 1466
255 152
256 1398
257 1626
258 395
259 1895
260 1512
261 332
262 1849
263 2157
264 1735
265 690
266 2072
267 1651
268 1317
269 197
270 1421
271 1076
272 489
273 418
274 1747
275 1450
276 1606
277 700
278 2028
279 2146
280 1320
281 2129
282 123
283 1340
284 78
285 1865
286 1213
287 31
288 793
289 764
290 1284
291 965
292 1445
293 66
294 855
295 477
296 1391
297 1980
298 70
299 156
300 683
301 2068
302 1004
303 1382
304 563
305 580
306 1671
307 914
308 1269
309 780
310 166
311 1639
312 1990
313 901
314 1758
315 515
316 147
317 1398
318 1618
319 178
320 1010
321 1268
322 1798
323 843
324 1075
325 1921
326 316
327 2022
328 780
329 115
330 251
331 258
332 239
333 1082
334 6
335 415
336 2008
337 1518
338 690
339 423
340 1169
341 1037
342 1266
343 503
344 1470
345 2172
346 1141
347 1907
348 958
349 2032
350 1426
351 350
352 1322
353 486
354 1433
355 918
356 415
357 1525
358 289
359 1709
360 1732
361 93
362 1670
363 1448
364 939
365 1935
366 1198
367 127
368 1414
369 591
370 1155
371 2115
372 1411
373 688
374 423
375 401
376 1047
377 251
378 1051
379 411
380 1908
381 1868
382 686
383 635
384 1705
385 1969
386 851
387 1993
388 1572
389 208
390 2132
391 240
392 542
393 166
394 1019
395 26
396 1181
397 1893
398 613
399 1336
400 337
401 1601
402 1024
403 1925
404 1533
405 791
406 2082
407 2188
408 1156
409 63
410 46
411 1605
412 417
413 1449
414 2113
415 146
416 148
417 1462
418 848
419 357
420 662
421 1955
422 304
423 1285
424 1913
425 1095
426 910
427 1236
428 1078
429 1562
430 1274
431 2088
432 1372
433 493
434 694
435 1554
436 1491
437 1037
438 1251
439 2168
440 836
441 482
442 848
443 1708
444 559
445 218
446 242
447 1551
448 1223
449 1399
450 1838
451 1901
452 406
453 397
454 2030
455 132
456 127
457 1326
458 1890
459 660
460 552
461 704
462 713
463 13
464 2020
465 1525
466 805
467 1963
468 1644
469 1170
470 98
471 852
472 776
473 1619
474 1790
475 27
476 1297
477 403
478 591
479 2159
480 1528
481 1898
482 589
483 184
484 1184
485 1666
486 1769
487 1886
488 968
489 707
490 202
491 191
492 1196
493 1376
494 1187
495 1879
496 671
497 1759
498 895
499 1844
500 200
501 238
502 161
503 18
504 934
505 67
506 1984
507 1312
508 1967
509 231
510 1087
511 1136
512 1515
513 2174
514 1850
515 1615
516 1947
517 1345
518 1037
519 2012
520 1555
521 722
522 2028
523 1600
524 447
525 293
526 1886
527 952
528 315
529 1893
530 794
531 1949
532 1635
533 63
534 228
535 1195
536 541
537 1564
538 318
539 1349
540 1503
541 859
542 1574
543 1026
544 1608
545 2085
546 191
547 107
548 2049
549 547
550 885
551 908
552 877
553 1299
554 481
555 573
556 1926
557 19
558 1755
559 1197
560 2072
561 1345
562 1900
563 1430
564 1181
565 652
566 1481
567 2179
568 212
569 42
570 1547
571 1351
572 408
573 1558
574 377
575 1880
576 1812
577 879
578 1001
579 1782
580 695
581 1686
582 681
583 1403
584 2185
585 1128
586 498
587 732
588 1322
589 834
590 2097
591 740
592 2175
593 1450
594 742
595 316
596 48
597 46
598 1348
599 400
600 1066
601 185
602 842
603 522
604 1037
605 1232
606 765
607 292
608 1294
609 1699
610 1354
611 1422
612 1078
613 422
614 1150
615 1284
616 382
617 1013
618 52
619 591
620 2049
621 1866
622 298
623 1423
624 795
625 1169
626 2017
627 1680
628 1935
629 474
630 1371
631 965
632 2203
633 488
634 2030
635 1893
636 311
637 1775
638 1562
639 664
640 970
641 831
642 1922
643 248
644 1390
645 670
646 716
647 206
648 1956
649 442
650 874
651 2220
652 1018
653 1928
654 935
655 210
656 496
657 1351
658 1575
659 904
660 1851
661 1907
662 786
663 1475
664 286
665 1467
666 90
667 1411
668 1649
669 1871
670 1394
671 1759
672 2004
673 1864
674 126
675 1348
676 1980
677 1565
678 2155
679 2004
680 2005
681 364
682 2155
683 1279
684 2018
685 545
686 1756
687 1505
688 1855
689 1532
690 1776
691 2070
692 594
693 1259
694 1
695 1936
696 1181
697 460
698 1540
699 456
700 1753
701 1601
702 283
703 8
704 323
705 1381
706 1307
707 184
708 830
709 1098
710 143
711 714
712 1507
713 1515
714 637
715 763
716 1240
717 1990
718 1063
719 1553
720 1601
721 818
722 2195
723 853
724 1427
725 1419
726 751
727 277
728 495
729 1422
730 681
731 415
732 549
733 979
734 92
735 1552
736 2188
737 1184
738 550
739 1340
740 477
741 1190
742 29
743 630
744 570
745 730
746 1774
747 1345
748 1357
749 2065
750 2130
751 279
752 1187
753 1559
754 1855
755 622
756 1779
757 2063
758 1888
759 1617
760 1071
761 13
762 674
763 1260
764 1251
765 2184
766 1417
767 615
768 1431
769 1966
770 1354
771 115
772 960
773 1399
774 1352
775 271
776 1028
777 31
778 1016
779 1293
780 1832
781 507
782 1214
783 1900
784 2004
785 360
786 1662
787 256
788 1922
789 1507
790 2121
791 1783
792 1120
793 58
794 1811
795 1741
796 696
797 35
798 2052
799 1163
800 2211
801 1023
802 1967
803 806
804 1593
805 781
806 127
807 1383
808 1263
809 1014
810 720
811 1937
812 1679
813 985
814 109
815 1913
816 1636
817 165
818 905
819 599
820 1879
821 189
822 713
823 2079
824 1402
825 1077
826 638
827 757
828 1740
829 497
830 1465
831 599
832 59
833 436
834 1282
835 329
836 750
837 1671
838 1739
839 1765
840 1303
841 869
842 733
843 1395
844 76
845 327
846 1670
847 566
848 1356
849 1780
850 2060
851 1186
852 1938
853 956
854 296
855 150
856 2078
857 648
858 365
859 2111
860 519
861 1490
862 607
863 1483
864 749
865 1638
866 1058
867 182
868 83
869 1222
870 1602
871 1576
872 1556
873 109
874 865
875 468
876 190
877 1012
878 50
879 2104
880 368
881 519
882 1559
883 512
884 1241
885 2194
886 1748
887 373
888 1806
889 501
890 2027
891 680
892 2169
893 707
894 1135
895 2169
896 511
897 1129
898 851
899 2159
900 1217
901 852
902 1317
903 367
904 1331
905 913
906 190
907 1173
908 879
909 2007
910 1338
911 673
912 820
913 12
914 1892
915 1174
916 63
917 0
918 772
919 1693
920 637
921 999
922 83
923 160
924 716
925 747
926 1931
927 628
928 679
929 1896
930 1710
931 1600
932 1340
933 989
934 708
935 765
936 2165
937 96
938 871
939 167
940 1949
941 732
942 470
943 922
944 1595
945 671
946 50
947 802
948 2062
949 858
950 324
951 1235
952 939
953 1537
954 151
955 1628
956 1403
957 563
958 984
959 56
960 2013
961 1539
962 97
963 368
964 655
965 767
966 871
967 1290
968 911
969 973
970 500
971 1533
972 326
973 700
974 696
975 2018
976 1679
977 1723
978 99
979 14
980 1425
981 504
982 1800
983 1219
984 1840
985 202
986 1054
987 1794
988 1561
989 708
990 829
991 830
992 955
993 125
994 864
995 360
996 2029
997 392
998 1166
999 1125
1000 750
1001 0
1002 2005
1003 1270
1004 1440
1005 975
1006 1486
1007 97
1008 565
1009 1024
1010 1985
1011 254
1012 740
1013 199
1014 1018
1015 1974
1016 2080
1017 823
1018 656
1019 2177
1020 108
1021 2177
1022 2196
1023 1766
1024 873
1025 1725
1026 1388
1027 1280
1028 2092
1029 1782
1030 1836
1031 1449
1032 1755
1033 1615
1034 1749
1035 747
1036 2089
1037 1239
1038 1743
1039 270
1040 1709
1041 1738
1042 149
1043 425
1044 1552
1045 61
1046 820
1047 851
1048 422
1049 1640
1050 1282
1051 27
1052 711
1053 915
1054 2114
1055 2176
1056 2146
1057 1375
1058 1799
1059 2023
1060 554
1061 111
1062 1552
1063 94
1064 1072
1065 1071
1066 687
1067 534
1068 1837
1069 1294
1070 77
1071 1532
1072 2069
1073 1442
1074 704
1075 1661
1076 1071
1077 768
1078 171
1079 792
1080 1473
1081 652
1082 336
1083 2206
1084 873
1085 801
1086 1766
1087 1545
1088 1414
1089 766
1090 2034
1091 261
1092 443
1093 1874
1094 399
1095 869
1096 108
1097 1153
1098 1544
1099 1206
1100 705
1101 500
1102 1376
1103 1059
1104 1886
1105 546
1106 1950
1107 309
1108 727
1109 2039
1110 1570
1111 512
1112 692
1113 1646
1114 1867
1115 1986
1116 1621
1117 1386
1118 433
1119 970
1120 1800
1121 1425
1122 1618
1123 981
1124 200
1125 1753
1126 1416
1127 526
1128 492
1129 830
1130 771
1131 1307
1132 240
1133 873
1134 1587
1135 1431
1136 2029
1137 0
1138 808
1139 77
1140 1884
1141 1545
1142 215
1143 1538
1144 1827
1145 2155
1146 1217
1147 827
1148 2178
1149 1515
1150 249
1151 940
1152 1945
1153 619
1154 1913
1155 476
1156 1483
1157 1613
1158 587
1159 1826
1160 1979
1161 2086
1162 1161
1163 1816
1164 63
1165 1503
1166 1822
1167 1842
1168 974
1169 2211
1170 776
1171 1855
1172 1544
1173 979
1174 869
1175 572
1176 1790
1177 458
1178 1496
1179 1350
1180 569
1181 2047
1182 864
1183 530
1184 131
1185 1922
1186 348
1187 918
1188 1514
1189 1654
1190 341
1191 1632
1192 759
1193 896
1194 1758
1195 179
1196 1418
1197 1901
1198 1504
1199 1817
1200 531
1201 230
1202 1391
1203 2113
1204 1168
1205 1283
1206 1358
1207 2044
1208 1305
1209 657
1210 1850
1211 828
1212 1507
1213 2099
1214 1462
1215 374
1216 1464
1217 2117
1218 1231
1219 151
1220 625
1221 29
1222 574
1223 7
1224 800
1225 1186
1226 1485
1227 708
1228 1386
1229 1759
1230 1650
1231 1701
1232 603
1233 293
1234 1721
1235 476
1236 1181
1237 1630
1238 1381
1239 598
1240 1891
1241 1983
1242 1342
1243 1410
1244 25
1245 776
1246 212
1247 403
1248 1034
1249 628
1250 2201
1251 438
1252 54
1253 131
1254 1362
1255 668
1256 718
1257 698
1258 1622
1259 300
1260 2001
1261 2168
1262 2012
1263 1436
1264 2133
1265 1147
1266 2156
1267 75
1268 953
1269 2034
1270 1690
1271 929
1272 192
1273 6
1274 601
1275 1830
1276 248
1277 1951
1278 656
1279 655
1280 1960
1281 214
1282 839
1283 1786
1284 1726
1285 1999
1286 2140
1287 2077
1288 466
1289 1240
1290 2079
1291 854
1292 192
1293 387
1294 1786
1295 507
1296 392
1297 809
1298 1473
1299 2056
1300 582
1301 1542
1302 1988
1303 364
1304 804
1305 2162
1306 640
1307 179
1308 456
1309 1503
1310 1125
1311 1726
1312 935
1313 832
1314 213
1315 121
1316 1680
1317 1155
1318 1962
1319 413
1320 448
1321 761
1322 2160
1323 944
1324 264
1325 93
1326 1130
1327 2086
1328 35
1329 1228
1330 956
1331 1822
1332 198
1333 1047
1334 1948
1335 254
1336 677
1337 473
1338 1262
1339 908
1340 1772
1341 1826
1342 1526
1343 2037
1344 198
1345 207
1346 488
1347 1785
1348 1606
1349 686
1350 1909
1351 678
1352 2213
1353 1716
1354 1454
1355 237
1356 1977
1357 1032
1358 1126
1359 1745
1360 982
1361 1163
1362 807
1363 242
1364 608
1365 1736
1366 2147
1367 1291
1368 2097
1369 216
1370 985
1371 1000
1372 1085
1373 1290
1374 1248
1375 262
1376 1583
1377 1978
1378 1018
1379 904
1380 700
1381 276
1382 1441
1383 485
1384 179
1385 676
1386 1018
1387 77
1388 1873
1389 119
1390 187
1391 688
1392 16
1393 620
1394 219
1395 106
1396 1304
1397 902
1398 320
1399 1654
1400 158
1401 1841
1402 1395
1403 1858
1404 19
1405 1550
1406 1863
1407 229
1408 2035
1409 1661
1410 434
1411 916
1412 1105
1413 1005
1414 903
1415 1514
1416 1711
1417 196
1418 1475
1419 1224
1420 695
1421 1492
1422 328
1423 538
1424 1306
1425 630
1426 1034
1427 2174
1428 1804
1429 964
1430 439
1431 1333
1432 181
1433 1554
1434 2200
1435 1600
1436 743
1437 927
1438 1314
1439 2067
1440 2079
1441 1390
1442 225
1443 1956
1444 557
1445 471
1446 485
1447 1758
1448 640
1449 890
1450 454
1451 998
1452 486
1453 1365
1454 1717
1455 2116
1456 1269
1457 1848
1458 1783
1459 1277
1460 894
1461 1436
1462 1597
1463 538
1464 885
1465 98
1466 1880
1467 525
1468 226
1469 1264
1470 165
1471 1509
1472 943
1473 1291
1474 1052
1475 1870
1476 461
1477 293
1478 1601
1479 1800
1480 1867
1481 1317
1482 1225
1483 2129
1484 1040
1485 1034
1486 1092
1487 308
1488 324
1489 1820
1490 1546
1491 1529
1492 1453
1493 1293
1494 1226
1495 2143
1496 1767
1497 1834
1498 557
1499 791
1500 1889
1501 2067
1502 1224
1503 1614
1504 93
1505 1907
1506 937
1507 89
1508 84
1509 492
1510 427
1511 380
1512 1695
1513 820
1514 1805
1515 1615
1516 90
1517 1478
1518 1830
1519 1484
1520 2128
1521 1066
1522 2085
1523 1473
1524 1114
1525 400
1526 495
1527 1951
1528 13
1529 1962
1530 613
1531 665
1532 61
1533 932
1534 1812
1535 824
1536 1882
1537 1466
1538 1067
1539 2050
1540 2139
1541 740
1542 541
1543 544
1544 1861
1545 649
1546 1567
1547 1273
1548 2182
1549 827
1550 1847
1551 2126
1552 1493
1553 318
1554 799
1555 1069
1556 1192
1557 2091
1558 1453
1559 122
1560 281
1561 1543
1562 34
1563 1885
1564 1278
1565 90
1566 800
1567 120
1568 2151
1569 546
1570 447
1571 180
1572 1309
1573 158
1574 210
1575 912
1576 2026
1577 1609
1578 1439
1579 1496
1580 928
1581 1111
1582 91
1583 157
1584 42
1585 941
1586 1204
1587 1908
1588 862
1589 297
1590 244
1591 96
1592 974
1593 676
1594 778
1595 151
1596 855
1597 762
1598 861
1599 2185
1600 2
1601 1549
1602 1807
1603 1582
1604 756
1605 996
1606 2064
1607 611
1608 616
1609 1316
1610 919
1611 1592
1612 1411
1613 1847
1614 1509
1615 444
1616 1242
1617 1035
1618 456
1619 1068
1620 737
1621 1543
1622 931
1623 837
1624 1697
1625 1595
1626 162
1627 1973
1628 664
1629 1428
1630 618
1631 552
1632 1462
1633 992
1634 1631
1635 37
1636 613
1637 1545
1638 1745
1639 1049
1640 593
1641 375
1642 704
1643 212
1644 882
1645 524
1646 1165
1647 1874
1648 1652
1649 793
1650 2200
1651 84
1652 1889
1653 1250
1654 98
1655 1638
1656 271
1657 335
1658 1227
1659 505
1660 1779
1661 1736
1662 300
1663 1985
1664 89
1665 1866
1666 1507
1667 1835
1668 860
1669 1485
1670 879
1671 1106
1672 356
1673 2088
1674 868
1675 1350
1676 1680
1677 1362
1678 1832
1679 396
1680 2102
1681 260
1682 1091
1683 624
1684 2127
1685 104
1686 228
1687 1201
1688 673
1689 839
1690 965
1691 181
1692 984
1693 699
1694 526
1695 1652
1696 716
1697 1803
1698 996
1699 1681
1700 1815
1701 470
1702 966
1703 1616
1704 1438
1705 1402
1706 1963
1707 459
1708 242
1709 1503
1710 810
1711 1514
1712 227
1713 699
1714 1477
1715 858
1716 1822
1717 1673
1718 1908
1719 627
1720 2079
1721 1947
1722 214
1723 361
1724 1770
1725 814
1726 1564
1727 290
1728 2217
1729 207
1730 1374
1731 1865
1732 349
1733 868
1734 635
1735 2170
1736 216
1737 1783
1738 2033
1739 222
1740 422
1741 2167
1742 56
1743 1400
1744 1479
1745 816
1746 341
1747 1095
1748 2216
1749 994
1750 54
1751 307
1752 570
1753 347
1754 395
1755 333
1756 91
1757 1712
1758 2214
1759 2188
1760 1891
1761 698
1762 1221
1763 1537
1764 377
1765 1077
1766 1668
1767 1946
1768 1243
1769 696
1770 334
1771 739
1772 1942
1773 175
1774 2052
1775 2093
1776 1055
1777 1887
1778 2071
1779 850
1780 42
1781 205
1782 1176
1783 770
1784 1708
1785 897
1786 2194
1787 1173
1788 477
1789 965
1790 657
1791 1297
1792 1347
1793 2173
1794 361
1795 1101
1796 837
1797 472
1798 1814
1799 1304
1800 1973
1801 1307
1802 2201
1803 493
1804 751
1805 1676
1806 2166
1807 653
1808 1191
1809 840
1810 1078
1811 1345
1812 0
1813 1531
1814 442
1815 187
1816 335
1817 1604
1818 1682
1819 1373
1820 51
1821 1665
1822 380
1823 615
1824 1359
1825 795
1826 2224
1827 872
1828 968
1829 2015
1830 1519
1831 569
1832 1936
1833 564
1834 216
1835 1713
1836 1636
1837 1765
1838 1457
1839 1926
1840 963
1841 1205
1842 252
1843 683
1844 729
1845 665
1846 693
1847 2086
1848 1384
1849 581
1850 1055
1851 266
1852 6
1853 1640
1854 679
1855 754
1856 1024
1857 2201
1858 1192
1859 1586
1860 189
1861 1296
1862 1357
1863 1125
1864 522
1865 404
1866 804
1867 263
1868 204
1869 932
1870 1012
1871 482
1872 1079
1873 1243
1874 1399
1875 629
1876 168
1877 1908
1878 1733
1879 1158
1880 1312
1881 888
1882 545
1883 27
1884 1613
1885 308
1886 1406
1887 1940
1888 1933
1889 743
1890 1261
1891 1896
1892 1037
1893 1725
1894 1297
1895 284
1896 1372
1897 243
1898 1271
1899 760
1900 492
1901 1419
1902 1296
1903 843
1904 141
1905 262
1906 1375
1907 1875
1908 598
1909 1504
1910 428
1911 1487
1912 1914
1913 562
1914 1025
1915 1787
1916 2130
1917 378
1918 2102
1919 1002
1920 15
1921 854
1922 976
1923 964
1924 1030
1925 500
1926 1855
1927 1908
1928 61
1929 653
1930 1012
1931 692
1932 267
1933 925
1934 2115
1935 1257
1936 1359
1937 1468
1938 1610
1939 1793
1940 602
1941 1843
1942 1988
1943 1722
1944 581
1945 1407
1946 2103
1947 101
1948 1547
1949 1061
1950 1823
1951 1431
1952 1991
1953 347
1954 2011
1955 903
1956 1304
1957 419
1958 2175
1959 1203
1960 1825
1961 1967
1962 1484
1963 1796
1964 1141
1965 313
1966 2111
1967 1684
1968 1750
1969 947
1970 229
1971 213
1972 2160
1973 1697
1974 636
1975 1903
1976 780
1977 1549
1978 1265
1979 2216
1980 816
1981 1632
1982 677
1983 1643
1984 1211
1985 2111
1986 1247
1987 1471
1988 1504
1989 946
1990 165
1991 1894
1992 2022
1993 1921
1994 1877
1995 699
1996 1146
1997 1679
1998 137
1999 1013
2000 1191
2001 781
2002 138
2003 1687
2004 501
2005 813
2006 1595
2007 1569
2008 2090
2009 245
2010 44
2011 894
2012 2069
2013 783
2014 1249
2015 1880
2016 1584
2017 706
2018 1072
2019 706
2020 1550
2021 1922
2022 1418
2023 925
2024 1839
2025 1463
2026 1322
2027 295
2028 385
2029 1466
2030 1165
2031 947
2032 48
2033 317
2034 174
2035 1700
2036 1802
2037 1369
2038 1671
2039 1072
2040 519
2041 2153
2042 169
2043 261
2044 166
2045 1988
2046 2153
2047 1973
2048 531
2049 979
2050 1798
2051 2022
2052 1101
2053 1003
2054 457
2055 233
2056 511
2057 1133
2058 1105
2059 1973
2060 496
2061 1712
2062 108
2063 178
2064 964
2065 147
2066 415
2067 1537
2068 1959
2069 1503
2070 1682
2071 1975
2072 213
2073 599
2074 1581
2075 533
2076 1241
2077 371
2078 1000
2079 730
2080 673
2081 87
2082 398
2083 247
2084 1546
2085 1855
2086 1302
2087 1623
2088 1160
2089 1659
2090 2199
2091 1686
2092 985
2093 72
2094 1859
2095 1547
2096 698
2097 1341
2098 48
2099 1768
2100 2178
2101 563
2102 1807
2103 1194
2104 500
2105 1813
2106 1402
2107 216
2108 809
2109 732
2110 1608
2111 1614
2112 766
2113 847
2114 414
2115 847
2116 1624
2117 1276
2118 2141
2119 913
2120 2108
2121 356
2122 1910
2123 743
2124 931
2125 1607
2126 878
2127 115
2128 138
2129 210
2130 1616
2131 1712
2132 1743
2133 1703
2134 764
2135 146
2136 1530
2137 1301
2138 1824
2139 591
2140 2005
2141 1916
2142 1881
2143 263
2144 1101
2145 1570
2146 1702
2147 1088
2148 779
2149 347
2150 1979
2151 1723
2152 695
2153 722
2154 1037
2155 1523
2156 279
2157 1505
2158 2135
2159 299
2160 1415
2161 1587
2162 2200
2163 196
2164 511
2165 306
2166 1300
2167 976
2168 523
2169 1263
2170 713
2171 1294
2172 2167
2173 714
2174 973
2175 537
2176 369
2177 1125
2178 1017
2179 864
2180 2199
2181 1243
2182 99
2183 803
2184 1954
2185 58
2186 1173
2187 1318
2188 1324
2189 1006
2190 1908
2191 429
2192 1574
2193 740
2194 674
2195 514
2196 1061
2197 1832
2198 53
2199 993
2200 982
2201 100
2202 1473
2203 458
2204 1493
2205 1061
2206 436
2207 1716
2208 855
2209 1950
2210 1522
2211 865
2212 1072
2213 1235
2214 474
2215 683
2216 1964
2217 1524
2218 1227
2219 120
2220 1065
2221 78
2222 515
2223 283
2224 583
