0 523
1 205
2 740
3 415
4 240
5 401
6 99
7 16
8 834
9 501
10 958
11 136
12 954
13 690
14 185
15 41
16 1089
17 658
18 401
19 190
20 810
21 1124
22 441
23 1054
24 580
25 578
26 827
27 702
28 661
29 172
30 345
31 1077
32 400
33 1059
34 464
35 731
36 413
37 467
38 828
39 126
40 933
41 136
42 499
43 627
44 1022
45 17
46 58
47 86
48 1049
49 1075
50 342
51 486
52 929
53 415
54 118
55 762
56 729
57 873
58 929
59 373
60 486
61 172
62 379
63 261
64 497
65 579
66 721
67 46
68 689
69 379
70 701
71 421
72 14
73 929
74 255
75 76
76 1061
77 1067
78 822
79 436
80 583
81 826
82 904
83 493
84 34
85 377
86 912
87 261
88 54
89 971
90 893
91 943
92 420
93 1119
94 261
95 418
96 919
97 234
98 486
99 511
100 850
101 79
102 520
103 828
104 250
105 563
106 201
107 25
108 434
109 791
110 1059
111 1137
112 1070
113 469
114 733
115 226
116 111
117 814
118 563
119 552
120 824
121 936
122 350
123 433
124 1136
125 443
126 272
127 1048
128 432
129 216
130 269
131 116
132 270
133 343
134 411
135 839
136 855
137 201
138 336
139 325
140 831
141 77
142 520
143 280
144 132
145 560
146 990
147 80
148 1053
149 841
150 261
151 369
152 398
153 1025
154 37
155 423
156 188
157 615
158 1137
159 606
160 374
161 343
162 398
163 830
164 925
165 437
166 34
167 695
168 584
169 773
170 880
171 300
172 273
173 610
174 78
175 327
176 427
177 157
178 444
179 268
180 35
181 641
182 613
183 953
184 782
185 541
186 1043
187 402
188 865
189 170
190 37
191 292
192 558
193 802
194 210
195 101
196 1085
197 1138
198 718
199 51
200 451
201 210
202 155
203 390
204 931
205 579
206 991
207 501
208 714
209 830
210 997
211 236
212 534
213 522
214 458
215 267
216 1144
217 245
218 1036
219 992
220 1128
221 293
222 545
223 834
224 1093
225 769
226 279
227 623
228 482
229 685
230 416
231 45
232 621
233 142
234 369
235 726
236 993
237 653
238 837
239 649
240 885
241 419
242 712
243 446
244 1036
245 398
246 252
247 649
248 376
249 645
250 690
251 220
252 31
253 433
254 983
255 195
256 282
257 1068
258 714
259 463
260 563
261 367
262 969
263 527
264 1121
265 1038
266 794
267 691
268 979
269 687
270 427
271 190
272 581
273 724
274 342
275 183
276 437
277 769
278 720
279 357
280 32
281 1138
282 74
283 1050
284 877
285 558
286 952
287 329
288 775
289 630
290 896
291 285
292 35
293 70
294 232
295 1131
296 2
297 812
298 768
299 391
300 980
301 211
302 970
303 623
304 875
305 456
306 995
307 1129
308 844
309 227
310 377
311 973
312 808
313 221
314 1143
315 922
316 700
317 436
318 1019
319 172
320 277
321 701
322 595
323 172
324 602
325 206
326 577
327 833
328 23
329 598
330 948
331 471
332 70
333 852
334 1016
335 985
336 683
337 720
338 315
339 426
340 515
341 1096
342 1028
343 1037
344 970
345 436
346 993
347 491
348 151
349 976
350 616
351 1010
352 1142
353 879
354 691
355 861
356 164
357 183
358 644
359 663
360 324
361 539
362 952
363 1023
364 324
365 274
366 698
367 867
368 1068
369 1016
370 896
371 705
372 247
373 346
374 337
375 115
376 417
377 2
378 752
379 334
380 440
381 179
382 726
383 1028
384 244
385 556
386 1006
387 432
388 625
389 664
390 147
391 42
392 342
393 574
394 1128
395 123
396 1085
397 522
398 644
399 893
400 371
401 901
402 985
403 663
404 618
405 1052
406 199
407 156
408 925
409 1044
410 150
411 1087
412 310
413 669
414 572
415 201
416 723
417 548
418 740
419 114
420 783
421 771
422 668
423 840
424 1000
425 711
426 1009
427 637
428 317
429 575
430 263
431 1112
432 668
433 479
434 955
435 207
436 429
437 27
438 918
439 232
440 120
441 508
442 37
443 456
444 830
445 43
446 777
447 261
448 628
449 841
450 973
451 994
452 337
453 910
454 99
455 744
456 781
457 972
458 140
459 716
460 670
461 305
462 756
463 353
464 329
465 18
466 552
467 622
468 160
469 835
470 677
471 95
472 784
473 758
474 218
475 181
476 623
477 158
478 579
479 278
480 618
481 1051
482 947
483 907
484 286
485 286
486 1036
487 1031
488 675
489 887
490 341
491 978
492 838
493 716
494 818
495 313
496 485
497 306
498 669
499 1098
500 323
501 328
502 1059
503 72
504 1022
505 581
506 371
507 414
508 647
509 621
510 40
511 1025
512 1037
513 379
514 418
515 44
516 552
517 1068
518 534
519 541
520 918
521 932
522 1123
523 1108
524 1126
525 580
526 213
527 750
528 797
529 297
530 523
531 766
532 278
533 28
534 450
535 53
536 971
537 247
538 679
539 438
540 714
541 217
542 646
543 247
544 1044
545 485
546 1028
547 333
548 1006
549 441
550 599
551 678
552 735
553 892
554 695
555 693
556 520
557 438
558 622
559 85
560 105
561 356
562 164
563 1085
564 1112
565 406
566 1032
567 443
568 954
569 725
570 766
571 283
572 346
573 254
574 646
575 1064
576 42
577 497
578 461
579 427
580 5
581 357
582 162
583 276
584 447
585 457
586 137
587 795
588 1114
589 1095
590 616
591 161
592 489
593 431
594 296
595 787
596 228
597 73
598 61
599 1096
600 1017
601 262
602 145
603 730
604 369
605 21
606 60
607 175
608 485
609 297
610 1001
611 291
612 725
613 481
614 801
615 504
616 753
617 839
618 576
619 912
620 1067
621 608
622 902
623 716
624 316
625 1079
626 322
627 1073
628 16
629 782
630 62
631 816
632 1068
633 940
634 1000
635 635
636 489
637 1027
638 219
639 130
640 804
641 646
642 886
643 1074
644 133
645 13
646 962
647 869
648 59
649 132
650 858
651 112
652 880
653 722
654 43
655 624
656 869
657 616
658 218
659 101
660 512
661 138
662 1014
663 58
664 1026
665 750
666 731
667 883
668 276
669 137
670 154
671 864
672 286
673 610
674 320
675 340
676 837
677 442
678 492
679 1096
680 434
681 179
682 141
683 398
684 951
685 941
686 321
687 546
688 1060
689 865
690 546
691 87
692 582
693 59
694 1137
695 501
696 771
697 765
698 1049
699 195
700 738
701 26
702 162
703 644
704 890
705 1014
706 364
707 819
708 119
709 743
710 318
711 615
712 1069
713 1099
714 123
715 221
716 987
717 169
718 450
719 213
720 774
721 1003
722 367
723 734
724 848
725 953
726 544
727 888
728 1108
729 987
730 959
731 601
732 424
733 858
734 108
735 649
736 13
737 568
738 780
739 527
740 332
741 780
742 1066
743 284
744 506
745 609
746 253
747 316
748 215
749 191
750 508
751 642
752 613
753 701
754 1109
755 287
756 544
757 588
758 274
759 829
760 746
761 807
762 522
763 406
764 622
765 304
766 377
767 922
768 1102
769 834
770 202
771 941
772 956
773 968
774 142
775 547
776 928
777 837
778 124
779 1011
780 474
781 1123
782 416
783 290
784 442
785 63
786 467
787 1035
788 184
789 20
790 419
791 45
792 14
793 781
794 197
795 919
796 505
797 1072
798 944
799 586
800 109
801 821
802 1055
803 879
804 1082
805 970
806 212
807 136
808 882
809 251
810 941
811 527
812 1117
813 357
814 558
815 1144
816 139
817 822
818 157
819 532
820 367
821 297
822 272
823 1066
824 942
825 952
826 1130
827 1126
828 1011
829 619
830 1050
831 684
832 864
833 301
834 979
835 651
836 733
837 254
838 1114
839 638
840 675
841 329
842 529
843 907
844 336
845 475
846 362
847 755
848 843
849 329
850 991
851 983
852 698
853 655
854 708
855 475
856 1121
857 715
858 438
859 524
860 728
861 269
862 873
863 741
864 584
865 500
866 414
867 161
868 984
869 394
870 718
871 1024
872 736
873 693
874 46
875 548
876 701
877 570
878 494
879 479
880 21
881 213
882 596
883 223
884 720
885 312
886 334
887 310
888 840
889 373
890 233
891 1126
892 1102
893 830
894 457
895 629
896 5
897 698
898 567
899 70
900 318
901 398
902 572
903 1122
904 352
905 818
906 111
907 112
908 398
909 672
910 393
911 281
912 16
913 427
914 927
915 1008
916 942
917 481
918 923
919 145
920 656
921 284
922 124
923 838
924 443
925 373
926 249
927 586
928 792
929 1020
930 146
931 132
932 436
933 866
934 466
935 797
936 430
937 771
938 466
939 224
940 682
941 49
942 860
943 18
944 1056
945 236
946 1138
947 481
948 936
949 998
950 62
951 956
952 854
953 495
954 817
955 225
956 873
957 459
958 509
959 512
960 1047
961 16
962 1061
963 108
964 1014
965 807
966 601
967 274
968 221
969 626
970 947
971 156
972 767
973 32
974 192
975 409
976 576
977 992
978 846
979 1092
980 370
981 805
982 818
983 44
984 712
985 977
986 195
987 876
988 658
989 169
990 686
991 373
992 573
993 238
994 813
995 78
996 225
997 1013
998 666
999 591
1000 1035
1001 1094
1002 930
1003 380
1004 114
1005 12
1006 969
1007 392
1008 1144
1009 704
1010 597
1011 603
1012 728
1013 1112
1014 849
1015 1143
1016 1112
1017 364
1018 121
1019 772
1020 1014
1021 860
1022 266
1023 614
1024 606
1025 382
1026 878
1027 200
1028 331
1029 93
1030 705
1031 88
1032 915
1033 337
1034 898
1035 362
1036 216
1037 383
1038 564
1039 743
1040 671
1041 258
1042 682
1043 629
1044 676
1045 364
1046 715
1047 616
1048 901
1049 206
1050 987
1051 684
1052 461
1053 706
1054 1116
1055 165
1056 937
1057 847
1058 650
1059 877
1060 812
1061 864
1062 153
1063 486
1064 707
1065 774
1066 683
1067 160
1068 187
1069 250
1070 709
1071 316
1072 275
1073 1024
1074 14
1075 402
1076 505
1077 605
1078 502
1079 748
1080 1091
1081 411
1082 294
1083 1108
1084 523
1085 38
1086 813
1087 652
1088 293
1089 559
1090 63
1091 106
1092 136
1093 98
1094 852
1095 412
1096 497
1097 422
1098 152
1099 198
1100 345
1101 999
1102 81
1103 3
1104 4
1105 693
1106 976
1107 226
1108 1143
1109 170
1110 869
1111 415
1112 1112
1113 51
1114 898
1115 357
1116 787
1117 1086
1118 49
1119 664
1120 438
1121 731
1122 197
1123 828
1124 580
1125 649
1126 465
1127 501
1128 486
1129 146
1130 695
1131 35
1132 949
1133 296
1134 323
1135 696
1136 61
1137 585
1138 13
1139 515
1140 1013
1141 729
1142 940
1143 517
1144 303
1145 789
0 576
1 873
2 370
3 415
4 846
5 479
6 99
7 16
8 344
9 501
10 958
11 1099
12 1007
13 728
14 945
15 188
16 1089
17 658
18 401
19 633
20 810
21 1124
22 143
23 183
24 495
25 961
26 827
27 277
28 419
29 1031
30 718
31 980
32 204
33 1059
34 464
35 731
36 1036
37 467
38 83
39 126
40 933
41 861
42 261
43 627
44 304
45 104
46 58
47 221
48 166
49 1075
50 342
51 412
52 504
53 366
54 118
55 56
56 729
57 376
58 130
59 373
60 851
61 265
62 379
63 394
64 313
65 579
66 65
67 204
68 689
69 379
70 129
71 874
72 1086
73 929
74 255
75 1099
76 36
77 1067
78 880
79 328
80 583
81 52
82 1118
83 493
84 34
85 1129
86 129
87 261
88 118
89 971
90 970
91 943
92 444
93 611
94 397
95 184
96 1067
97 1127
98 486
99 1041
100 850
101 79
102 520
103 828
104 448
105 304
106 464
107 104
108 397
109 812
110 1059
111 427
112 1028
113 583
114 733
115 226
116 429
117 86
118 726
119 811
120 824
121 331
122 565
123 880
124 788
125 496
126 774
127 1048
128 4
129 869
130 269
131 590
132 890
133 343
134 1033
135 839
136 855
137 783
138 158
139 201
140 831
141 77
142 246
143 265
144 774
145 388
146 990
147 80
148 277
149 841
150 261
151 369
152 398
153 1032
154 37
155 423
156 492
157 1035
158 1137
159 75
160 112
161 343
162 398
163 653
164 835
165 625
166 1116
167 221
168 734
169 245
170 475
171 300
172 937
173 685
174 990
175 327
176 641
177 503
178 442
179 268
180 943
181 937
182 1052
183 970
184 432
185 960
186 435
187 1004
188 876
189 1113
190 37
191 627
192 236
193 802
194 183
195 288
196 13
197 845
198 718
199 1104
200 451
201 564
202 652
203 752
204 931
205 579
206 591
207 136
208 512
209 830
210 997
211 236
212 534
213 522
214 458
215 229
216 1144
217 245
218 1036
219 507
220 966
221 293
222 405
223 73
224 1093
225 769
226 876
227 623
228 418
229 951
230 1058
231 45
232 621
233 253
234 369
235 726
236 112
237 47
238 837
239 1079
240 532
241 419
242 884
243 446
244 358
245 27
246 252
247 649
248 376
249 645
250 690
251 80
252 31
253 433
254 983
255 361
256 282
257 129
258 166
259 985
260 965
261 913
262 660
263 527
264 5
265 310
266 794
267 691
268 836
269 687
270 1104
271 190
272 68
273 127
274 342
275 183
276 341
277 769
278 399
279 1003
280 897
281 1138
282 22
283 212
284 877
285 558
286 450
287 1034
288 775
289 630
290 234
291 285
292 35
293 256
294 449
295 1131
296 2
297 203
298 768
299 391
300 1025
301 211
302 284
303 623
304 875
305 306
306 1078
307 252
308 348
309 227
310 377
311 1043
312 596
313 917
314 876
315 922
316 700
317 724
318 190
319 172
320 522
321 701
322 595
323 172
324 602
325 46
326 577
327 833
328 1130
329 119
330 519
331 146
332 70
333 584
334 751
335 985
336 1001
337 43
338 315
339 426
340 515
341 364
342 796
343 1037
344 601
345 1009
346 240
347 456
348 966
349 976
350 23
351 633
352 988
353 79
354 805
355 861
356 31
357 456
358 1036
359 663
360 324
361 539
362 1101
363 1032
364 121
365 274
366 698
367 376
368 1068
369 522
370 464
371 977
372 1048
373 346
374 199
375 1124
376 417
377 2
378 84
379 334
380 14
381 179
382 606
383 1028
384 244
385 556
386 1006
387 947
388 1110
389 39
390 147
391 609
392 231
393 574
394 1128
395 176
396 838
397 522
398 340
399 893
400 388
401 670
402 12
403 663
404 618
405 1052
406 150
407 156
408 1079
409 1044
410 513
411 260
412 760
413 804
414 572
415 613
416 392
417 442
418 883
419 114
420 949
421 106
422 668
423 565
424 1000
425 468
426 818
427 504
428 317
429 970
430 263
431 1112
432 668
433 479
434 955
435 207
436 83
437 121
438 785
439 232
440 725
441 508
442 814
443 456
444 490
445 43
446 777
447 898
448 449
449 15
450 296
451 812
452 807
453 960
454 99
455 450
456 568
457 972
458 140
459 860
460 670
461 459
462 928
463 353
464 329
465 18
466 552
467 1051
468 160
469 1040
470 218
471 95
472 1093
473 49
474 218
475 181
476 603
477 158
478 41
479 273
480 618
481 1051
482 947
483 780
484 1039
485 286
486 1036
487 77
488 33
489 491
490 341
491 978
492 838
493 253
494 196
495 313
496 1084
497 306
498 220
499 1098
500 567
501 328
502 1059
503 495
504 1022
505 581
506 371
507 625
508 647
509 882
510 957
511 66
512 86
513 79
514 1101
515 771
516 23
517 405
518 50
519 541
520 918
521 932
522 491
523 1108
524 1126
525 580
526 213
527 627
528 203
529 427
530 150
531 204
532 278
533 141
534 450
535 53
536 971
537 497
538 913
539 438
540 714
541 217
542 638
543 780
544 118
545 394
546 692
547 333
548 124
549 441
550 599
551 678
552 1049
553 857
554 695
555 693
556 1045
557 534
558 222
559 85
560 413
561 356
562 950
563 1089
564 1112
565 136
566 1032
567 133
568 443
569 725
570 766
571 283
572 699
573 938
574 909
575 1064
576 312
577 497
578 461
579 331
580 5
581 1054
582 162
583 276
584 447
585 1007
586 137
587 943
588 226
589 712
590 616
591 947
592 63
593 411
594 296
595 787
596 127
597 696
598 61
599 1096
600 1017
601 262
602 145
603 176
604 901
605 243
606 60
607 166
608 424
609 297
610 350
611 291
612 584
613 1031
614 593
615 81
616 1056
617 1004
618 576
619 912
620 804
621 285
622 905
623 716
624 316
625 1041
626 494
627 1097
628 16
629 367
630 1032
631 816
632 904
633 1125
634 1000
635 71
636 613
637 584
638 750
639 742
640 804
641 646
642 193
643 866
644 973
645 440
646 962
647 1013
648 59
649 132
650 290
651 112
652 826
653 107
654 1046
655 752
656 869
657 319
658 547
659 262
660 227
661 422
662 364
663 902
664 1020
665 47
666 970
667 1083
668 892
669 137
670 154
671 864
672 180
673 891
674 943
675 1094
676 294
677 442
678 585
679 990
680 247
681 447
682 141
683 398
684 951
685 941
686 388
687 922
688 1060
689 865
690 546
691 87
692 1045
693 789
694 923
695 578
696 188
697 765
698 660
699 95
700 738
701 26
702 608
703 644
704 775
705 1014
706 364
707 819
708 105
709 428
710 318
711 635
712 1069
713 1099
714 128
715 221
716 961
717 766
718 450
719 213
720 774
721 1003
722 890
723 734
724 848
725 953
726 398
727 888
728 661
729 1064
730 959
731 519
732 424
733 858
734 860
735 649
736 809
737 568
738 851
739 1077
740 813
741 534
742 161
743 1004
744 60
745 609
746 675
747 316
748 215
749 191
750 619
751 56
752 312
753 724
754 1109
755 1127
756 544
757 588
758 274
759 829
760 746
761 807
762 979
763 284
764 326
765 424
766 1139
767 922
768 751
769 1109
770 202
771 876
772 546
773 70
774 286
775 732
776 928
777 837
778 769
779 1011
780 492
781 549
782 416
783 688
784 841
785 63
786 348
787 179
788 184
789 20
790 419
791 48
792 274
793 33
794 197
795 671
796 21
797 502
798 944
799 963
800 109
801 455
802 232
803 879
804 1082
805 970
806 212
807 136
808 627
809 961
810 941
811 383
812 27
813 357
814 568
815 27
816 957
817 1089
818 1131
819 577
820 902
821 573
822 272
823 130
824 331
825 445
826 504
827 376
828 770
829 619
830 1050
831 774
832 864
833 1070
834 979
835 446
836 108
837 254
838 975
839 197
840 64
841 1029
842 380
843 804
844 1061
845 915
846 923
847 127
848 53
849 553
850 976
851 983
852 698
853 655
854 1030
855 99
856 1121
857 715
858 554
859 576
860 728
861 433
862 276
863 919
864 172
865 500
866 468
867 161
868 902
869 925
870 495
871 760
872 736
873 589
874 103
875 821
876 701
877 570
878 317
879 479
880 1018
881 486
882 563
883 252
884 175
885 1097
886 432
887 78
888 189
889 373
890 570
891 711
892 807
893 133
894 814
895 53
896 5
897 849
898 567
899 70
900 353
901 993
902 572
903 1122
904 1143
905 818
906 861
907 542
908 729
909 824
910 17
911 281
912 472
913 175
914 537
915 458
916 820
917 342
918 680
919 145
920 435
921 1093
922 650
923 540
924 219
925 534
926 1129
927 586
928 792
929 1020
930 660
931 861
932 519
933 866
934 311
935 797
936 942
937 771
938 466
939 182
940 1130
941 293
942 1133
943 18
944 726
945 236
946 320
947 1122
948 936
949 279
950 714
951 956
952 490
953 495
954 817
955 917
956 787
957 201
958 792
959 60
960 1047
961 276
962 476
963 1091
964 1014
965 737
966 161
967 550
968 221
969 626
970 453
971 156
972 767
973 42
974 526
975 409
976 576
977 784
978 930
979 93
980 1068
981 805
982 348
983 383
984 712
985 977
986 98
987 876
988 952
989 169
990 846
991 373
992 573
993 505
994 813
995 194
996 438
997 1013
998 234
999 857
1000 1035
1001 1094
1002 930
1003 380
1004 114
1005 982
1006 969
1007 1044
1008 133
1009 704
1010 597
1011 740
1012 127
1013 174
1014 271
1015 1143
1016 1112
1017 511
1018 121
1019 634
1020 1014
1021 860
1022 175
1023 614
1024 606
1025 382
1026 850
1027 460
1028 134
1029 93
1030 664
1031 774
1032 915
1033 337
1034 898
1035 86
1036 216
1037 296
1038 914
1039 196
1040 671
1041 863
1042 311
1043 629
1044 676
1045 364
1046 318
1047 300
1048 901
1049 953
1050 987
1051 614
1052 1100
1053 377
1054 1116
1055 165
1056 3
1057 847
1058 434
1059 14
1060 812
1061 864
1062 153
1063 486
1064 707
1065 216
1066 987
1067 526
1068 5
1069 250
1070 30
1071 316
1072 752
1073 663
1074 14
1075 226
1076 505
1077 493
1078 243
1079 748
1080 320
1081 411
1082 294
1083 42
1084 277
1085 558
1086 813
1087 652
1088 1112
1089 559
1090 139
1091 106
1092 136
1093 98
1094 843
1095 196
1096 270
1097 63
1098 152
1099 198
1100 345
1101 1067
1102 212
1103 3
1104 808
1105 504
1106 976
1107 951
1108 1143
1109 170
1110 869
1111 750
1112 1112
1113 1055
1114 898
1115 943
1116 857
1117 65
1118 49
1119 664
1120 438
1121 731
1122 952
1123 828
1124 580
1125 649
1126 255
1127 501
1128 1012
1129 875
1130 25
1131 35
1132 915
1133 785
1134 582
1135 867
1136 61
1137 1028
1138 96
1139 342
1140 1023
1141 626
1142 596
1143 980
1144 303
1145 789
