0 232
1 27
2 268
3 20
4 594
5 902
6 183
7 1098
8 881
9 389
10 700
11 1039
12 1058
13 622
14 354
15 278
16 813
17 568
18 44
19 237
20 827
21 1133
22 1086
23 768
24 613
25 166
26 670
27 867
28 246
29 882
30 1092
31 710
32 206
33 1130
34 302
35 238
36 467
37 1081
38 546
39 686
40 558
41 561
42 792
43 884
44 420
45 265
46 740
47 985
48 530
49 350
50 868
51 748
52 8
53 1131
54 15
55 697
56 753
57 936
58 929
59 759
60 73
61 251
62 757
63 188
64 1031
65 85
66 774
67 157
68 1135
69 172
70 381
71 898
72 465
73 240
74 411
75 928
76 730
77 73
78 549
79 261
80 401
81 953
82 433
83 860
84 517
85 1091
86 1007
87 315
88 129
89 164
90 245
91 1092
92 482
93 659
94 869
95 653
96 903
97 210
98 799
99 566
100 56
101 572
102 524
103 465
104 649
105 644
106 729
107 960
108 730
109 692
110 708
111 192
112 462
113 13
114 408
115 460
116 864
117 1068
118 487
119 512
120 872
121 573
122 1021
123 172
124 686
125 472
126 126
127 248
128 425
129 970
130 733
131 741
132 339
133 615
134 530
135 1011
136 1095
137 1057
138 207
139 558
140 1071
141 865
142 313
143 378
144 429
145 387
146 461
147 578
148 879
149 293
150 1062
151 2
152 372
153 126
154 68
155 477
156 310
157 579
158 821
159 90
160 879
161 410
162 321
163 110
164 13
165 717
166 153
167 322
168 1034
169 594
170 819
171 506
172 67
173 247
174 886
175 561
176 904
177 799
178 1049
179 665
180 412
181 117
182 513
183 1035
184 424
185 291
186 884
187 370
188 652
189 335
190 178
191 462
192 1064
193 37
194 120
195 148
196 1086
197 99
198 663
199 430
200 9
201 226
202 318
203 474
204 805
205 42
206 295
207 175
208 761
209 789
210 315
211 675
212 609
213 879
214 801
215 969
216 1001
217 909
218 202
219 28
220 895
221 968
222 131
223 797
224 608
225 719
226 938
227 1050
228 557
229 1013
230 160
231 986
232 822
233 743
234 726
235 643
236 314
237 1083
238 319
239 437
240 1113
241 446
242 637
243 719
244 763
245 934
246 681
247 334
248 574
249 878
250 513
251 1024
252 731
253 30
254 93
255 280
256 1009
257 1100
258 18
259 250
260 1065
261 549
262 250
263 776
264 52
265 987
266 372
267 391
268 707
269 399
270 706
271 896
272 10
273 539
274 681
275 1
276 88
277 344
278 766
279 841
280 596
281 45
282 532
283 1115
284 261
285 78
286 449
287 406
288 680
289 367
290 1088
291 421
292 494
293 687
294 643
295 717
296 44
297 681
298 780
299 316
300 1133
301 814
302 429
303 275
304 318
305 494
306 33
307 554
308 251
309 855
310 536
311 0
312 452
313 162
314 685
315 115
316 159
317 637
318 252
319 1076
320 708
321 848
322 337
323 708
324 875
325 276
326 844
327 25
328 498
329 372
330 238
331 688
332 798
333 699
334 938
335 723
336 1039
337 944
338 979
339 242
340 52
341 734
342 656
343 509
344 844
345 662
346 909
347 319
348 116
349 238
350 152
351 491
352 58
353 1137
354 835
355 86
356 733
357 163
358 580
359 124
360 314
361 534
362 517
363 477
364 1052
365 686
366 1016
367 555
368 471
369 272
370 833
371 361
372 1135
373 658
374 544
375 290
376 731
377 311
378 166
379 809
380 504
381 603
382 210
383 246
384 313
385 236
386 641
387 184
388 464
389 979
390 195
391 477
392 475
393 1037
394 971
395 975
396 301
397 524
398 899
399 167
400 1032
401 879
402 316
403 269
404 493
405 15
406 137
407 1139
408 1135
409 203
410 1017
411 263
412 688
413 102
414 98
415 34
416 388
417 176
418 1118
419 671
420 673
421 872
422 174
423 34
424 96
425 312
426 714
427 854
428 1090
429 926
430 983
431 107
432 110
433 743
434 783
435 383
436 317
437 820
438 1140
439 183
440 579
441 320
442 587
443 303
444 612
445 62
446 98
447 446
448 368
449 981
450 497
451 438
452 614
453 32
454 98
455 435
456 460
457 840
458 915
459 139
460 738
461 477
462 289
463 353
464 678
465 286
466 921
467 735
468 162
469 1058
470 791
471 690
472 1053
473 543
474 524
475 76
476 210
477 398
478 81
479 95
480 1109
481 455
482 329
483 528
484 42
485 56
486 707
487 179
488 254
489 348
490 998
491 129
492 377
493 1057
494 808
495 871
496 655
497 157
498 729
499 1076
500 342
501 264
502 701
503 995
504 419
505 120
506 615
507 549
508 332
509 851
510 1136
511 572
512 411
513 559
514 986
515 178
516 704
517 1074
518 1067
519 727
520 646
521 237
522 713
523 858
524 60
525 845
526 942
527 562
528 63
529 821
530 914
531 327
532 864
533 427
534 977
535 1103
536 287
537 662
538 754
539 179
540 283
541 1031
542 279
543 254
544 1116
545 920
546 503
547 549
548 308
549 848
550 73
551 148
552 122
553 982
554 756
555 40
556 263
557 772
558 170
559 1104
560 1102
561 74
562 640
563 371
564 223
565 926
566 1111
567 797
568 795
569 184
570 389
571 576
572 85
573 146
574 761
575 616
576 351
577 161
578 416
579 239
580 165
581 882
582 774
583 34
584 184
585 534
586 790
587 665
588 1118
589 459
590 333
591 698
592 310
593 620
594 295
595 579
596 1051
597 166
598 572
599 738
600 716
601 927
602 317
603 665
604 664
605 539
606 626
607 821
608 622
609 446
610 114
611 141
612 1028
613 559
614 476
615 183
616 880
617 1065
618 816
619 687
620 304
621 374
622 57
623 887
624 428
625 1039
626 654
627 780
628 1
629 802
630 519
631 59
632 1052
633 808
634 228
635 950
636 237
637 301
638 48
639 1035
640 261
641 742
642 28
643 989
644 150
645 351
646 224
647 583
648 316
649 264
650 443
651 241
652 203
653 326
654 148
655 881
656 888
657 914
658 108
659 46
660 236
661 438
662 589
663 691
664 199
665 110
666 818
667 151
668 700
669 347
670 311
671 826
672 200
673 294
674 446
675 22
676 50
677 225
678 934
679 483
680 620
681 497
682 290
683 98
684 772
685 823
686 0
687 950
688 292
689 275
690 736
691 756
692 773
693 437
694 456
695 61
696 237
697 958
698 751
699 10
700 436
701 809
702 945
703 280
704 61
705 454
706 307
707 1076
708 558
709 1118
710 618
711 26
712 986
713 1061
714 244
715 1027
716 1092
717 1026
718 37
719 654
720 410
721 537
722 675
723 866
724 1140
725 878
726 498
727 1003
728 251
729 768
730 70
731 814
732 188
733 1068
734 386
735 471
736 894
737 802
738 143
739 39
740 504
741 551
742 715
743 1110
744 164
745 1145
746 162
747 452
748 113
749 768
750 917
751 1096
752 256
753 943
754 1145
755 427
756 536
757 262
758 271
759 1121
760 588
761 1133
762 647
763 714
764 734
765 260
766 380
767 1023
768 587
769 46
770 216
771 959
772 888
773 907
774 916
775 206
776 779
777 526
778 318
779 841
780 292
781 1066
782 310
783 164
784 304
785 184
786 1069
787 608
788 382
789 542
790 921
791 1063
792 734
793 941
794 105
795 344
796 575
797 744
798 204
799 512
800 250
801 34
802 99
803 789
804 260
805 513
806 309
807 973
808 564
809 218
810 539
811 324
812 961
813 168
814 832
815 653
816 555
817 1122
818 469
819 985
820 259
821 907
822 1076
823 1039
824 527
825 1099
826 291
827 562
828 761
829 95
830 643
831 636
832 282
833 540
834 920
835 902
836 737
837 941
838 380
839 1077
840 950
841 170
842 685
843 400
844 535
845 70
846 529
847 221
848 604
849 250
850 666
851 441
852 653
853 225
854 1035
855 470
856 703
857 619
858 1043
859 1110
860 806
861 228
862 784
863 444
864 759
865 3
866 880
867 871
868 1012
869 635
870 506
871 12
872 519
873 472
874 1111
875 186
876 971
877 682
878 220
879 889
880 246
881 720
882 233
883 877
884 759
885 577
886 575
887 784
888 695
889 947
890 1040
891 328
892 403
893 512
894 199
895 397
896 615
897 423
898 689
899 348
900 100
901 136
902 408
903 103
904 178
905 660
906 233
907 262
908 363
909 368
910 382
911 792
912 476
913 150
914 188
915 936
916 1044
917 798
918 451
919 1020
920 385
921 976
922 158
923 952
924 1100
925 1045
926 489
927 578
928 1141
929 209
930 820
931 407
932 1071
933 760
934 355
935 405
936 132
937 1088
938 1030
939 478
940 337
941 1046
942 695
943 781
944 909
945 313
946 703
947 1140
948 1028
949 858
950 881
951 199
952 419
953 487
954 25
955 1041
956 341
957 1121
958 413
959 28
960 582
961 491
962 594
963 91
964 460
965 684
966 225
967 1074
968 537
969 1123
970 494
971 46
972 863
973 467
974 317
975 1083
976 562
977 348
978 836
979 269
980 375
981 70
982 37
983 216
984 106
985 697
986 548
987 23
988 620
989 347
990 761
991 261
992 818
993 843
994 167
995 1072
996 513
997 836
998 508
999 1103
1000 806
1001 973
1002 974
1003 443
1004 691
1005 234
1006 774
1007 39
1008 449
1009 204
1010 960
1011 998
1012 865
1013 536
1014 98
1015 231
1016 817
1017 769
1018 570
1019 1055
1020 609
1021 1033
1022 115
1023 481
1024 490
1025 862
1026 193
1027 466
1028 25
1029 940
1030 1035
1031 355
1032 371
1033 702
1034 609
1035 572
1036 534
1037 2
1038 957
1039 773
1040 672
1041 331
1042 158
1043 513
1044 653
1045 505
1046 1120
1047 281
1048 846
1049 79
1050 718
1051 982
1052 229
1053 688
1054 1111
1055 559
1056 146
1057 234
1058 539
1059 223
1060 297
1061 1004
1062 192
1063 129
1064 1071
1065 893
1066 301
1067 521
1068 1136
1069 495
1070 187
1071 667
1072 58
1073 342
1074 1051
1075 204
1076 1107
1077 916
1078 23
1079 348
1080 647
1081 18
1082 387
1083 261
1084 695
1085 96
1086 556
1087 447
1088 545
1089 1121
1090 34
1091 719
1092 958
1093 1041
1094 331
1095 212
1096 1091
1097 475
1098 511
1099 319
1100 15
1101 647
1102 369
1103 443
1104 962
1105 741
1106 671
1107 312
1108 687
1109 148
1110 366
1111 725
1112 195
1113 429
1114 933
1115 40
1116 1037
1117 918
1118 62
1119 323
1120 118
1121 399
1122 4
1123 1029
1124 373
1125 977
1126 1074
1127 711
1128 886
1129 1027
1130 801
1131 1095
1132 1068
1133 579
1134 579
1135 611
1136 888
1137 98
1138 1098
1139 338
1140 181
1141 45
1142 298
1143 395
1144 551
1145 307
0 1080
1 853
2 975
3 876
4 1007
5 712
6 256
7 655
8 881
9 810
10 700
11 981
12 230
13 622
14 84
15 145
16 1095
17 739
18 780
19 397
20 262
21 1133
22 1086
23 768
24 613
25 1138
26 409
27 867
28 643
29 882
30 95
31 710
32 206
33 1130
34 302
35 238
36 552
37 876
38 1142
39 686
40 574
41 824
42 108
43 491
44 971
45 265
46 740
47 338
48 997
49 350
50 538
51 748
52 1134
53 1131
54 15
55 697
56 530
57 1018
58 929
59 587
60 73
61 467
62 369
63 359
64 1031
65 85
66 134
67 584
68 1089
69 590
70 381
71 1060
72 465
73 30
74 411
75 988
76 730
77 11
78 510
79 305
80 188
81 715
82 321
83 1094
84 131
85 80
86 1007
87 59
88 397
89 883
90 757
91 932
92 422
93 659
94 869
95 653
96 903
97 826
98 782
99 566
100 56
101 94
102 84
103 999
104 649
105 415
106 324
107 973
108 789
109 548
110 708
111 192
112 753
113 844
114 408
115 427
116 864
117 1068
118 623
119 512
120 872
121 684
122 550
123 1106
124 660
125 472
126 17
127 248
128 425
129 1053
130 603
131 741
132 108
133 578
134 530
135 1011
136 1095
137 293
138 177
139 558
140 6
141 1015
142 313
143 1121
144 161
145 982
146 106
147 475
148 337
149 427
150 1062
151 2
152 466
153 126
154 68
155 477
156 208
157 597
158 821
159 90
160 920
161 880
162 321
163 110
164 108
165 717
166 924
167 267
168 1034
169 595
170 958
171 506
172 67
173 673
174 378
175 867
176 491
177 24
178 1049
179 1072
180 822
181 831
182 801
183 1137
184 866
185 291
186 644
187 370
188 1075
189 335
190 348
191 664
192 1064
193 1019
194 120
195 769
196 949
197 99
198 846
199 417
200 557
201 960
202 267
203 474
204 311
205 42
206 156
207 175
208 1000
209 812
210 626
211 836
212 609
213 879
214 801
215 969
216 1001
217 909
218 92
219 129
220 875
221 1115
222 131
223 797
224 651
225 719
226 938
227 89
228 759
229 641
230 1053
231 1035
232 822
233 55
234 726
235 643
236 314
237 928
238 840
239 353
240 743
241 446
242 637
243 428
244 763
245 606
246 681
247 106
248 348
249 878
250 1139
251 707
252 606
253 30
254 623
255 835
256 356
257 1100
258 11
259 250
260 1065
261 549
262 678
263 776
264 800
265 61
266 170
267 761
268 697
269 922
270 706
271 1041
272 10
273 236
274 681
275 523
276 88
277 852
278 766
279 738
280 596
281 45
282 532
283 904
284 261
285 189
286 839
287 938
288 17
289 367
290 120
291 1037
292 235
293 726
294 643
295 443
296 44
297 960
298 780
299 626
300 1133
301 814
302 151
303 927
304 1137
305 110
306 33
307 786
308 251
309 1093
310 536
311 1145
312 139
313 162
314 161
315 115
316 159
317 193
318 1145
319 1076
320 748
321 822
322 265
323 367
324 875
325 276
326 844
327 25
328 58
329 984
330 445
331 100
332 798
333 699
334 938
335 99
336 304
337 364
338 518
339 720
340 448
341 804
342 100
343 509
344 844
345 662
346 909
347 1009
348 1033
349 981
350 232
351 1127
352 58
353 535
354 214
355 869
356 733
357 163
358 580
359 124
360 314
361 563
362 298
363 477
364 578
365 686
366 1016
367 710
368 471
369 677
370 444
371 361
372 314
373 658
374 76
375 290
376 731
377 500
378 116
379 132
380 504
381 739
382 834
383 246
384 614
385 443
386 641
387 184
388 847
389 1113
390 195
391 477
392 475
393 29
394 35
395 975
396 301
397 524
398 899
399 672
400 1032
401 601
402 1062
403 439
404 250
405 87
406 64
407 872
408 1135
409 203
410 95
411 263
412 688
413 318
414 98
415 34
416 388
417 176
418 1118
419 95
420 294
421 658
422 174
423 184
424 30
425 53
426 135
427 854
428 1090
429 926
430 983
431 1019
432 1112
433 743
434 783
435 455
436 577
437 820
438 1057
439 981
440 291
441 552
442 587
443 229
444 932
445 900
446 692
447 550
448 651
449 238
450 497
451 485
452 516
453 1008
454 98
455 979
456 1113
457 124
458 622
459 531
460 1112
461 276
462 718
463 604
464 678
465 286
466 32
467 346
468 646
469 234
470 791
471 529
472 1053
473 1074
474 333
475 217
476 210
477 471
478 995
479 95
480 1109
481 620
482 728
483 361
484 1086
485 56
486 707
487 222
488 185
489 69
490 998
491 129
492 938
493 1057
494 808
495 378
496 655
497 157
498 854
499 1076
500 527
501 829
502 963
503 819
504 374
505 120
506 850
507 549
508 332
509 851
510 1087
511 572
512 411
513 781
514 601
515 346
516 187
517 48
518 1067
519 527
520 1040
521 237
522 713
523 858
524 298
525 845
526 443
527 562
528 65
529 821
530 956
531 327
532 689
533 427
534 977
535 1103
536 287
537 662
538 1135
539 179
540 1042
541 535
542 64
543 678
544 826
545 481
546 1018
547 549
548 457
549 356
550 1031
551 668
552 389
553 438
554 756
555 40
556 976
557 413
558 960
559 1104
560 101
561 164
562 640
563 371
564 223
565 926
566 1111
567 866
568 994
569 71
570 389
571 576
572 85
573 741
574 403
575 490
576 351
577 121
578 1079
579 679
580 165
581 741
582 968
583 34
584 184
585 534
586 547
587 665
588 1118
589 458
590 967
591 448
592 958
593 620
594 739
595 579
596 1038
597 166
598 987
599 55
600 1032
601 927
602 305
603 665
604 664
605 539
606 626
607 821
608 933
609 446
610 4
611 141
612 1131
613 559
614 476
615 420
616 881
617 1065
618 643
619 687
620 160
621 374
622 538
623 195
624 428
625 984
626 654
627 780
628 1
629 752
630 519
631 173
632 955
633 643
634 228
635 950
636 237
637 216
638 1012
639 215
640 169
641 742
642 705
643 296
644 150
645 351
646 73
647 583
648 257
649 739
650 443
651 241
652 203
653 559
654 374
655 881
656 888
657 914
658 108
659 795
660 236
661 378
662 589
663 691
664 199
665 423
666 818
667 151
668 431
669 559
670 311
671 714
672 200
673 701
674 446
675 309
676 640
677 225
678 682
679 483
680 620
681 599
682 290
683 386
684 772
685 1115
686 0
687 950
688 1092
689 566
690 137
691 756
692 773
693 437
694 855
695 123
696 237
697 958
698 956
699 10
700 436
701 809
702 945
703 280
704 613
705 310
706 954
707 659
708 909
709 829
710 201
711 1
712 986
713 754
714 318
715 1027
716 345
717 1026
718 37
719 78
720 104
721 406
722 461
723 866
724 217
725 812
726 498
727 1003
728 687
729 768
730 282
731 814
732 541
733 1068
734 386
735 272
736 571
737 802
738 212
739 568
740 504
741 389
742 655
743 1110
744 510
745 1145
746 162
747 452
748 1087
749 707
750 917
751 1113
752 256
753 674
754 940
755 990
756 181
757 262
758 900
759 1121
760 639
761 1133
762 52
763 576
764 734
765 260
766 380
767 642
768 587
769 1036
770 527
771 959
772 943
773 907
774 458
775 206
776 902
777 966
778 1001
779 841
780 292
781 245
782 707
783 71
784 834
785 1030
786 269
787 593
788 212
789 170
790 496
791 682
792 734
793 941
794 105
795 991
796 1082
797 650
798 204
799 512
800 59
801 34
802 523
803 789
804 784
805 138
806 309
807 973
808 164
809 116
810 173
811 1074
812 1133
813 985
814 308
815 653
816 489
817 900
818 1011
819 985
820 502
821 907
822 574
823 1039
824 540
825 632
826 291
827 1116
828 202
829 550
830 236
831 610
832 814
833 209
834 1107
835 902
836 737
837 359
838 521
839 378
840 360
841 123
842 101
843 509
844 535
845 931
846 307
847 923
848 590
849 250
850 153
851 765
852 653
853 225
854 931
855 501
856 703
857 71
858 125
859 1110
860 806
861 1032
862 801
863 404
864 153
865 89
866 880
867 941
868 932
869 635
870 1012
871 12
872 519
873 717
874 676
875 186
876 356
877 682
878 220
879 889
880 309
881 720
882 538
883 877
884 759
885 1025
886 1003
887 1019
888 425
889 1064
890 73
891 240
892 867
893 317
894 93
895 843
896 943
897 142
898 689
899 943
900 125
901 953
902 408
903 103
904 330
905 745
906 233
907 393
908 512
909 533
910 21
911 28
912 476
913 527
914 412
915 1101
916 636
917 798
918 1074
919 1020
920 385
921 534
922 844
923 897
924 76
925 926
926 573
927 265
928 1141
929 771
930 948
931 759
932 1071
933 760
934 355
935 1120
936 704
937 525
938 506
939 478
940 148
941 1046
942 695
943 187
944 719
945 204
946 8
947 903
948 1028
949 858
950 881
951 795
952 1118
953 487
954 175
955 909
956 813
957 1121
958 413
959 28
960 45
961 491
962 166
963 530
964 919
965 156
966 445
967 730
968 537
969 599
970 1057
971 46
972 929
973 467
974 81
975 1083
976 472
977 898
978 836
979 269
980 670
981 430
982 414
983 216
984 1142
985 697
986 424
987 23
988 620
989 785
990 12
991 110
992 913
993 184
994 167
995 938
996 933
997 836
998 1031
999 1103
1000 994
1001 973
1002 863
1003 900
1004 691
1005 234
1006 774
1007 171
1008 1133
1009 178
1010 534
1011 998
1012 865
1013 856
1014 98
1015 192
1016 817
1017 769
1018 780
1019 1055
1020 609
1021 337
1022 399
1023 442
1024 490
1025 797
1026 988
1027 770
1028 1138
1029 1057
1030 1035
1031 110
1032 220
1033 847
1034 609
1035 572
1036 804
1037 136
1038 275
1039 773
1040 231
1041 331
1042 738
1043 513
1044 653
1045 461
1046 261
1047 156
1048 846
1049 79
1050 1143
1051 982
1052 229
1053 688
1054 778
1055 229
1056 241
1057 234
1058 382
1059 979
1060 1083
1061 271
1062 965
1063 489
1064 844
1065 893
1066 301
1067 496
1068 1115
1069 711
1070 807
1071 163
1072 217
1073 321
1074 90
1075 184
1076 1107
1077 727
1078 23
1079 709
1080 647
1081 419
1082 667
1083 592
1084 158
1085 96
1086 264
1087 447
1088 1017
1089 207
1090 34
1091 719
1092 348
1093 154
1094 627
1095 67
1096 1091
1097 519
1098 511
1099 136
1100 15
1101 469
1102 369
1103 443
1104 1133
1105 658
1106 671
1107 197
1108 687
1109 148
1110 83
1111 725
1112 1055
1113 429
1114 296
1115 40
1116 1037
1117 374
1118 62
1119 823
1120 118
1121 673
1122 103
1123 239
1124 373
1125 325
1126 955
1127 1088
1128 19
1129 1027
1130 801
1131 1095
1132 412
1133 579
1134 794
1135 922
1136 888
1137 98
1138 1098
1139 942
1140 1010
1141 409
1142 195
1143 981
1144 551
1145 812
