0 28
1 761
2 498
3 160
4 91
5 74
6 581
7 86
8 356
9 566
10 481
11 588
12 677
13 234
14 732
15 797
16 755
17 976
18 82
19 790
20 820
21 891
22 540
23 899
24 813
25 624
26 946
27 276
28 117
29 431
30 132
31 398
32 872
33 343
34 575
35 638
36 388
37 132
38 454
39 32
40 851
41 910
42 39
43 508
44 248
45 861
46 168
47 71
48 735
49 932
50 926
51 692
52 291
53 1143
54 923
55 428
56 620
57 646
58 593
59 595
60 631
61 1062
62 543
63 425
64 321
65 1038
66 228
67 833
68 610
69 894
70 321
71 554
72 67
73 499
74 235
75 642
76 623
77 282
78 86
79 416
80 539
81 515
82 427
83 141
84 299
85 366
86 286
87 999
88 730
89 608
90 513
91 911
92 377
93 50
94 1076
95 253
96 77
97 676
98 655
99 1114
100 249
101 441
102 547
103 561
104 594
105 817
106 1117
107 865
108 558
109 237
110 1143
111 346
112 430
113 426
114 559
115 336
116 386
117 1114
118 841
119 66
120 354
121 709
122 498
123 185
124 371
125 871
126 340
127 961
128 70
129 515
130 121
131 849
132 811
133 253
134 209
135 466
136 671
137 640
138 312
139 385
140 888
141 588
142 871
143 524
144 1107
145 456
146 683
147 1038
148 1089
149 8
150 1078
151 653
152 727
153 452
154 407
155 192
156 749
157 306
158 289
159 496
160 121
161 223
162 292
163 500
164 685
165 294
166 197
167 226
168 249
169 582
170 1040
171 221
172 403
173 964
174 603
175 329
176 59
177 835
178 360
179 354
180 750
181 612
182 624
183 0
184 413
185 257
186 881
187 1142
188 1094
189 302
190 951
191 750
192 1090
193 654
194 958
195 67
196 595
197 507
198 1130
199 123
200 390
201 436
202 707
203 847
204 1081
205 544
206 912
207 129
208 20
209 631
210 667
211 444
212 47
213 1056
214 835
215 332
216 454
217 818
218 910
219 498
220 1038
221 960
222 342
223 597
224 300
225 827
226 558
227 868
228 636
229 236
230 184
231 188
232 526
233 867
234 763
235 368
236 37
237 800
238 864
239 724
240 515
241 801
242 753
243 905
244 56
245 310
246 1010
247 906
248 1024
249 178
250 264
251 1058
252 120
253 885
254 1144
255 167
256 959
257 89
258 910
259 754
260 597
261 372
262 874
263 186
264 812
265 584
266 82
267 437
268 205
269 867
270 35
271 913
272 361
273 933
274 1070
275 272
276 139
277 419
278 521
279 82
280 902
281 707
282 422
283 262
284 278
285 967
286 148
287 94
288 888
289 571
290 895
291 1087
292 673
293 899
294 190
295 798
296 1084
297 1008
298 506
299 533
300 799
301 67
302 145
303 756
304 432
305 937
306 970
307 268
308 652
309 849
310 278
311 1112
312 931
313 190
314 748
315 311
316 60
317 639
318 148
319 55
320 609
321 109
322 447
323 10
324 215
325 121
326 640
327 617
328 366
329 767
330 1028
331 36
332 728
333 472
334 602
335 735
336 55
337 1127
338 799
339 163
340 693
341 523
342 20
343 733
344 15
345 960
346 192
347 913
348 448
349 191
350 998
351 915
352 610
353 550
354 447
355 926
356 579
357 73
358 551
359 403
360 1021
361 13
362 61
363 1025
364 799
365 604
366 174
367 754
368 769
369 951
370 648
371 1008
372 943
373 926
374 208
375 441
376 1145
377 745
378 1113
379 402
380 937
381 959
382 1038
383 1014
384 729
385 1046
386 295
387 1090
388 432
389 347
390 583
391 842
392 328
393 598
394 81
395 444
396 1024
397 212
398 965
399 239
400 315
401 785
402 745
403 682
404 175
405 1112
406 1134
407 775
408 564
409 902
410 172
411 991
412 364
413 190
414 612
415 130
416 869
417 903
418 661
419 734
420 469
421 968
422 487
423 192
424 522
425 1128
426 470
427 335
428 377
429 951
430 841
431 364
432 490
433 780
434 700
435 95
436 1077
437 103
438 9
439 265
440 745
441 270
442 136
443 1145
444 685
445 402
446 170
447 803
448 122
449 590
450 665
451 637
452 365
453 694
454 163
455 199
456 817
457 7
458 733
459 647
460 482
461 679
462 1079
463 74
464 693
465 1103
466 62
467 464
468 55
469 157
470 1074
471 277
472 526
473 728
474 576
475 200
476 356
477 1062
478 994
479 383
480 127
481 1054
482 325
483 298
484 285
485 512
486 703
487 843
488 303
489 277
490 208
491 66
492 348
493 882
494 241
495 556
496 930
497 954
498 39
499 65
500 636
501 637
502 124
503 917
504 476
505 398
506 357
507 525
508 342
509 915
510 1107
511 778
512 1141
513 681
514 530
515 124
516 801
517 233
518 181
519 1137
520 213
521 496
522 201
523 31
524 68
525 912
526 87
527 756
528 736
529 706
530 581
531 689
532 647
533 967
534 1126
535 268
536 469
537 735
538 46
539 887
540 732
541 485
542 1075
543 713
544 79
545 501
546 565
547 671
548 303
549 69
550 218
551 114
552 195
553 942
554 1138
555 714
556 1143
557 548
558 291
559 1022
560 316
561 148
562 858
563 953
564 115
565 989
566 605
567 248
568 246
569 1011
570 901
571 416
572 455
573 660
574 767
575 1050
576 920
577 499
578 337
579 264
580 839
581 676
582 331
583 870
584 1145
585 161
586 479
587 7
588 496
589 1077
590 298
591 327
592 549
593 429
594 361
595 1017
596 112
597 646
598 644
599 1122
600 751
601 253
602 891
603 64
604 847
605 165
606 760
607 615
608 1051
609 1080
610 654
611 904
612 786
613 372
614 901
615 521
616 375
617 914
618 211
619 1140
620 599
621 60
622 706
623 838
624 791
625 99
626 772
627 1117
628 818
629 499
630 1143
631 35
632 683
633 590
634 769
635 716
636 657
637 55
638 865
639 541
640 392
641 421
642 490
643 793
644 1024
645 1058
646 123
647 169
648 989
649 52
650 1088
651 879
652 432
653 341
654 927
655 544
656 152
657 673
658 290
659 155
660 1050
661 918
662 547
663 295
664 394
665 3
666 124
667 789
668 76
669 829
670 246
671 778
672 997
673 689
674 1128
675 360
676 543
677 23
678 610
679 992
680 723
681 489
682 849
683 583
684 883
685 720
686 868
687 89
688 365
689 115
690 1118
691 357
692 1095
693 939
694 792
695 1044
696 946
697 483
698 735
699 220
700 743
701 1004
702 824
703 665
704 553
705 484
706 256
707 491
708 706
709 381
710 961
711 593
712 395
713 300
714 368
715 159
716 857
717 1139
718 760
719 231
720 152
721 1001
722 221
723 323
724 526
725 1114
726 295
727 682
728 178
729 447
730 487
731 666
732 329
733 798
734 188
735 821
736 1027
737 85
738 456
739 911
740 829
741 946
742 640
743 19
744 361
745 397
746 885
747 491
748 348
749 1002
750 200
751 367
752 326
753 639
754 1013
755 323
756 637
757 809
758 1079
759 832
760 590
761 307
762 736
763 670
764 150
765 269
766 1026
767 543
768 359
769 293
770 1065
771 969
772 7
773 938
774 953
775 274
776 755
777 895
778 998
779 789
780 337
781 456
782 733
783 822
784 539
785 488
786 932
787 227
788 1032
789 323
790 809
791 776
792 90
793 1011
794 615
795 49
796 984
797 769
798 771
799 1038
800 690
801 221
802 803
803 731
804 620
805 925
806 338
807 331
808 643
809 888
810 41
811 704
812 448
813 249
814 662
815 893
816 916
817 204
818 948
819 719
820 932
821 321
822 69
823 981
824 192
825 990
826 931
827 856
828 712
829 824
830 579
831 988
832 441
833 1034
834 714
835 668
836 876
837 382
838 133
839 1073
840 666
841 733
842 181
843 144
844 91
845 753
846 539
847 913
848 422
849 874
850 242
851 1121
852 179
853 26
854 92
855 755
856 894
857 136
858 231
859 855
860 708
861 306
862 1136
863 536
864 1001
865 379
866 169
867 137
868 632
869 763
870 967
871 131
872 668
873 1000
874 218
875 1077
876 1072
877 87
878 344
879 831
880 57
881 245
882 459
883 287
884 1056
885 198
886 844
887 1048
888 240
889 386
890 729
891 837
892 4
893 122
894 123
895 712
896 172
897 109
898 382
899 990
900 881
901 9
902 102
903 502
904 180
905 970
906 238
907 206
908 558
909 240
910 407
911 254
912 966
913 119
914 6
915 884
916 725
917 1021
918 16
919 1073
920 515
921 1136
922 867
923 863
924 796
925 990
926 347
927 932
928 870
929 912
930 813
931 911
932 58
933 659
934 164
935 31
936 729
937 395
938 1098
939 824
940 454
941 804
942 438
943 126
944 386
945 627
946 126
947 811
948 243
949 115
950 731
951 926
952 870
953 844
954 1011
955 1073
956 342
957 903
958 422
959 571
960 999
961 215
962 25
963 352
964 943
965 139
966 622
967 911
968 1086
969 103
970 341
971 181
972 893
973 218
974 155
975 939
976 862
977 719
978 660
979 601
980 759
981 475
982 673
983 916
984 959
985 328
986 330
987 214
988 751
989 74
990 167
991 523
992 625
993 1134
994 1089
995 458
996 625
997 224
998 381
999 1026
1000 1027
1001 252
1002 745
1003 852
1004 1136
1005 729
1006 285
1007 712
1008 939
1009 355
1010 882
1011 735
1012 1034
1013 1104
1014 1056
1015 637
1016 616
1017 69
1018 240
1019 1053
1020 955
1021 918
1022 846
1023 516
1024 90
1025 989
1026 1131
1027 855
1028 1086
1029 924
1030 712
1031 6
1032 451
1033 477
1034 891
1035 230
1036 434
1037 668
1038 412
1039 730
1040 515
1041 596
1042 687
1043 573
1044 422
1045 169
1046 710
1047 714
1048 1026
1049 476
1050 618
1051 160
1052 316
1053 33
1054 811
1055 988
1056 938
1057 456
1058 579
1059 860
1060 933
1061 540
1062 869
1063 592
1064 395
1065 108
1066 623
1067 1087
1068 340
1069 1070
1070 14
1071 909
1072 551
1073 760
1074 132
1075 628
1076 71
1077 286
1078 1048
1079 1025
1080 475
1081 833
1082 677
1083 437
1084 172
1085 543
1086 1092
1087 643
1088 640
1089 573
1090 978
1091 921
1092 1096
1093 325
1094 377
1095 826
1096 478
1097 805
1098 746
1099 293
1100 719
1101 719
1102 740
1103 604
1104 147
1105 867
1106 734
1107 246
1108 757
1109 673
1110 757
1111 362
1112 583
1113 93
1114 1008
1115 1050
1116 117
1117 297
1118 444
1119 393
1120 19
1121 365
1122 450
1123 783
1124 513
1125 403
1126 504
1127 69
1128 685
1129 1035
1130 86
1131 926
1132 857
1133 1126
1134 303
1135 222
1136 397
1137 192
1138 292
1139 8
1140 1121
1141 1122
1142 1140
1143 105
1144 951
1145 708
0 1000
1 187
2 323
3 160
4 91
5 1044
6 20
7 1011
8 356
9 566
10 601
11 614
12 10
13 234
14 649
15 471
16 755
17 654
18 82
19 790
20 273
21 439
22 357
23 899
24 813
25 632
26 94
27 276
28 449
29 753
30 497
31 676
32 872
33 343
34 575
35 638
36 924
37 132
38 454
39 32
40 701
41 910
42 424
43 508
44 431
45 1087
46 1128
47 71
48 550
49 932
50 926
51 932
52 291
53 621
54 916
55 1117
56 620
57 106
58 408
59 1047
60 631
61 1062
62 543
63 425
64 1115
65 281
66 228
67 833
68 610
69 894
70 321
71 554
72 29
73 207
74 235
75 501
76 623
77 282
78 86
79 146
80 1003
81 515
82 959
83 141
84 750
85 366
86 310
87 711
88 730
89 788
90 1012
91 632
92 380
93 803
94 256
95 253
96 236
97 465
98 655
99 1020
100 120
101 222
102 350
103 561
104 594
105 817
106 198
107 865
108 41
109 1091
110 1143
111 346
112 430
113 221
114 972
115 1087
116 1058
117 295
118 841
119 389
120 354
121 709
122 498
123 185
124 615
125 155
126 340
127 4
128 881
129 515
130 121
131 849
132 811
133 854
134 333
135 466
136 151
137 640
138 1065
139 375
140 735
141 588
142 833
143 524
144 1107
145 518
146 677
147 1038
148 1089
149 516
150 1078
151 232
152 963
153 452
154 407
155 192
156 749
157 306
158 289
159 496
160 381
161 223
162 292
163 500
164 88
165 500
166 197
167 226
168 436
169 801
170 1027
171 221
172 1145
173 964
174 603
175 1114
176 132
177 135
178 521
179 354
180 750
181 612
182 322
183 0
184 413
185 257
186 881
187 1142
188 25
189 302
190 951
191 1067
192 129
193 766
194 925
195 67
196 237
197 283
198 1130
199 1130
200 390
201 436
202 707
203 640
204 759
205 1021
206 912
207 681
208 20
209 782
210 667
211 191
212 586
213 1056
214 835
215 667
216 454
217 818
218 456
219 498
220 3
221 960
222 898
223 597
224 991
225 827
226 21
227 868
228 1103
229 236
230 184
231 488
232 208
233 1109
234 763
235 368
236 37
237 800
238 260
239 724
240 548
241 177
242 712
243 117
244 796
245 416
246 542
247 906
248 1024
249 279
250 439
251 792
252 120
253 954
254 1144
255 167
256 959
257 1038
258 910
259 754
260 154
261 372
262 602
263 186
264 713
265 328
266 82
267 437
268 205
269 867
270 810
271 913
272 361
273 933
274 1070
275 272
276 225
277 798
278 565
279 889
280 902
281 700
282 1098
283 1074
284 44
285 172
286 352
287 114
288 322
289 879
290 1139
291 23
292 1066
293 493
294 190
295 798
296 728
297 1059
298 506
299 533
300 799
301 132
302 145
303 876
304 432
305 937
306 970
307 469
308 639
309 849
310 278
311 950
312 154
313 190
314 82
315 342
316 416
317 737
318 691
319 55
320 718
321 252
322 447
323 559
324 709
325 991
326 292
327 615
328 366
329 767
330 706
331 959
332 728
333 231
334 750
335 1015
336 975
337 1127
338 1010
339 163
340 336
341 193
342 20
343 722
344 1128
345 883
346 49
347 913
348 694
349 334
350 1057
351 914
352 829
353 550
354 882
355 926
356 579
357 73
358 551
359 400
360 1021
361 998
362 61
363 1025
364 799
365 604
366 142
367 10
368 54
369 437
370 648
371 733
372 943
373 926
374 208
375 441
376 1135
377 745
378 1113
379 402
380 1097
381 959
382 1123
383 1014
384 1031
385 708
386 1078
387 1092
388 180
389 682
390 851
391 547
392 328
393 852
394 81
395 1073
396 1024
397 212
398 965
399 239
400 45
401 87
402 1017
403 682
404 175
405 1112
406 1134
407 775
408 960
409 902
410 172
411 498
412 731
413 247
414 612
415 374
416 141
417 903
418 57
419 572
420 439
421 674
422 232
423 1066
424 63
425 1128
426 1060
427 335
428 377
429 951
430 346
431 364
432 1048
433 780
434 529
435 227
436 486
437 103
438 544
439 265
440 745
441 270
442 847
443 1145
444 685
445 809
446 170
447 157
448 122
449 590
450 933
451 637
452 581
453 694
454 115
455 1036
456 805
457 673
458 733
459 1068
460 6
461 1036
462 824
463 688
464 1078
465 1103
466 27
467 650
468 787
469 157
470 1074
471 330
472 526
473 728
474 576
475 200
476 778
477 719
478 490
479 191
480 567
481 275
482 931
483 298
484 332
485 370
486 689
487 1043
488 731
489 277
490 913
491 239
492 443
493 961
494 475
495 549
496 147
497 889
498 469
499 65
500 132
501 637
502 124
503 738
504 31
505 398
506 53
507 82
508 518
509 301
510 880
511 778
512 1141
513 681
514 530
515 777
516 801
517 345
518 343
519 665
520 213
521 1034
522 820
523 576
524 68
525 205
526 87
527 756
528 736
529 706
530 705
531 689
532 45
533 967
534 1126
535 885
536 101
537 520
538 226
539 887
540 712
541 224
542 1075
543 713
544 789
545 501
546 839
547 162
548 420
549 656
550 218
551 114
552 195
553 348
554 594
555 714
556 1143
557 221
558 604
559 1022
560 686
561 148
562 858
563 306
564 835
565 1138
566 605
567 248
568 675
569 1011
570 857
571 416
572 455
573 660
574 781
575 1050
576 588
577 375
578 460
579 445
580 352
581 676
582 254
583 526
584 846
585 490
586 619
587 7
588 984
589 1077
590 1104
591 327
592 463
593 180
594 532
595 220
596 411
597 365
598 644
599 339
600 922
601 960
602 979
603 64
604 321
605 165
606 704
607 205
608 1051
609 1080
610 654
611 2
612 222
613 152
614 901
615 754
616 375
617 644
618 879
619 1041
620 362
621 60
622 727
623 1114
624 791
625 99
626 772
627 827
628 818
629 887
630 1143
631 133
632 683
633 79
634 1062
635 248
636 657
637 202
638 93
639 557
640 392
641 421
642 490
643 793
644 67
645 1058
646 1121
647 915
648 989
649 52
650 660
651 742
652 484
653 501
654 950
655 299
656 152
657 46
658 290
659 541
660 464
661 1103
662 547
663 1050
664 314
665 64
666 124
667 878
668 322
669 261
670 949
671 507
672 703
673 1089
674 901
675 332
676 78
677 822
678 224
679 992
680 723
681 180
682 849
683 1033
684 883
685 486
686 45
687 89
688 886
689 1055
690 1118
691 357
692 1095
693 1080
694 204
695 1044
696 825
697 483
698 735
699 220
700 743
701 888
702 824
703 767
704 802
705 185
706 189
707 491
708 861
709 381
710 1075
711 593
712 951
713 1123
714 368
715 993
716 567
717 1139
718 760
719 719
720 481
721 489
722 221
723 323
724 496
725 1114
726 292
727 310
728 178
729 447
730 731
731 143
732 166
733 798
734 90
735 821
736 530
737 85
738 456
739 694
740 829
741 946
742 848
743 19
744 495
745 674
746 509
747 474
748 348
749 1002
750 200
751 367
752 326
753 639
754 675
755 323
756 280
757 809
758 1091
759 832
760 590
761 307
762 710
763 670
764 636
765 601
766 725
767 543
768 294
769 245
770 669
771 1060
772 924
773 938
774 953
775 647
776 311
777 364
778 652
779 789
780 311
781 660
782 733
783 822
784 539
785 885
786 932
787 227
788 1032
789 655
790 942
791 151
792 472
793 1011
794 615
795 205
796 984
797 769
798 771
799 743
800 102
801 221
802 803
803 1060
804 686
805 660
806 338
807 990
808 24
809 989
810 741
811 863
812 448
813 249
814 662
815 893
816 772
817 204
818 948
819 719
820 932
821 526
822 267
823 981
824 173
825 195
826 930
827 856
828 712
829 824
830 434
831 988
832 441
833 1034
834 269
835 125
836 876
837 533
838 219
839 161
840 338
841 630
842 181
843 837
844 91
845 753
846 176
847 1081
848 422
849 123
850 811
851 218
852 1122
853 26
854 92
855 1144
856 745
857 174
858 231
859 855
860 327
861 306
862 1136
863 536
864 841
865 896
866 135
867 137
868 1026
869 763
870 1075
871 131
872 275
873 1000
874 218
875 1077
876 721
877 222
878 344
879 831
880 772
881 245
882 1010
883 282
884 1056
885 198
886 593
887 1048
888 240
889 360
890 287
891 837
892 4
893 122
894 73
895 251
896 172
897 507
898 828
899 278
900 881
901 9
902 318
903 277
904 769
905 970
906 466
907 206
908 558
909 991
910 407
911 254
912 966
913 10
914 6
915 1059
916 1101
917 626
918 663
919 979
920 515
921 316
922 443
923 863
924 796
925 990
926 614
927 932
928 1082
929 438
930 348
931 911
932 476
933 659
934 866
935 765
936 46
937 395
938 111
939 633
940 1083
941 248
942 438
943 24
944 631
945 627
946 126
947 409
948 243
949 1037
950 535
951 952
952 1117
953 178
954 472
955 1135
956 355
957 903
958 422
959 221
960 475
961 153
962 1035
963 352
964 943
965 801
966 622
967 7
968 1086
969 103
970 624
971 633
972 893
973 775
974 1054
975 939
976 862
977 719
978 495
979 639
980 759
981 475
982 673
983 916
984 959
985 216
986 70
987 554
988 1013
989 674
990 481
991 877
992 738
993 1134
994 654
995 458
996 321
997 26
998 844
999 378
1000 228
1001 252
1002 745
1003 798
1004 941
1005 729
1006 1112
1007 39
1008 939
1009 355
1010 882
1011 735
1012 734
1013 1100
1014 560
1015 637
1016 904
1017 167
1018 665
1019 437
1020 955
1021 918
1022 374
1023 516
1024 1099
1025 986
1026 427
1027 855
1028 923
1029 536
1030 258
1031 563
1032 451
1033 693
1034 912
1035 910
1036 135
1037 296
1038 315
1039 410
1040 515
1041 598
1042 590
1043 573
1044 422
1045 130
1046 527
1047 271
1048 1026
1049 476
1050 603
1051 160
1052 74
1053 959
1054 811
1055 917
1056 536
1057 456
1058 579
1059 834
1060 273
1061 724
1062 563
1063 592
1064 395
1065 108
1066 984
1067 545
1068 340
1069 154
1070 14
1071 592
1072 551
1073 639
1074 394
1075 793
1076 63
1077 278
1078 1048
1079 552
1080 475
1081 234
1082 1016
1083 654
1084 172
1085 543
1086 1111
1087 693
1088 640
1089 517
1090 376
1091 498
1092 1096
1093 642
1094 1130
1095 513
1096 478
1097 805
1098 746
1099 968
1100 681
1101 545
1102 716
1103 941
1104 1
1105 688
1106 734
1107 907
1108 757
1109 673
1110 957
1111 426
1112 716
1113 93
1114 459
1115 250
1116 538
1117 427
1118 444
1119 897
1120 821
1121 365
1122 544
1123 165
1124 470
1125 403
1126 504
1127 69
1128 116
1129 1035
1130 86
1131 525
1132 899
1133 1126
1134 303
1135 1035
1136 958
1137 192
1138 292
1139 57
1140 1121
1141 1122
1142 591
1143 542
1144 1053
1145 708
