0 158
1 857
2 923
3 49
4 1090
5 1025
6 584
7 1039
8 440
9 582
10 255
11 438
12 733
13 550
14 1101
15 918
16 696
17 638
18 125
19 456
20 352
21 1020
22 182
23 95
24 27
25 112
26 561
27 164
28 271
29 186
30 293
31 559
32 428
33 919
34 326
35 773
36 314
37 1025
38 1069
39 11
40 662
41 137
42 631
43 211
44 810
45 416
46 493
47 530
48 160
49 722
50 325
51 231
52 632
53 764
54 587
55 130
56 442
57 782
58 180
59 172
60 382
61 319
62 406
63 600
64 849
65 365
66 782
67 239
68 449
69 1009
70 1039
71 275
72 72
73 287
74 775
75 1047
76 606
77 805
78 354
79 252
80 493
81 553
82 360
83 446
84 584
85 57
86 770
87 683
88 1031
89 355
90 1126
91 576
92 750
93 215
94 905
95 136
96 324
97 892
98 978
99 75
100 566
101 563
102 717
103 1018
104 929
105 773
106 1079
107 66
108 139
109 534
110 572
111 725
112 192
113 263
114 567
115 937
116 390
117 718
118 746
119 86
120 27
121 63
122 177
123 821
124 174
125 494
126 532
127 14
128 680
129 121
130 987
131 1113
132 762
133 1059
134 706
135 503
136 110
137 966
138 675
139 181
140 916
141 140
142 862
143 283
144 875
145 884
146 26
147 191
148 585
149 213
150 1023
151 562
152 536
153 302
154 535
155 319
156 1114
157 144
158 170
159 76
160 174
161 600
162 137
163 427
164 71
165 925
166 895
167 226
168 346
169 984
170 627
171 320
172 787
173 1123
174 1137
175 205
176 713
177 369
178 1007
179 448
180 507
181 976
182 394
183 79
184 978
185 104
186 408
187 1093
188 1108
189 519
190 914
191 1039
192 727
193 80
194 489
195 670
196 871
197 298
198 648
199 1009
200 1129
201 798
202 523
203 321
204 74
205 177
206 497
207 696
208 240
209 482
210 931
211 659
212 38
213 868
214 991
215 564
216 773
217 512
218 981
219 805
220 898
221 218
222 452
223 492
224 768
225 1004
226 1034
227 519
228 137
229 677
230 486
231 1083
232 335
233 959
234 1052
235 544
236 590
237 734
238 226
239 752
240 1102
241 499
242 749
243 861
244 57
245 835
246 1041
247 550
248 874
249 968
250 465
251 908
252 649
253 251
254 100
255 613
256 940
257 119
258 718
259 604
260 727
261 1099
262 82
263 787
264 84
265 181
266 208
267 647
268 1059
269 678
270 501
271 601
272 1044
273 1060
274 763
275 829
276 290
277 663
278 578
279 92
280 809
281 147
282 1023
283 200
284 1104
285 981
286 326
287 1133
288 236
289 1071
290 686
291 402
292 417
293 307
294 99
295 921
296 158
297 996
298 917
299 15
300 524
301 138
302 618
303 837
304 1109
305 593
306 565
307 942
308 939
309 468
310 582
311 181
312 1046
313 1048
314 966
315 848
316 308
317 80
318 634
319 850
320 886
321 409
322 1091
323 873
324 438
325 10
326 203
327 178
328 197
329 352
330 867
331 289
332 567
333 711
334 722
335 803
336 1090
337 40
338 308
339 943
340 271
341 132
342 176
343 484
344 1008
345 28
346 183
347 291
348 621
349 1078
350 1092
351 968
352 815
353 619
354 1003
355 1050
356 407
357 474
358 961
359 624
360 562
361 100
362 148
363 244
364 1089
365 36
366 282
367 434
368 93
369 980
370 889
371 917
372 233
373 86
374 383
375 232
376 536
377 288
378 731
379 1048
380 645
381 539
382 352
383 630
384 142
385 185
386 469
387 159
388 521
389 733
390 610
391 399
392 839
393 675
394 1055
395 988
396 709
397 533
398 217
399 55
400 616
401 271
402 1016
403 432
404 183
405 9
406 243
407 215
408 127
409 390
410 94
411 448
412 820
413 175
414 960
415 328
416 715
417 147
418 847
419 75
420 522
421 543
422 1027
423 463
424 442
425 771
426 948
427 1063
428 517
429 68
430 878
431 267
432 255
433 106
434 166
435 107
436 393
437 192
438 268
439 951
440 1023
441 430
442 413
443 1129
444 1091
445 530
446 1132
447 137
448 196
449 584
450 1075
451 587
452 120
453 352
454 631
455 369
456 715
457 309
458 92
459 261
460 23
461 108
462 328
463 887
464 974
465 708
466 688
467 909
468 173
469 874
470 698
471 381
472 34
473 453
474 508
475 1143
476 1028
477 577
478 297
479 1004
480 120
481 930
482 1067
483 1123
484 661
485 915
486 885
487 92
488 109
489 834
490 45
491 615
492 945
493 955
494 557
495 657
496 856
497 288
498 333
499 1138
500 608
501 769
502 174
503 784
504 195
505 355
506 1070
507 476
508 230
509 1098
510 745
511 820
512 201
513 617
514 799
515 736
516 653
517 39
518 1028
519 8
520 285
521 1115
522 250
523 936
524 372
525 679
526 267
527 279
528 321
529 227
530 109
531 166
532 705
533 731
534 1127
535 692
536 701
537 497
538 1068
539 853
540 400
541 84
542 368
543 173
544 243
545 330
546 892
547 1077
548 502
549 407
550 327
551 342
552 717
553 679
554 585
555 109
556 414
557 498
558 918
559 184
560 434
561 213
562 1012
563 490
564 806
565 656
566 706
567 727
568 626
569 861
570 1059
571 446
572 833
573 744
574 257
575 37
576 607
577 1128
578 245
579 910
580 307
581 174
582 656
583 795
584 1031
585 430
586 278
587 142
588 78
589 117
590 739
591 896
592 956
593 1061
594 712
595 681
596 1043
597 280
598 295
599 59
600 1031
601 640
602 982
603 477
604 791
605 485
606 54
607 169
608 444
609 224
610 759
611 707
612 957
613 380
614 952
615 810
616 523
617 786
618 694
619 401
620 108
621 63
622 376
623 28
624 310
625 484
626 514
627 475
628 296
629 490
630 849
631 1062
632 778
633 1118
634 682
635 23
636 464
637 655
638 151
639 624
640 547
641 558
642 411
643 437
644 244
645 904
646 395
647 422
648 46
649 210
650 494
651 1106
652 92
653 1126
654 151
655 178
656 1091
657 1117
658 809
659 1020
660 956
661 157
662 576
663 459
664 690
665 281
666 895
667 933
668 1128
669 173
670 525
671 754
672 757
673 188
674 285
675 5
676 860
677 454
678 1141
679 315
680 621
681 209
682 826
683 1142
684 552
685 1002
686 1068
687 255
688 764
689 585
690 265
691 329
692 124
693 366
694 731
695 39
696 557
697 736
698 553
699 1074
700 1112
701 347
702 1055
703 954
704 541
705 556
706 322
707 494
708 465
709 195
710 725
711 361
712 250
713 341
714 473
715 1103
716 657
717 544
718 1038
719 718
720 798
721 178
722 160
723 990
724 205
725 33
726 1015
727 1143
728 765
729 850
730 994
731 928
732 530
733 774
734 612
735 1110
736 576
737 625
738 507
739 509
740 353
741 308
742 1037
743 142
744 724
745 97
746 328
747 459
748 513
749 653
750 727
751 464
752 205
753 288
754 681
755 529
756 641
757 784
758 497
759 701
760 147
761 271
762 731
763 4
764 186
765 819
766 765
767 861
768 544
769 390
770 692
771 264
772 798
773 505
774 943
775 736
776 426
777 74
778 439
779 1031
780 582
781 1005
782 932
783 277
784 312
785 504
786 433
787 47
788 170
789 198
790 902
791 1030
792 587
793 617
794 12
795 943
796 1070
797 1050
798 200
799 194
800 559
801 108
802 877
803 467
804 29
805 965
806 356
807 46
808 576
809 474
810 500
811 606
812 407
813 1001
814 599
815 823
816 677
817 311
818 107
819 403
820 1057
821 887
822 1109
823 695
824 786
825 103
826 1048
827 692
828 18
829 38
830 463
831 553
832 48
833 415
834 980
835 921
836 774
837 18
838 627
839 244
840 979
841 595
842 1029
843 457
844 830
845 702
846 1037
847 669
848 437
849 882
850 274
851 233
852 227
853 411
854 626
855 830
856 172
857 385
858 79
859 836
860 438
861 818
862 1086
863 317
864 699
865 381
866 1144
867 450
868 1142
869 475
870 470
871 726
872 908
873 713
874 854
875 889
876 184
877 14
878 656
879 998
880 694
881 1007
882 416
883 965
884 461
885 389
886 708
887 424
888 147
889 919
890 863
891 372
892 169
893 157
894 945
895 1051
896 180
897 1118
898 836
899 155
900 350
901 376
902 553
903 110
904 1064
905 1123
906 58
907 471
908 720
909 412
910 393
911 791
912 547
913 361
914 998
915 37
916 931
917 941
918 283
919 472
920 919
921 450
922 922
923 165
924 981
925 263
926 596
927 615
928 985
929 253
930 789
931 372
932 649
933 977
934 997
935 953
936 79
937 815
938 370
939 781
940 542
941 323
942 133
943 1081
944 666
945 72
946 658
947 905
948 739
949 469
950 105
951 772
952 1125
953 274
954 107
955 685
956 555
957 738
958 1097
959 473
960 556
961 852
962 419
963 928
964 314
965 235
966 928
967 578
968 31
969 524
970 572
971 987
972 905
973 3
974 97
975 1002
976 103
977 184
978 510
979 990
980 1024
981 444
982 751
983 1062
984 963
985 383
986 9
987 1075
988 351
989 116
990 467
991 378
992 898
993 871
994 200
995 337
996 231
997 939
998 80
999 42
1000 1016
1001 1114
1002 356
1003 340
1004 428
1005 68
1006 1093
1007 283
1008 660
1009 41
1010 780
1011 712
1012 311
1013 805
1014 1085
1015 741
1016 568
1017 938
1018 148
1019 797
1020 701
1021 496
1022 990
1023 1090
1024 321
1025 1032
1026 218
1027 645
1028 580
1029 734
1030 195
1031 100
1032 840
1033 1042
1034 206
1035 553
1036 211
1037 95
1038 991
1039 258
1040 716
1041 577
1042 354
1043 1143
1044 210
1045 333
1046 583
1047 287
1048 807
1049 341
1050 750
1051 762
1052 280
1053 194
1054 877
1055 267
1056 28
1057 51
1058 488
1059 413
1060 1027
1061 154
1062 451
1063 14
1064 681
1065 1062
1066 32
1067 198
1068 831
1069 964
1070 733
1071 792
1072 621
1073 482
1074 1119
1075 933
1076 22
1077 339
1078 926
1079 574
1080 822
1081 792
1082 361
1083 1004
1084 713
1085 630
1086 160
1087 341
1088 445
1089 45
1090 315
1091 607
1092 273
1093 479
1094 578
1095 328
1096 127
1097 578
1098 343
1099 1132
1100 506
1101 656
1102 191
1103 410
1104 776
1105 237
1106 969
1107 1056
1108 905
1109 760
1110 150
1111 502
1112 759
1113 9
1114 177
1115 260
1116 49
1117 5
1118 1128
1119 725
1120 430
1121 229
1122 747
1123 658
1124 982
1125 541
1126 203
1127 249
1128 757
1129 298
1130 846
1131 920
1132 176
1133 898
1134 460
1135 1001
1136 383
1137 280
1138 932
1139 845
1140 59
1141 1003
1142 94
1143 198
1144 214
1145 67
0 158
1 857
2 33
3 49
4 1090
5 361
6 531
7 1039
8 888
9 582
10 808
11 438
12 733
13 778
14 1101
15 918
16 826
17 638
18 125
19 900
20 352
21 1020
22 338
23 95
24 1097
25 226
26 707
27 637
28 810
29 505
30 378
31 559
32 233
33 919
34 544
35 903
36 717
37 1051
38 1069
39 870
40 662
41 137
42 944
43 333
44 626
45 416
46 40
47 45
48 160
49 722
50 898
51 621
52 166
53 1081
54 711
55 130
56 442
57 820
58 805
59 172
60 1055
61 982
62 564
63 600
64 849
65 502
66 1062
67 239
68 862
69 959
70 1039
71 275
72 141
73 287
74 443
75 317
76 173
77 274
78 354
79 252
80 493
81 908
82 465
83 205
84 584
85 393
86 92
87 519
88 471
89 355
90 66
91 867
92 39
93 94
94 829
95 136
96 55
97 892
98 1144
99 75
100 100
101 46
102 1013
103 17
104 929
105 949
106 164
107 317
108 139
109 1073
110 1092
111 223
112 745
113 263
114 329
115 693
116 390
117 627
118 754
119 86
120 673
121 399
122 759
123 821
124 789
125 525
126 532
127 14
128 618
129 511
130 129
131 992
132 1074
133 188
134 706
135 905
136 110
137 966
138 1098
139 928
140 916
141 140
142 862
143 1096
144 875
145 715
146 1058
147 191
148 978
149 595
150 60
151 101
152 1052
153 302
154 535
155 1136
156 584
157 144
158 456
159 27
160 978
161 423
162 124
163 887
164 813
165 335
166 895
167 226
168 346
169 97
170 146
171 320
172 787
173 122
174 1137
175 988
176 917
177 369
178 764
179 448
180 507
181 976
182 394
183 128
184 978
185 104
186 1049
187 212
188 595
189 1095
190 754
191 765
192 727
193 80
194 80
195 670
196 8
197 823
198 115
199 1009
200 1129
201 890
202 1060
203 173
204 74
205 836
206 531
207 696
208 240
209 482
210 931
211 659
212 38
213 787
214 1035
215 251
216 1107
217 200
218 981
219 805
220 898
221 218
222 213
223 492
224 467
225 1004
226 1034
227 519
228 796
229 558
230 884
231 1083
232 335
233 485
234 1052
235 544
236 590
237 734
238 226
239 808
240 321
241 499
242 935
243 491
244 57
245 461
246 819
247 921
248 977
249 968
250 604
251 980
252 649
253 483
254 326
255 208
256 940
257 119
258 718
259 604
260 913
261 1042
262 767
263 902
264 481
265 410
266 654
267 553
268 455
269 766
270 1020
271 188
272 647
273 146
274 60
275 1031
276 598
277 556
278 578
279 589
280 809
281 1109
282 1023
283 192
284 1104
285 864
286 1130
287 222
288 555
289 1071
290 686
291 372
292 951
293 307
294 116
295 1142
296 158
297 996
298 681
299 618
300 873
301 856
302 618
303 837
304 1101
305 627
306 119
307 401
308 837
309 254
310 684
311 181
312 1046
313 941
314 966
315 206
316 308
317 80
318 634
319 850
320 1095
321 409
322 1091
323 134
324 437
325 10
326 143
327 178
328 197
329 686
330 341
331 289
332 321
333 983
334 722
335 803
336 1090
337 40
338 202
339 943
340 657
341 576
342 782
343 1121
344 1008
345 532
346 566
347 3
348 823
349 1078
350 645
351 968
352 815
353 619
354 240
355 816
356 844
357 395
358 961
359 624
360 73
361 866
362 1106
363 966
364 842
365 36
366 1054
367 725
368 93
369 737
370 217
371 606
372 726
373 86
374 383
375 889
376 536
377 288
378 13
379 621
380 645
381 397
382 1134
383 559
384 677
385 185
386 386
387 558
388 521
389 44
390 49
391 399
392 839
393 297
394 1055
395 988
396 709
397 949
398 51
399 55
400 616
401 971
402 833
403 874
404 183
405 590
406 646
407 53
408 127
409 390
410 94
411 314
412 820
413 315
414 960
415 503
416 715
417 147
418 847
419 878
420 522
421 543
422 915
423 676
424 29
425 708
426 948
427 664
428 517
429 68
430 382
431 834
432 147
433 106
434 1125
435 107
436 393
437 341
438 737
439 864
440 992
441 430
442 709
443 1129
444 1091
445 929
446 1132
447 836
448 1063
449 584
450 229
451 587
452 530
453 352
454 217
455 33
456 1053
457 45
458 621
459 261
460 900
461 108
462 298
463 1130
464 974
465 708
466 42
467 909
468 173
469 874
470 1002
471 381
472 34
473 453
474 508
475 1143
476 122
477 196
478 600
479 972
480 352
481 136
482 851
483 1123
484 661
485 915
486 785
487 734
488 447
489 845
490 891
491 746
492 472
493 955
494 510
495 887
496 856
497 199
498 935
499 896
500 48
501 769
502 174
503 784
504 186
505 355
506 1070
507 156
508 230
509 280
510 745
511 480
512 71
513 358
514 809
515 672
516 925
517 195
518 651
519 548
520 923
521 1113
522 250
523 869
524 839
525 202
526 267
527 111
528 1079
529 429
530 109
531 704
532 705
533 731
534 1127
535 692
536 250
537 200
538 1068
539 853
540 1019
541 1090
542 115
543 173
544 85
545 330
546 892
547 1077
548 502
549 565
550 327
551 342
552 717
553 80
554 755
555 365
556 414
557 498
558 724
559 941
560 568
561 213
562 1078
563 604
564 806
565 705
566 86
567 64
568 626
569 147
570 1059
571 446
572 854
573 565
574 257
575 1140
576 425
577 791
578 245
579 197
580 426
581 443
582 656
583 1084
584 501
585 430
586 877
587 701
588 760
589 117
590 739
591 896
592 961
593 1061
594 712
595 869
596 1128
597 486
598 295
599 831
600 1031
601 307
602 400
603 477
604 791
605 602
606 54
607 169
608 508
609 224
610 565
611 707
612 445
613 697
614 205
615 810
616 523
617 823
618 694
619 1065
620 108
621 63
622 581
623 1076
624 310
625 484
626 514
627 475
628 296
629 932
630 295
631 779
632 207
633 731
634 682
635 1039
636 905
637 292
638 151
639 624
640 556
641 1111
642 1122
643 640
644 1010
645 1010
646 395
647 340
648 318
649 993
650 494
651 1106
652 92
653 789
654 151
655 610
656 475
657 1097
658 133
659 783
660 421
661 157
662 691
663 822
664 690
665 223
666 690
667 933
668 972
669 173
670 1026
671 68
672 241
673 195
674 970
675 5
676 860
677 247
678 1141
679 315
680 684
681 64
682 1131
683 371
684 552
685 794
686 1075
687 255
688 883
689 585
690 1114
691 707
692 851
693 298
694 461
695 1078
696 686
697 1028
698 563
699 1074
700 295
701 681
702 1055
703 954
704 500
705 556
706 322
707 494
708 494
709 118
710 725
711 1010
712 871
713 636
714 763
715 80
716 657
717 544
718 832
719 1092
720 1100
721 625
722 160
723 275
724 1064
725 33
726 1078
727 1143
728 347
729 1095
730 123
731 928
732 468
733 857
734 612
735 565
736 357
737 625
738 172
739 83
740 875
741 299
742 1037
743 225
744 724
745 95
746 414
747 459
748 61
749 653
750 449
751 467
752 1143
753 466
754 185
755 529
756 641
757 784
758 85
759 701
760 535
761 271
762 731
763 4
764 400
765 819
766 607
767 546
768 544
769 390
770 680
771 836
772 798
773 594
774 817
775 509
776 369
777 74
778 439
779 1077
780 516
781 1005
782 415
783 469
784 312
785 48
786 433
787 668
788 625
789 266
790 107
791 504
792 356
793 864
794 349
795 337
796 1070
797 29
798 271
799 1114
800 559
801 208
802 877
803 467
804 29
805 589
806 414
807 395
808 338
809 474
810 500
811 1002
812 60
813 535
814 599
815 573
816 17
817 311
818 107
819 1064
820 876
821 887
822 959
823 695
824 1051
825 103
826 511
827 235
828 396
829 513
830 780
831 553
832 48
833 415
834 1035
835 921
836 386
837 939
838 785
839 244
840 867
841 595
842 1124
843 179
844 644
845 702
846 1090
847 651
848 1057
849 123
850 900
851 862
852 588
853 6
854 166
855 437
856 48
857 443
858 79
859 552
860 716
861 818
862 877
863 420
864 173
865 49
866 705
867 942
868 781
869 475
870 470
871 334
872 130
873 355
874 854
875 906
876 383
877 14
878 656
879 998
880 664
881 317
882 416
883 965
884 461
885 438
886 708
887 424
888 456
889 578
890 216
891 372
892 828
893 358
894 682
895 1051
896 332
897 1118
898 523
899 841
900 631
901 1040
902 553
903 1046
904 46
905 1123
906 58
907 993
908 720
909 600
910 446
911 791
912 547
913 361
914 472
915 867
916 1087
917 570
918 283
919 472
920 919
921 797
922 922
923 381
924 872
925 933
926 148
927 314
928 985
929 253
930 598
931 372
932 41
933 977
934 443
935 120
936 79
937 861
938 370
939 1100
940 220
941 323
942 575
943 1081
944 666
945 72
946 402
947 905
948 1058
949 469
950 696
951 928
952 1125
953 539
954 36
955 685
956 555
957 1102
958 965
959 385
960 639
961 852
962 419
963 928
964 314
965 235
966 928
967 578
968 141
969 83
970 274
971 987
972 905
973 3
974 97
975 1002
976 493
977 1108
978 510
979 990
980 262
981 489
982 751
983 1062
984 953
985 383
986 175
987 213
988 351
989 116
990 904
991 378
992 1104
993 768
994 200
995 725
996 231
997 939
998 306
999 42
1000 728
1001 1114
1002 787
1003 340
1004 622
1005 51
1006 743
1007 535
1008 425
1009 41
1010 780
1011 1142
1012 826
1013 374
1014 1085
1015 7
1016 524
1017 404
1018 732
1019 797
1020 701
1021 1006
1022 178
1023 251
1024 646
1025 1032
1026 218
1027 645
1028 601
1029 3
1030 80
1031 100
1032 1113
1033 1042
1034 650
1035 553
1036 418
1037 95
1038 991
1039 526
1040 471
1041 1064
1042 354
1043 348
1044 210
1045 668
1046 1066
1047 1063
1048 800
1049 72
1050 750
1051 735
1052 280
1053 194
1054 877
1055 267
1056 28
1057 38
1058 488
1059 276
1060 170
1061 61
1062 669
1063 14
1064 681
1065 1062
1066 32
1067 198
1068 831
1069 964
1070 1109
1071 582
1072 521
1073 933
1074 1119
1075 527
1076 489
1077 339
1078 696
1079 713
1080 822
1081 707
1082 361
1083 1004
1084 713
1085 874
1086 431
1087 1033
1088 95
1089 678
1090 315
1091 607
1092 273
1093 408
1094 578
1095 328
1096 127
1097 677
1098 432
1099 274
1100 506
1101 706
1102 528
1103 527
1104 776
1105 687
1106 619
1107 873
1108 905
1109 686
1110 1042
1111 502
1112 140
1113 9
1114 914
1115 983
1116 361
1117 600
1118 984
1119 1104
1120 172
1121 560
1122 747
1123 658
1124 982
1125 792
1126 826
1127 249
1128 301
1129 867
1130 846
1131 920
1132 104
1133 983
1134 460
1135 585
1136 200
1137 666
1138 932
1139 237
1140 59
1141 549
1142 94
1143 198
1144 214
1145 67
