0 348
1 112
2 301
3 210
4 822
5 766
6 120
7 477
8 866
9 726
10 857
11 233
12 694
13 1031
14 615
15 947
16 626
17 129
18 492
19 998
20 1046
21 42
22 1058
23 691
24 707
25 788
26 329
27 981
28 930
29 116
30 332
31 829
32 517
33 70
34 939
35 767
36 259
37 133
38 484
39 972
40 258
41 87
42 993
43 979
44 172
45 273
46 669
47 227
48 806
49 483
50 695
51 899
52 807
53 1132
54 519
55 1076
56 1083
57 271
58 1099
59 131
60 585
61 501
62 561
63 230
64 371
65 256
66 707
67 481
68 106
69 964
70 443
71 222
72 782
73 329
74 794
75 731
76 333
77 151
78 335
79 1011
80 569
81 21
82 911
83 591
84 299
85 821
86 884
87 7
88 334
89 739
90 68
91 1028
92 707
93 747
94 952
95 889
96 288
97 137
98 851
99 1126
100 734
101 897
102 714
103 517
104 637
105 88
106 869
107 750
108 905
109 98
110 118
111 580
112 466
113 12
114 873
115 767
116 650
117 728
118 466
119 1140
120 361
121 147
122 37
123 1132
124 970
125 718
126 593
127 579
128 956
129 606
130 343
131 859
132 387
133 559
134 367
135 145
136 466
137 1051
138 556
139 960
140 1008
141 1141
142 1136
143 456
144 728
145 171
146 989
147 411
148 613
149 605
150 168
151 403
152 400
153 300
154 423
155 984
156 939
157 627
158 889
159 65
160 572
161 936
162 810
163 945
164 743
165 222
166 425
167 745
168 387
169 158
170 1002
171 80
172 986
173 1017
174 1010
175 285
176 631
177 535
178 971
179 482
180 890
181 353
182 934
183 1141
184 247
185 602
186 151
187 304
188 777
189 703
190 288
191 579
192 986
193 1041
194 1141
195 573
196 192
197 950
198 1009
199 384
200 1052
201 348
202 582
203 377
204 1051
205 552
206 268
207 24
208 418
209 0
210 218
211 524
212 352
213 422
214 443
215 109
216 737
217 484
218 454
219 650
220 831
221 802
222 427
223 316
224 234
225 458
226 235
227 1004
228 11
229 575
230 209
231 734
232 11
233 1038
234 677
235 399
236 244
237 950
238 997
239 862
240 231
241 741
242 433
243 1104
244 137
245 740
246 983
247 455
248 41
249 804
250 395
251 672
252 154
253 750
254 278
255 266
256 854
257 982
258 851
259 751
260 850
261 400
262 434
263 861
264 670
265 254
266 291
267 877
268 573
269 894
270 563
271 746
272 1120
273 844
274 149
275 493
276 1132
277 307
278 957
279 1116
280 872
281 1098
282 591
283 1024
284 658
285 1078
286 599
287 617
288 858
289 718
290 483
291 1062
292 896
293 250
294 851
295 846
296 785
297 552
298 13
299 12
300 865
301 358
302 114
303 96
304 271
305 269
306 601
307 813
308 1005
309 1070
310 350
311 522
312 799
313 2
314 1056
315 97
316 878
317 380
318 216
319 463
320 1009
321 104
322 195
323 1089
324 775
325 869
326 1028
327 345
328 21
329 84
330 117
331 223
332 178
333 1108
334 926
335 531
336 923
337 1007
338 551
339 1052
340 127
341 468
342 145
343 661
344 852
345 89
346 709
347 1004
348 591
349 434
350 1116
351 638
352 311
353 520
354 1086
355 1119
356 527
357 926
358 45
359 204
360 278
361 381
362 426
363 637
364 391
365 289
366 617
367 411
368 956
369 812
370 1056
371 636
372 1138
373 467
374 33
375 867
376 715
377 855
378 75
379 448
380 595
381 161
382 855
383 266
384 672
385 797
386 763
387 350
388 948
389 43
390 683
391 639
392 224
393 713
394 547
395 71
396 921
397 505
398 696
399 1071
400 117
401 1142
402 273
403 422
404 697
405 726
406 1111
407 126
408 995
409 706
410 135
411 1043
412 34
413 1078
414 616
415 177
416 735
417 388
418 212
419 124
420 662
421 460
422 84
423 908
424 492
425 229
426 921
427 877
428 22
429 724
430 732
431 962
432 895
433 27
434 290
435 549
436 98
437 1145
438 115
439 51
440 605
441 731
442 110
443 1119
444 909
445 870
446 566
447 469
448 899
449 986
450 134
451 473
452 557
453 575
454 599
455 823
456 521
457 396
458 369
459 177
460 1134
461 856
462 725
463 53
464 894
465 357
466 88
467 988
468 146
469 200
470 486
471 957
472 734
473 20
474 209
475 304
476 1115
477 623
478 1070
479 74
480 1085
481 644
482 243
483 13
484 743
485 78
486 30
487 675
488 537
489 1072
490 789
491 821
492 55
493 425
494 794
495 300
496 28
497 101
498 651
499 593
500 225
501 339
502 279
503 1024
504 614
505 552
506 181
507 540
508 19
509 180
510 418
511 461
512 898
513 650
514 49
515 797
516 692
517 712
518 588
519 577
520 941
521 619
522 604
523 769
524 806
525 1134
526 400
527 931
528 787
529 810
530 758
531 826
532 3
533 422
534 243
535 248
536 174
537 1039
538 416
539 900
540 651
541 1032
542 30
543 562
544 850
545 483
546 193
547 621
548 146
549 371
550 246
551 1114
552 38
553 697
554 983
555 708
556 248
557 583
558 812
559 721
560 1033
561 279
562 549
563 1022
564 1093
565 787
566 784
567 442
568 790
569 569
570 198
571 663
572 787
573 722
574 140
575 502
576 785
577 45
578 185
579 887
580 803
581 158
582 629
583 1025
584 431
585 468
586 718
587 446
588 988
589 554
590 427
591 195
592 978
593 255
594 1125
595 1138
596 168
597 839
598 634
599 60
600 491
601 1087
602 69
603 712
604 534
605 423
606 923
607 966
608 124
609 810
610 434
611 236
612 694
613 578
614 1140
615 168
616 441
617 610
618 161
619 60
620 560
621 25
622 896
623 913
624 1035
625 29
626 240
627 874
628 316
629 299
630 1110
631 985
632 843
633 214
634 577
635 734
636 250
637 970
638 510
639 376
640 883
641 380
642 819
643 295
644 1071
645 67
646 276
647 664
648 835
649 399
650 211
651 1074
652 358
653 173
654 117
655 49
656 661
657 373
658 14
659 1025
660 805
661 359
662 414
663 217
664 992
665 1060
666 94
667 747
668 627
669 136
670 4
671 275
672 909
673 20
674 947
675 481
676 980
677 451
678 62
679 405
680 1076
681 649
682 301
683 718
684 1096
685 817
686 879
687 122
688 871
689 139
690 323
691 394
692 886
693 1127
694 1090
695 533
696 266
697 810
698 71
699 158
700 619
701 53
702 893
703 938
704 769
705 169
706 483
707 985
708 903
709 740
710 1070
711 211
712 1016
713 791
714 248
715 4
716 953
717 223
718 626
719 650
720 529
721 1041
722 1142
723 28
724 527
725 404
726 267
727 1133
728 814
729 456
730 7
731 717
732 555
733 297
734 273
735 103
736 166
737 497
738 219
739 886
740 232
741 1031
742 72
743 465
744 593
745 441
746 400
747 61
748 559
749 373
750 551
751 263
752 2
753 1031
754 333
755 1102
756 792
757 1096
758 234
759 408
760 144
761 198
762 307
763 429
764 709
765 389
766 983
767 952
768 376
769 515
770 356
771 926
772 407
773 909
774 303
775 1033
776 1027
777 706
778 674
779 216
780 787
781 143
782 262
783 977
784 1133
785 346
786 710
787 18
788 755
789 794
790 743
791 1003
792 1109
793 601
794 132
795 906
796 354
797 1059
798 169
799 597
800 738
801 896
802 736
803 474
804 177
805 672
806 639
807 614
808 1067
809 148
810 526
811 830
812 823
813 547
814 833
815 770
816 502
817 679
818 738
819 660
820 327
821 976
822 50
823 969
824 496
825 138
826 173
827 960
828 667
829 327
830 286
831 853
832 243
833 679
834 417
835 749
836 1129
837 753
838 720
839 1098
840 579
841 208
842 567
843 598
844 483
845 600
846 455
847 88
848 73
849 253
850 802
851 528
852 475
853 796
854 1073
855 84
856 939
857 783
858 1140
859 58
860 437
861 663
862 437
863 1107
864 16
865 641
866 371
867 515
868 402
869 37
870 1046
871 790
872 320
873 320
874 599
875 57
876 926
877 753
878 715
879 919
880 32
881 1094
882 106
883 381
884 30
885 946
886 946
887 83
888 114
889 350
890 90
891 537
892 470
893 335
894 109
895 728
896 146
897 950
898 748
899 550
900 1055
901 633
902 90
903 696
904 230
905 16
906 780
907 275
908 138
909 1086
910 654
911 359
912 16
913 798
914 619
915 891
916 184
917 967
918 465
919 725
920 836
921 914
922 346
923 6
924 287
925 449
926 333
927 737
928 50
929 418
930 203
931 1075
932 102
933 796
934 329
935 302
936 275
937 218
938 120
939 36
940 603
941 408
942 374
943 209
944 529
945 21
946 792
947 283
948 995
949 612
950 727
951 678
952 33
953 484
954 266
955 765
956 180
957 974
958 899
959 167
960 43
961 826
962 390
963 25
964 51
965 663
966 232
967 542
968 890
969 748
970 722
971 696
972 782
973 879
974 1125
975 984
976 4
977 988
978 680
979 692
980 917
981 119
982 51
983 409
984 599
985 794
986 433
987 924
988 427
989 542
990 867
991 506
992 1128
993 454
994 311
995 287
996 1063
997 812
998 987
999 790
1000 215
1001 3
1002 1009
1003 1027
1004 116
1005 963
1006 976
1007 48
1008 1120
1009 887
1010 1066
1011 303
1012 636
1013 1016
1014 316
1015 287
1016 877
1017 1032
1018 352
1019 7
1020 777
1021 1144
1022 604
1023 148
1024 528
1025 955
1026 107
1027 981
1028 936
1029 34
1030 780
1031 534
1032 218
1033 810
1034 300
1035 981
1036 326
1037 1001
1038 1143
1039 274
1040 1119
1041 896
1042 204
1043 288
1044 1035
1045 581
1046 1036
1047 839
1048 214
1049 296
1050 685
1051 73
1052 616
1053 280
1054 634
1055 140
1056 199
1057 98
1058 136
1059 120
1060 606
1061 501
1062 642
1063 548
1064 754
1065 1
1066 824
1067 872
1068 601
1069 273
1070 1030
1071 909
1072 172
1073 1084
1074 343
1075 649
1076 578
1077 303
1078 464
1079 408
1080 160
1081 962
1082 1008
1083 869
1084 698
1085 427
1086 538
1087 341
1088 158
1089 169
1090 587
1091 999
1092 440
1093 741
1094 729
1095 690
1096 749
1097 251
1098 610
1099 895
1100 1014
1101 2
1102 1096
1103 1021
1104 661
1105 291
1106 688
1107 428
1108 814
1109 4
1110 73
1111 761
1112 557
1113 421
1114 109
1115 278
1116 477
1117 581
1118 416
1119 158
1120 302
1121 918
1122 760
1123 1021
1124 651
1125 346
1126 540
1127 697
1128 69
1129 772
1130 892
1131 179
1132 347
1133 350
1134 437
1135 1110
1136 270
1137 981
1138 97
1139 973
1140 879
1141 39
1142 353
1143 6
1144 422
1145 1118
0 832
1 1079
2 564
3 78
4 291
5 584
6 1065
7 391
8 141
9 726
10 857
11 711
12 529
13 1031
14 615
15 947
16 228
17 1024
18 492
19 998
20 220
21 1010
22 1058
23 691
24 707
25 134
26 367
27 1037
28 635
29 357
30 332
31 193
32 517
33 70
34 757
35 440
36 652
37 560
38 484
39 474
40 648
41 79
42 194
43 1001
44 545
45 367
46 684
47 793
48 611
49 483
50 695
51 845
52 807
53 157
54 519
55 1076
56 541
57 292
58 157
59 131
60 191
61 501
62 561
63 1139
64 773
65 842
66 559
67 481
68 106
69 700
70 699
71 222
72 411
73 148
74 794
75 731
76 333
77 151
78 492
79 1011
80 196
81 21
82 911
83 591
84 299
85 925
86 445
87 84
88 147
89 362
90 68
91 1137
92 707
93 602
94 1124
95 1056
96 288
97 774
98 882
99 1126
100 346
101 443
102 474
103 517
104 300
105 88
106 819
107 252
108 905
109 1140
110 118
111 459
112 1122
113 333
114 101
115 767
116 679
117 728
118 770
119 1140
120 389
121 96
122 37
123 1132
124 632
125 343
126 593
127 579
128 483
129 606
130 785
131 938
132 415
133 559
134 367
135 865
136 466
137 470
138 556
139 960
140 241
141 1141
142 454
143 439
144 728
145 81
146 1085
147 411
148 631
149 510
150 168
151 853
152 893
153 300
154 708
155 2
156 939
157 335
158 889
159 687
160 37
161 474
162 810
163 119
164 853
165 353
166 310
167 285
168 890
169 158
170 377
171 80
172 322
173 1017
174 244
175 681
176 631
177 535
178 971
179 482
180 890
181 353
182 270
183 579
184 247
185 602
186 984
187 663
188 777
189 703
190 288
191 878
192 515
193 273
194 1141
195 1130
196 192
197 950
198 279
199 384
200 1052
201 829
202 499
203 566
204 1048
205 552
206 268
207 24
208 173
209 780
210 743
211 1130
212 846
213 2
214 449
215 348
216 103
217 881
218 554
219 636
220 55
221 802
222 427
223 979
224 234
225 286
226 761
227 1004
228 11
229 575
230 84
231 471
232 11
233 650
234 738
235 39
236 244
237 950
238 997
239 862
240 577
241 741
242 549
243 873
244 50
245 740
246 776
247 1066
248 61
249 804
250 594
251 1142
252 966
253 750
254 278
255 266
256 854
257 1053
258 851
259 751
260 850
261 389
262 434
263 493
264 670
265 254
266 594
267 838
268 573
269 894
270 485
271 1031
272 1120
273 844
274 669
275 979
276 266
277 307
278 720
279 942
280 872
281 326
282 591
283 1024
284 996
285 61
286 599
287 161
288 858
289 718
290 483
291 1062
292 991
293 350
294 1010
295 846
296 785
297 253
298 989
299 12
300 865
301 717
302 412
303 661
304 336
305 1076
306 601
307 223
308 1005
309 1070
310 350
311 625
312 248
313 597
314 566
315 97
316 631
317 1041
318 216
319 463
320 1009
321 104
322 195
323 248
324 960
325 197
326 1028
327 345
328 1117
329 84
330 117
331 668
332 178
333 174
334 515
335 702
336 923
337 128
338 244
339 423
340 127
341 528
342 145
343 719
344 852
345 89
346 306
347 527
348 914
349 434
350 1116
351 638
352 896
353 688
354 620
355 378
356 103
357 903
358 891
359 204
360 278
361 381
362 671
363 637
364 384
365 652
366 617
367 272
368 956
369 965
370 159
371 636
372 1138
373 467
374 33
375 210
376 715
377 469
378 75
379 708
380 595
381 632
382 855
383 266
384 721
385 777
386 238
387 350
388 948
389 43
390 683
391 995
392 224
393 713
394 547
395 684
396 921
397 505
398 786
399 576
400 348
401 608
402 467
403 203
404 697
405 726
406 216
407 877
408 995
409 706
410 1042
411 829
412 198
413 1078
414 490
415 623
416 128
417 355
418 206
419 141
420 1133
421 460
422 158
423 908
424 47
425 799
426 921
427 580
428 818
429 724
430 894
431 962
432 895
433 201
434 273
435 887
436 804
437 502
438 115
439 1108
440 605
441 143
442 113
443 1119
444 909
445 870
446 566
447 1017
448 899
449 986
450 774
451 38
452 1083
453 832
454 894
455 1025
456 521
457 396
458 720
459 177
460 292
461 1003
462 725
463 53
464 150
465 399
466 759
467 988
468 706
469 521
470 486
471 702
472 142
473 677
474 65
475 304
476 859
477 93
478 872
479 74
480 1085
481 644
482 935
483 439
484 743
485 1068
486 30
487 675
488 281
489 1072
490 98
491 1072
492 16
493 425
494 794
495 300
496 28
497 101
498 200
499 1049
500 225
501 339
502 279
503 409
504 88
505 1011
506 12
507 540
508 19
509 180
510 566
511 461
512 898
513 650
514 292
515 188
516 581
517 385
518 706
519 577
520 941
521 952
522 189
523 769
524 806
525 1134
526 400
527 230
528 462
529 810
530 758
531 826
532 581
533 422
534 795
535 494
536 945
537 322
538 416
539 372
540 1011
541 1032
542 603
543 562
544 197
545 483
546 122
547 621
548 66
549 779
550 246
551 1114
552 38
553 1144
554 227
555 708
556 248
557 281
558 716
559 179
560 1010
561 422
562 651
563 1022
564 889
565 237
566 784
567 442
568 790
569 320
570 509
571 25
572 672
573 1041
574 140
575 609
576 785
577 1017
578 755
579 1017
580 803
581 225
582 35
583 645
584 297
585 428
586 848
587 446
588 988
589 554
590 940
591 104
592 582
593 54
594 1035
595 1106
596 636
597 839
598 290
599 60
600 899
601 1087
602 966
603 870
604 534
605 248
606 923
607 966
608 124
609 810
610 434
611 552
612 129
613 578
614 863
615 787
616 139
617 19
618 1083
619 143
620 189
621 25
622 896
623 174
624 1035
625 29
626 240
627 874
628 12
629 299
630 166
631 613
632 220
633 214
634 577
635 310
636 250
637 629
638 1107
639 376
640 883
641 380
642 819
643 295
644 1052
645 24
646 241
647 202
648 835
649 399
650 856
651 1074
652 358
653 234
654 354
655 616
656 661
657 373
658 794
659 1058
660 805
661 359
662 414
663 217
664 992
665 1060
666 94
667 747
668 527
669 560
670 801
671 275
672 909
673 472
674 731
675 481
676 980
677 451
678 43
679 405
680 640
681 347
682 301
683 718
684 1096
685 844
686 700
687 270
688 871
689 139
690 459
691 394
692 886
693 1015
694 1090
695 976
696 949
697 514
698 71
699 1041
700 257
701 650
702 893
703 938
704 1056
705 169
706 970
707 258
708 32
709 192
710 1070
711 211
712 211
713 791
714 842
715 4
716 742
717 152
718 626
719 650
720 255
721 655
722 559
723 589
724 527
725 404
726 647
727 825
728 814
729 456
730 7
731 389
732 352
733 751
734 695
735 652
736 166
737 497
738 219
739 886
740 779
741 813
742 1083
743 769
744 593
745 441
746 1064
747 311
748 719
749 692
750 131
751 703
752 2
753 255
754 333
755 1102
756 792
757 26
758 234
759 408
760 164
761 198
762 307
763 429
764 797
765 481
766 1055
767 253
768 860
769 515
770 711
771 230
772 180
773 1078
774 303
775 1033
776 251
777 786
778 674
779 216
780 976
781 1082
782 347
783 977
784 1133
785 138
786 710
787 134
788 755
789 713
790 238
791 49
792 750
793 613
794 84
795 1024
796 335
797 707
798 169
799 240
800 738
801 896
802 553
803 44
804 836
805 191
806 866
807 614
808 1067
809 148
810 362
811 830
812 216
813 698
814 930
815 770
816 502
817 679
818 645
819 660
820 913
821 73
822 1062
823 577
824 949
825 138
826 173
827 759
828 193
829 871
830 201
831 823
832 261
833 995
834 417
835 670
836 489
837 753
838 720
839 1098
840 579
841 208
842 567
843 598
844 360
845 600
846 455
847 88
848 4
849 509
850 802
851 528
852 475
853 796
854 1073
855 562
856 939
857 783
858 1140
859 58
860 437
861 828
862 437
863 762
864 242
865 641
866 371
867 207
868 253
869 473
870 149
871 94
872 320
873 320
874 631
875 341
876 444
877 349
878 715
879 124
880 682
881 1094
882 106
883 21
884 521
885 435
886 820
887 577
888 114
889 224
890 90
891 776
892 470
893 806
894 379
895 728
896 806
897 387
898 385
899 550
900 96
901 633
902 925
903 136
904 1073
905 16
906 780
907 275
908 55
909 655
910 862
911 1029
912 683
913 798
914 619
915 50
916 888
917 967
918 944
919 725
920 143
921 462
922 852
923 6
924 287
925 449
926 896
927 889
928 260
929 874
930 427
931 79
932 646
933 683
934 901
935 302
936 275
937 8
938 345
939 966
940 173
941 920
942 706
943 209
944 702
945 21
946 792
947 402
948 995
949 612
950 811
951 108
952 33
953 493
954 805
955 765
956 673
957 974
958 389
959 167
960 43
961 95
962 399
963 265
964 599
965 663
966 379
967 711
968 448
969 135
970 914
971 987
972 1007
973 879
974 794
975 218
976 4
977 953
978 694
979 692
980 917
981 119
982 51
983 267
984 599
985 794
986 492
987 553
988 427
989 542
990 867
991 506
992 1128
993 454
994 948
995 117
996 659
997 812
998 987
999 1091
1000 215
1001 585
1002 330
1003 1027
1004 116
1005 146
1006 976
1007 48
1008 1120
1009 887
1010 528
1011 303
1012 1036
1013 66
1014 176
1015 15
1016 877
1017 467
1018 1111
1019 1145
1020 404
1021 1144
1022 683
1023 148
1024 528
1025 715
1026 1020
1027 914
1028 633
1029 34
1030 968
1031 165
1032 1079
1033 161
1034 300
1035 981
1036 326
1037 11
1038 1143
1039 689
1040 283
1041 125
1042 677
1043 106
1044 1035
1045 581
1046 1036
1047 992
1048 214
1049 217
1050 1018
1051 123
1052 862
1053 280
1054 367
1055 230
1056 651
1057 1096
1058 106
1059 120
1060 456
1061 251
1062 642
1063 986
1064 552
1065 315
1066 55
1067 494
1068 601
1069 273
1070 280
1071 338
1072 607
1073 1084
1074 228
1075 518
1076 578
1077 303
1078 799
1079 54
1080 989
1081 12
1082 1127
1083 869
1084 698
1085 427
1086 807
1087 341
1088 158
1089 169
1090 587
1091 999
1092 543
1093 741
1094 505
1095 690
1096 95
1097 251
1098 610
1099 78
1100 1014
1101 446
1102 318
1103 508
1104 661
1105 270
1106 688
1107 428
1108 805
1109 1067
1110 73
1111 761
1112 575
1113 640
1114 109
1115 360
1116 416
1117 581
1118 975
1119 158
1120 816
1121 918
1122 978
1123 1021
1124 199
1125 346
1126 540
1127 697
1128 570
1129 967
1130 1044
1131 413
1132 776
1133 95
1134 437
1135 1110
1136 260
1137 981
1138 97
1139 108
1140 879
1141 267
1142 41
1143 387
1144 351
1145 652
