0 783
1 494
2 153
3 226
4 999
5 42
6 829
7 705
8 1128
9 595
10 649
11 380
12 257
13 343
14 504
15 851
16 466
17 953
18 129
19 451
20 1083
21 761
22 505
23 172
24 658
25 420
26 301
27 1131
28 119
29 648
30 242
31 178
32 266
33 758
34 754
35 249
36 656
37 556
38 696
39 225
40 475
41 41
42 1005
43 629
44 799
45 422
46 874
47 1064
48 899
49 1020
50 389
51 1046
52 150
53 908
54 778
55 355
56 1094
57 99
58 797
59 786
60 555
61 1041
62 253
63 580
64 929
65 614
66 1143
67 738
68 345
69 540
70 134
71 342
72 325
73 802
74 1116
75 924
76 508
77 641
78 905
79 355
80 1024
81 519
82 975
83 610
84 784
85 406
86 395
87 808
88 40
89 1023
90 743
91 970
92 1028
93 151
94 906
95 1011
96 850
97 440
98 923
99 1037
100 957
101 65
102 211
103 383
104 72
105 430
106 9
107 40
108 561
109 425
110 764
111 96
112 1088
113 28
114 90
115 1003
116 793
117 976
118 845
119 241
120 651
121 879
122 326
123 742
124 638
125 597
126 38
127 864
128 935
129 1128
130 508
131 121
132 224
133 499
134 23
135 51
136 441
137 506
138 1127
139 264
140 1042
141 60
142 60
143 982
144 937
145 259
146 443
147 529
148 250
149 938
150 555
151 61
152 730
153 606
154 767
155 581
156 176
157 733
158 79
159 632
160 704
161 666
162 302
163 503
164 546
165 662
166 744
167 400
168 336
169 931
170 288
171 1091
172 440
173 472
174 180
175 131
176 296
177 813
178 49
179 975
180 653
181 961
182 91
183 841
184 183
185 256
186 1042
187 625
188 805
189 364
190 1017
191 1075
192 342
193 570
194 810
195 1068
196 910
197 810
198 618
199 410
200 651
201 418
202 768
203 777
204 386
205 1078
206 375
207 785
208 753
209 231
210 371
211 403
212 233
213 326
214 379
215 94
216 857
217 1028
218 1144
219 429
220 122
221 871
222 367
223 977
224 963
225 483
226 573
227 223
228 197
229 654
230 149
231 466
232 731
233 503
234 857
235 287
236 266
237 372
238 315
239 1062
240 830
241 1015
242 1132
243 459
244 931
245 868
246 263
247 1036
248 723
249 375
250 392
251 1031
252 451
253 1035
254 399
255 400
256 621
257 655
258 448
259 356
260 574
261 1084
262 439
263 422
264 1056
265 172
266 1032
267 896
268 90
269 600
270 156
271 827
272 922
273 801
274 1040
275 142
276 1129
277 491
278 470
279 677
280 493
281 564
282 14
283 141
284 963
285 41
286 638
287 1016
288 502
289 156
290 1072
291 142
292 599
293 801
294 743
295 336
296 693
297 756
298 520
299 263
300 124
301 480
302 776
303 487
304 384
305 759
306 264
307 153
308 157
309 1103
310 351
311 497
312 483
313 923
314 71
315 380
316 282
317 738
318 474
319 406
320 575
321 710
322 966
323 94
324 825
325 52
326 56
327 938
328 367
329 1104
330 660
331 371
332 147
333 762
334 31
335 918
336 1032
337 970
338 1048
339 811
340 484
341 1118
342 99
343 992
344 520
345 658
346 417
347 1096
348 798
349 796
350 643
351 353
352 580
353 241
354 1063
355 86
356 786
357 774
358 948
359 166
360 497
361 63
362 797
363 146
364 1030
365 955
366 132
367 106
368 265
369 2
370 65
371 767
372 855
373 277
374 468
375 69
376 1124
377 669
378 539
379 211
380 744
381 770
382 677
383 711
384 673
385 506
386 607
387 443
388 889
389 559
390 325
391 254
392 9
393 929
394 748
395 1091
396 886
397 598
398 747
399 919
400 1119
401 392
402 462
403 49
404 1100
405 108
406 597
407 1072
408 491
409 268
410 802
411 1103
412 860
413 1009
414 1055
415 1078
416 82
417 1041
418 632
419 1059
420 851
421 480
422 355
423 636
424 139
425 733
426 265
427 1067
428 703
429 971
430 827
431 9
432 943
433 300
434 423
435 986
436 700
437 765
438 861
439 666
440 595
441 411
442 275
443 783
444 1026
445 986
446 349
447 691
448 930
449 917
450 192
451 91
452 514
453 834
454 716
455 837
456 678
457 120
458 206
459 800
460 137
461 30
462 440
463 1050
464 459
465 97
466 158
467 774
468 326
469 792
470 1098
471 629
472 60
473 514
474 155
475 949
476 411
477 1087
478 353
479 171
480 26
481 608
482 592
483 1123
484 141
485 347
486 550
487 598
488 350
489 998
490 330
491 990
492 1022
493 357
494 824
495 991
496 781
497 433
498 1091
499 118
500 240
501 23
502 370
503 119
504 714
505 11
506 162
507 1098
508 242
509 406
510 16
511 1087
512 768
513 635
514 929
515 76
516 33
517 866
518 471
519 457
520 1078
521 982
522 363
523 337
524 676
525 560
526 289
527 276
528 117
529 170
530 76
531 980
532 6
533 1123
534 986
535 116
536 396
537 563
538 619
539 628
540 769
541 905
542 437
543 805
544 654
545 512
546 598
547 663
548 892
549 873
550 188
551 114
552 900
553 380
554 690
555 374
556 0
557 87
558 207
559 238
560 352
561 883
562 50
563 14
564 1075
565 912
566 591
567 425
568 34
569 1016
570 1119
571 1069
572 676
573 1054
574 106
575 306
576 320
577 1102
578 576
579 575
580 1019
581 79
582 758
583 146
584 1143
585 868
586 854
587 228
588 182
589 34
590 387
591 771
592 1056
593 294
594 412
595 744
596 951
597 876
598 433
599 191
600 1067
601 658
602 313
603 210
604 115
605 806
606 1105
607 362
608 867
609 626
610 346
611 7
612 931
613 146
614 5
615 214
616 584
617 483
618 263
619 682
620 145
621 792
622 979
623 123
624 555
625 859
626 156
627 109
628 974
629 158
630 261
631 518
632 766
633 444
634 580
635 980
636 984
637 47
638 236
639 598
640 73
641 969
642 227
643 257
644 1122
645 1048
646 66
647 849
648 372
649 861
650 925
651 292
652 263
653 1138
654 322
655 649
656 464
657 272
658 474
659 565
660 54
661 1118
662 905
663 722
664 734
665 92
666 35
667 427
668 950
669 164
670 184
671 1015
672 265
673 947
674 1010
675 270
676 77
677 1131
678 886
679 1037
680 548
681 1144
682 0
683 1062
684 970
685 253
686 1092
687 150
688 32
689 619
690 997
691 184
692 550
693 514
694 27
695 519
696 361
697 313
698 189
699 76
700 76
701 334
702 218
703 306
704 509
705 918
706 612
707 843
708 830
709 803
710 495
711 310
712 575
713 482
714 1074
715 844
716 510
717 915
718 830
719 375
720 454
721 373
722 420
723 170
724 149
725 58
726 351
727 124
728 84
729 683
730 862
731 927
732 122
733 789
734 1033
735 52
736 478
737 539
738 24
739 239
740 701
741 215
742 612
743 43
744 667
745 59
746 1138
747 920
748 191
749 1094
750 898
751 517
752 753
753 490
754 477
755 214
756 91
757 1114
758 987
759 42
760 936
761 22
762 101
763 637
764 975
765 119
766 1117
767 575
768 551
769 1118
770 529
771 434
772 600
773 476
774 621
775 1093
776 493
777 1051
778 950
779 394
780 115
781 1030
782 641
783 309
784 15
785 666
786 929
787 835
788 317
789 306
790 931
791 520
792 699
793 627
794 395
795 811
796 952
797 1008
798 505
799 913
800 473
801 203
802 586
803 246
804 174
805 147
806 776
807 383
808 169
809 954
810 1072
811 1023
812 387
813 658
814 211
815 77
816 172
817 449
818 529
819 913
820 192
821 813
822 255
823 1122
824 834
825 427
826 694
827 382
828 73
829 764
830 541
831 1009
832 511
833 1034
834 1117
835 881
836 1042
837 939
838 591
839 961
840 958
841 51
842 1016
843 806
844 885
845 383
846 255
847 69
848 342
849 208
850 644
851 20
852 450
853 983
854 935
855 709
856 706
857 390
858 516
859 1011
860 85
861 569
862 599
863 966
864 346
865 994
866 485
867 236
868 567
869 771
870 364
871 870
872 929
873 994
874 669
875 262
876 93
877 95
878 27
879 930
880 927
881 1051
882 317
883 1093
884 1071
885 783
886 124
887 431
888 107
889 905
890 635
891 1084
892 845
893 254
894 35
895 589
896 1127
897 892
898 31
899 592
900 889
901 194
902 888
903 835
904 470
905 524
906 448
907 189
908 636
909 319
910 1022
911 322
912 144
913 1002
914 304
915 61
916 488
917 33
918 323
919 866
920 920
921 571
922 172
923 84
924 617
925 265
926 485
927 521
928 1096
929 667
930 102
931 265
932 248
933 144
934 471
935 498
936 910
937 312
938 604
939 492
940 183
941 435
942 383
943 688
944 344
945 1014
946 851
947 543
948 382
949 813
950 1082
951 140
952 511
953 281
954 895
955 15
956 103
957 736
958 1129
959 985
960 662
961 789
962 1022
963 639
964 1118
965 805
966 587
967 395
968 431
969 643
970 332
971 1126
972 523
973 1059
974 999
975 890
976 592
977 1072
978 159
979 375
980 127
981 871
982 353
983 594
984 984
985 870
986 683
987 163
988 761
989 663
990 318
991 482
992 661
993 250
994 621
995 105
996 504
997 1038
998 514
999 1062
1000 119
1001 273
1002 856
1003 109
1004 1010
1005 634
1006 895
1007 574
1008 842
1009 589
1010 59
1011 188
1012 590
1013 722
1014 801
1015 122
1016 106
1017 177
1018 261
1019 1036
1020 897
1021 318
1022 267
1023 163
1024 889
1025 476
1026 823
1027 1144
1028 24
1029 396
1030 38
1031 435
1032 929
1033 323
1034 522
1035 381
1036 951
1037 282
1038 211
1039 752
1040 30
1041 3
1042 802
1043 572
1044 1056
1045 355
1046 214
1047 810
1048 884
1049 174
1050 754
1051 484
1052 274
1053 16
1054 455
1055 1042
1056 331
1057 96
1058 692
1059 816
1060 489
1061 426
1062 595
1063 1123
1064 426
1065 887
1066 669
1067 1139
1068 451
1069 890
1070 1015
1071 920
1072 46
1073 1014
1074 1012
1075 281
1076 820
1077 901
1078 779
1079 1058
1080 1026
1081 152
1082 490
1083 502
1084 236
1085 471
1086 776
1087 104
1088 169
1089 1126
1090 608
1091 437
1092 265
1093 1095
1094 613
1095 494
1096 1053
1097 1032
1098 584
1099 122
1100 733
1101 220
1102 163
1103 924
1104 801
1105 344
1106 681
1107 611
1108 265
1109 298
1110 362
1111 459
1112 145
1113 87
1114 238
1115 123
1116 347
1117 643
1118 778
1119 48
1120 688
1121 731
1122 736
1123 1141
1124 976
1125 452
1126 179
1127 324
1128 252
1129 257
1130 991
1131 890
1132 978
1133 176
1134 285
1135 325
1136 967
1137 1070
1138 509
1139 1009
1140 434
1141 673
1142 87
1143 433
1144 255
1145 51
0 783
1 494
2 153
3 769
4 139
5 42
6 829
7 705
8 739
9 1093
10 310
11 177
12 583
13 624
14 791
15 648
16 202
17 848
18 984
19 250
20 1083
21 761
22 654
23 811
24 658
25 338
26 93
27 1131
28 119
29 48
30 470
31 537
32 479
33 622
34 754
35 249
36 656
37 30
38 696
39 225
40 628
41 41
42 666
43 71
44 799
45 623
46 606
47 1064
48 375
49 1092
50 389
51 207
52 150
53 71
54 304
55 646
56 858
57 99
58 156
59 786
60 788
61 602
62 691
63 580
64 451
65 5
66 835
67 897
68 345
69 580
70 134
71 489
72 1014
73 244
74 1116
75 924
76 176
77 641
78 697
79 355
80 974
81 565
82 155
83 610
84 1007
85 406
86 429
87 808
88 40
89 99
90 738
91 207
92 1028
93 662
94 742
95 1011
96 946
97 440
98 530
99 858
100 630
101 65
102 41
103 92
104 177
105 1115
106 673
107 316
108 24
109 425
110 594
111 931
112 450
113 172
114 90
115 660
116 644
117 271
118 83
119 924
120 804
121 879
122 326
123 742
124 364
125 707
126 658
127 416
128 789
129 1128
130 583
131 121
132 142
133 499
134 934
135 304
136 280
137 1000
138 1127
139 1145
140 724
141 922
142 571
143 62
144 937
145 259
146 686
147 927
148 722
149 938
150 441
151 687
152 767
153 1086
154 456
155 581
156 1061
157 733
158 989
159 632
160 684
161 118
162 672
163 795
164 683
165 729
166 529
167 535
168 760
169 931
170 434
171 318
172 440
173 472
174 778
175 262
176 296
177 130
178 49
179 975
180 996
181 799
182 91
183 1032
184 965
185 77
186 1042
187 625
188 418
189 470
190 956
191 1075
192 342
193 582
194 266
195 1068
196 910
197 849
198 618
199 410
200 1123
201 418
202 768
203 223
204 55
205 1078
206 224
207 65
208 924
209 478
210 317
211 510
212 391
213 718
214 618
215 94
216 645
217 823
218 1144
219 131
220 122
221 692
222 367
223 700
224 963
225 1127
226 145
227 223
228 195
229 654
230 149
231 466
232 731
233 815
234 857
235 287
236 266
237 785
238 1014
239 621
240 830
241 533
242 1132
243 405
244 931
245 940
246 676
247 1036
248 723
249 375
250 392
251 1031
252 656
253 1035
254 399
255 593
256 621
257 655
258 448
259 356
260 574
261 1084
262 195
263 976
264 1056
265 862
266 1032
267 896
268 90
269 845
270 156
271 382
272 5
273 935
274 694
275 819
276 511
277 491
278 1046
279 677
280 493
281 564
282 160
283 141
284 963
285 830
286 465
287 938
288 822
289 1134
290 1072
291 159
292 1141
293 793
294 414
295 336
296 693
297 355
298 520
299 607
300 124
301 461
302 39
303 801
304 890
305 759
306 567
307 153
308 991
309 179
310 351
311 662
312 483
313 923
314 71
315 380
316 323
317 884
318 576
319 244
320 933
321 710
322 966
323 94
324 977
325 13
326 229
327 370
328 367
329 115
330 795
331 371
332 147
333 618
334 25
335 1121
336 417
337 467
338 478
339 1110
340 484
341 733
342 99
343 906
344 478
345 994
346 1133
347 718
348 732
349 315
350 1020
351 181
352 776
353 241
354 561
355 86
356 786
357 342
358 948
359 166
360 933
361 201
362 339
363 543
364 386
365 629
366 469
367 161
368 449
369 2
370 65
371 368
372 855
373 1110
374 639
375 545
376 502
377 669
378 539
379 211
380 991
381 770
382 36
383 844
384 673
385 549
386 84
387 1038
388 637
389 559
390 325
391 944
392 9
393 929
394 748
395 267
396 318
397 307
398 817
399 334
400 1119
401 392
402 462
403 49
404 1100
405 609
406 597
407 571
408 491
409 771
410 314
411 1081
412 1038
413 482
414 744
415 684
416 82
417 525
418 632
419 1059
420 851
421 578
422 355
423 259
424 139
425 466
426 121
427 230
428 628
429 815
430 1037
431 9
432 943
433 866
434 450
435 986
436 297
437 930
438 40
439 684
440 1091
441 635
442 275
443 534
444 1082
445 113
446 435
447 275
448 930
449 512
450 192
451 198
452 12
453 834
454 773
455 953
456 678
457 120
458 206
459 462
460 883
461 653
462 440
463 428
464 459
465 537
466 412
467 774
468 310
469 792
470 1098
471 629
472 43
473 923
474 942
475 992
476 327
477 1087
478 41
479 171
480 672
481 608
482 1125
483 882
484 1
485 347
486 268
487 191
488 350
489 998
490 690
491 990
492 665
493 253
494 215
495 991
496 140
497 892
498 1091
499 1030
500 240
501 204
502 370
503 647
504 262
505 330
506 850
507 1098
508 353
509 485
510 115
511 1087
512 1037
513 875
514 916
515 76
516 33
517 843
518 977
519 457
520 1078
521 982
522 182
523 480
524 676
525 560
526 16
527 743
528 357
529 1052
530 76
531 980
532 6
533 183
534 540
535 116
536 396
537 563
538 301
539 628
540 1077
541 905
542 437
543 905
544 1056
545 512
546 598
547 104
548 126
549 873
550 188
551 1099
552 1130
553 380
554 690
555 712
556 597
557 87
558 226
559 238
560 656
561 677
562 50
563 150
564 925
565 442
566 591
567 1133
568 34
569 1016
570 326
571 1054
572 332
573 1054
574 106
575 963
576 320
577 1102
578 1096
579 575
580 1019
581 292
582 758
583 295
584 421
585 868
586 854
587 575
588 445
589 588
590 4
591 885
592 421
593 294
594 412
595 613
596 1143
597 876
598 1078
599 191
600 1067
601 1036
602 34
603 626
604 634
605 1144
606 164
607 412
608 838
609 626
610 346
611 950
612 931
613 439
614 645
615 328
616 1102
617 483
618 117
619 248
620 145
621 792
622 740
623 415
624 820
625 137
626 156
627 180
628 974
629 158
630 261
631 598
632 828
633 230
634 83
635 482
636 726
637 47
638 108
639 598
640 73
641 655
642 812
643 121
644 1122
645 1048
646 66
647 849
648 372
649 861
650 925
651 566
652 111
653 1138
654 855
655 477
656 665
657 272
658 236
659 565
660 54
661 29
662 905
663 722
664 734
665 92
666 48
667 427
668 950
669 479
670 184
671 245
672 658
673 592
674 664
675 270
676 77
677 1131
678 1118
679 558
680 235
681 1144
682 0
683 45
684 226
685 857
686 585
687 614
688 32
689 502
690 567
691 184
692 550
693 771
694 27
695 953
696 1110
697 313
698 189
699 95
700 76
701 281
702 218
703 306
704 509
705 918
706 612
707 191
708 830
709 644
710 495
711 183
712 1079
713 482
714 1108
715 726
716 510
717 1112
718 830
719 375
720 454
721 1145
722 420
723 306
724 149
725 746
726 980
727 124
728 84
729 683
730 775
731 927
732 872
733 789
734 876
735 997
736 478
737 952
738 20
739 1083
740 701
741 784
742 612
743 1145
744 270
745 603
746 658
747 920
748 441
749 1094
750 697
751 1042
752 302
753 490
754 477
755 25
756 408
757 111
758 1046
759 619
760 936
761 429
762 101
763 139
764 501
765 119
766 1117
767 1124
768 7
769 1118
770 1078
771 211
772 600
773 839
774 621
775 96
776 493
777 1051
778 723
779 22
780 360
781 1030
782 218
783 603
784 1014
785 618
786 778
787 835
788 1090
789 306
790 762
791 713
792 699
793 627
794 267
795 525
796 806
797 934
798 505
799 845
800 404
801 975
802 586
803 939
804 174
805 747
806 505
807 1008
808 393
809 56
810 23
811 1023
812 387
813 658
814 290
815 812
816 172
817 449
818 90
819 719
820 192
821 746
822 981
823 960
824 834
825 427
826 414
827 603
828 540
829 764
830 677
831 1008
832 479
833 216
834 1117
835 425
836 175
837 899
838 767
839 770
840 693
841 36
842 784
843 806
844 885
845 154
846 255
847 904
848 342
849 379
850 727
851 326
852 450
853 312
854 1118
855 709
856 23
857 133
858 516
859 1011
860 134
861 569
862 249
863 143
864 968
865 994
866 485
867 236
868 567
869 465
870 1114
871 870
872 241
873 994
874 669
875 767
876 93
877 652
878 548
879 375
880 927
881 1051
882 317
883 1093
884 21
885 131
886 124
887 119
888 107
889 905
890 635
891 268
892 845
893 254
894 35
895 325
896 1127
897 82
898 31
899 592
900 729
901 1135
902 888
903 980
904 634
905 524
906 1084
907 189
908 636
909 319
910 504
911 652
912 144
913 1002
914 482
915 1063
916 488
917 41
918 323
919 498
920 393
921 571
922 172
923 84
924 617
925 314
926 485
927 405
928 1041
929 665
930 938
931 265
932 248
933 144
934 869
935 498
936 910
937 436
938 801
939 492
940 183
941 435
942 383
943 1013
944 172
945 1014
946 851
947 543
948 13
949 813
950 1082
951 140
952 511
953 528
954 397
955 571
956 570
957 22
958 1129
959 522
960 771
961 789
962 1022
963 374
964 20
965 805
966 587
967 622
968 431
969 1143
970 884
971 1126
972 1105
973 1129
974 999
975 890
976 466
977 1072
978 886
979 146
980 127
981 871
982 771
983 79
984 569
985 870
986 229
987 163
988 480
989 663
990 180
991 1028
992 1088
993 250
994 41
995 105
996 297
997 1038
998 733
999 1062
1000 525
1001 852
1002 856
1003 109
1004 903
1005 348
1006 895
1007 452
1008 842
1009 589
1010 59
1011 188
1012 590
1013 103
1014 801
1015 122
1016 106
1017 177
1018 261
1019 1036
1020 897
1021 318
1022 267
1023 132
1024 889
1025 891
1026 823
1027 1144
1028 24
1029 396
1030 38
1031 538
1032 73
1033 802
1034 522
1035 381
1036 859
1037 123
1038 211
1039 1105
1040 899
1041 359
1042 690
1043 569
1044 1056
1045 386
1046 427
1047 810
1048 558
1049 1087
1050 502
1051 484
1052 366
1053 615
1054 455
1055 1042
1056 331
1057 96
1058 123
1059 1120
1060 189
1061 426
1062 959
1063 967
1064 504
1065 887
1066 261
1067 459
1068 451
1069 890
1070 1015
1071 920
1072 514
1073 1014
1074 1012
1075 135
1076 820
1077 868
1078 575
1079 398
1080 120
1081 960
1082 490
1083 34
1084 1041
1085 345
1086 776
1087 253
1088 1068
1089 669
1090 608
1091 612
1092 908
1093 1095
1094 884
1095 1021
1096 1053
1097 284
1098 806
1099 18
1100 584
1101 220
1102 163
1103 583
1104 801
1105 823
1106 1084
1107 611
1108 838
1109 379
1110 362
1111 543
1112 179
1113 880
1114 623
1115 123
1116 347
1117 643
1118 316
1119 1073
1120 404
1121 587
1122 725
1123 152
1124 827
1125 976
1126 179
1127 324
1128 252
1129 264
1130 948
1131 273
1132 1119
1133 176
1134 789
1135 91
1136 188
1137 1070
1138 509
1139 729
1140 1
1141 673
1142 87
1143 227
1144 255
1145 585
