0 61
1 480
2 137
3 72
4 631
5 194
6 399
7 1049
8 399
9 452
10 245
11 42
12 1072
13 287
14 337
15 798
16 484
17 998
18 843
19 1050
20 36
21 1070
22 957
23 833
24 967
25 171
26 738
27 681
28 636
29 521
30 80
31 1127
32 0
33 283
34 502
35 857
36 534
37 830
38 636
39 197
40 546
41 1102
42 1091
43 631
44 159
45 137
46 993
47 864
48 1091
49 268
50 861
51 38
52 338
53 555
54 61
55 749
56 910
57 78
58 255
59 911
60 892
61 584
62 25
63 326
64 646
65 1015
66 1119
67 350
68 869
69 1058
70 331
71 267
72 45
73 241
74 85
75 994
76 995
77 799
78 204
79 562
80 1041
81 1013
82 486
83 60
84 549
85 507
86 492
87 18
88 776
89 338
90 993
91 1068
92 501
93 1041
94 381
95 1058
96 1007
97 638
98 352
99 440
100 298
101 911
102 763
103 390
104 662
105 134
106 1074
107 626
108 38
109 1007
110 1113
111 6
112 336
113 748
114 126
115 914
116 685
117 302
118 1029
119 1143
120 455
121 806
122 169
123 821
124 1056
125 375
126 477
127 116
128 841
129 612
130 772
131 512
132 88
133 429
134 206
135 877
136 476
137 614
138 101
139 725
140 903
141 1057
142 169
143 771
144 782
145 544
146 100
147 714
148 773
149 778
150 478
151 925
152 62
153 1057
154 560
155 727
156 136
157 405
158 31
159 514
160 244
161 921
162 187
163 1000
164 719
165 660
166 396
167 429
168 756
169 1019
170 234
171 710
172 905
173 472
174 30
175 127
176 974
177 247
178 227
179 982
180 173
181 11
182 878
183 887
184 405
185 949
186 494
187 843
188 377
189 1119
190 943
191 864
192 955
193 584
194 667
195 432
196 72
197 244
198 545
199 1020
200 1051
201 949
202 662
203 260
204 901
205 569
206 96
207 296
208 275
209 951
210 460
211 486
212 258
213 1113
214 253
215 468
216 186
217 127
218 201
219 813
220 91
221 397
222 753
223 276
224 444
225 1039
226 54
227 199
228 423
229 289
230 803
231 787
232 1001
233 444
234 831
235 365
236 518
237 104
238 331
239 964
240 235
241 276
242 206
243 374
244 974
245 139
246 56
247 603
248 744
249 353
250 368
251 376
252 199
253 412
254 398
255 303
256 1091
257 747
258 854
259 940
260 780
261 990
262 240
263 849
264 325
265 877
266 169
267 951
268 297
269 1024
270 707
271 772
272 1054
273 696
274 1104
275 390
276 554
277 838
278 965
279 852
280 914
281 644
282 821
283 153
284 1100
285 213
286 187
287 582
288 519
289 287
290 358
291 420
292 723
293 568
294 70
295 923
296 1138
297 489
298 22
299 568
300 174
301 900
302 248
303 142
304 326
305 704
306 1084
307 508
308 88
309 60
310 408
311 18
312 130
313 1143
314 15
315 52
316 895
317 230
318 591
319 653
320 1003
321 500
322 735
323 1035
324 82
325 948
326 317
327 727
328 648
329 281
330 194
331 876
332 84
333 798
334 589
335 164
336 481
337 165
338 831
339 1026
340 984
341 1113
342 951
343 204
344 101
345 89
346 838
347 1080
348 697
349 776
350 631
351 922
352 674
353 967
354 511
355 78
356 494
357 949
358 1121
359 261
360 388
361 741
362 61
363 851
364 577
365 158
366 408
367 1090
368 783
369 752
370 485
371 208
372 900
373 1128
374 671
375 753
376 587
377 198
378 850
379 58
380 812
381 268
382 325
383 671
384 567
385 549
386 1055
387 1058
388 973
389 17
390 142
391 582
392 557
393 1022
394 801
395 697
396 942
397 773
398 657
399 297
400 91
401 845
402 97
403 442
404 972
405 199
406 971
407 583
408 1117
409 340
410 923
411 684
412 304
413 758
414 876
415 1141
416 68
417 510
418 683
419 396
420 1076
421 953
422 496
423 309
424 262
425 1091
426 785
427 42
428 446
429 4
430 449
431 814
432 789
433 654
434 820
435 1126
436 1085
437 518
438 830
439 169
440 57
441 227
442 228
443 590
444 761
445 208
446 694
447 149
448 312
449 1127
450 299
451 976
452 151
453 880
454 76
455 410
456 702
457 664
458 877
459 324
460 230
461 138
462 1020
463 458
464 140
465 490
466 900
467 299
468 394
469 394
470 736
471 597
472 154
473 68
474 756
475 954
476 428
477 922
478 850
479 89
480 204
481 350
482 74
483 612
484 741
485 725
486 581
487 1064
488 63
489 682
490 770
491 848
492 936
493 591
494 777
495 1065
496 375
497 800
498 28
499 51
500 614
501 849
502 596
503 812
504 515
505 739
506 1078
507 352
508 111
509 842
510 669
511 629
512 662
513 512
514 1095
515 930
516 920
517 269
518 989
519 398
520 286
521 875
522 138
523 891
524 33
525 198
526 19
527 355
528 896
529 835
530 1089
531 567
532 923
533 1071
534 636
535 1125
536 1025
537 353
538 198
539 440
540 760
541 435
542 512
543 350
544 1013
545 385
546 606
547 312
548 871
549 252
550 1121
551 1089
552 406
553 473
554 306
555 445
556 367
557 389
558 906
559 40
560 310
561 423
562 732
563 56
564 49
565 893
566 773
567 728
568 252
569 213
570 547
571 413
572 989
573 747
574 1025
575 572
576 50
577 188
578 456
579 740
580 261
581 822
582 34
583 208
584 282
585 940
586 1063
587 206
588 836
589 13
590 860
591 353
592 146
593 641
594 50
595 572
596 971
597 1125
598 73
599 1091
600 1092
601 546
602 1051
603 470
604 294
605 867
606 247
607 469
608 1114
609 269
610 696
611 141
612 808
613 39
614 160
615 490
616 695
617 1092
618 201
619 40
620 762
621 1071
622 433
623 702
624 516
625 505
626 1011
627 263
628 342
629 265
630 977
631 1136
632 126
633 397
634 960
635 584
636 612
637 218
638 1058
639 321
640 964
641 998
642 218
643 260
644 126
645 681
646 374
647 1091
648 770
649 836
650 1048
651 188
652 299
653 446
654 1065
655 165
656 864
657 1039
658 765
659 672
660 297
661 258
662 771
663 310
664 294
665 133
666 477
667 764
668 221
669 747
670 1046
671 987
672 770
673 272
674 909
675 668
676 1132
677 13
678 354
679 706
680 511
681 1119
682 460
683 278
684 293
685 1104
686 217
687 735
688 266
689 1086
690 714
691 88
692 661
693 698
694 310
695 671
696 1079
697 6
698 911
699 707
700 139
701 494
702 654
703 877
704 1109
705 113
706 373
707 3
708 53
709 909
710 826
711 498
712 911
713 160
714 91
715 822
716 373
717 1091
718 68
719 1063
720 53
721 75
722 1116
723 224
724 263
725 472
726 961
727 651
728 631
729 1061
730 47
731 372
732 454
733 281
734 758
735 406
736 852
737 107
738 767
739 928
740 175
741 885
742 883
743 927
744 712
745 151
746 182
747 163
748 638
749 947
750 878
751 578
752 347
753 402
754 851
755 624
756 811
757 128
758 946
759 209
760 1098
761 288
762 112
763 644
764 338
765 949
766 115
767 212
768 588
769 272
770 48
771 641
772 489
773 120
774 367
775 225
776 365
777 740
778 462
779 434
780 217
781 988
782 1060
783 469
784 283
785 144
786 72
787 1082
788 319
789 218
790 491
791 340
792 117
793 290
794 114
795 285
796 841
797 457
798 357
799 846
800 270
801 872
802 388
803 61
804 110
805 397
806 1128
807 929
808 961
809 1095
810 97
811 75
812 786
813 552
814 458
815 689
816 390
817 1008
818 127
819 339
820 379
821 286
822 723
823 1063
824 416
825 702
826 678
827 427
828 169
829 1126
830 1125
831 470
832 145
833 734
834 360
835 569
836 406
837 832
838 441
839 1129
840 1103
841 818
842 401
843 195
844 639
845 697
846 581
847 425
848 714
849 150
850 931
851 1074
852 164
853 21
854 573
855 28
856 744
857 1091
858 115
859 451
860 466
861 654
862 574
863 1062
864 106
865 143
866 766
867 215
868 446
869 1016
870 1131
871 1112
872 733
873 727
874 783
875 881
876 949
877 158
878 202
879 52
880 691
881 1077
882 187
883 1087
884 333
885 929
886 1019
887 930
888 420
889 128
890 1085
891 122
892 203
893 115
894 1079
895 713
896 1129
897 376
898 626
899 876
900 172
901 174
902 873
903 919
904 774
905 336
906 686
907 132
908 437
909 1107
910 1092
911 41
912 835
913 711
914 670
915 231
916 233
917 1041
918 200
919 921
920 81
921 238
922 1088
923 930
924 1026
925 1090
926 654
927 310
928 318
929 517
930 158
931 974
932 1128
933 460
934 763
935 1135
936 363
937 889
938 846
939 547
940 514
941 324
942 814
943 944
944 891
945 293
946 751
947 934
948 120
949 1048
950 548
951 552
952 896
953 280
954 1126
955 496
956 319
957 1103
958 804
959 511
960 958
961 1111
962 804
963 761
964 1031
965 691
966 796
967 642
968 95
969 812
970 493
971 726
972 61
973 525
974 624
975 663
976 992
977 446
978 516
979 1135
980 704
981 791
982 474
983 513
984 1016
985 678
986 753
987 1118
988 271
989 725
990 343
991 764
992 66
993 544
994 1
995 812
996 1040
997 1015
998 50
999 120
1000 6
1001 1080
1002 0
1003 599
1004 91
1005 47
1006 1129
1007 359
1008 863
1009 359
1010 1065
1011 988
1012 814
1013 805
1014 574
1015 560
1016 562
1017 1079
1018 362
1019 310
1020 958
1021 404
1022 926
1023 780
1024 405
1025 728
1026 795
1027 1086
1028 1114
1029 145
1030 303
1031 200
1032 567
1033 1076
1034 829
1035 84
1036 59
1037 498
1038 1081
1039 415
1040 339
1041 448
1042 54
1043 1145
1044 862
1045 334
1046 1086
1047 1095
1048 248
1049 429
1050 514
1051 329
1052 465
1053 725
1054 40
1055 440
1056 28
1057 710
1058 181
1059 486
1060 1112
1061 604
1062 136
1063 736
1064 902
1065 735
1066 894
1067 274
1068 306
1069 401
1070 941
1071 134
1072 799
1073 903
1074 948
1075 425
1076 395
1077 505
1078 71
1079 259
1080 711
1081 138
1082 1139
1083 544
1084 876
1085 662
1086 445
1087 511
1088 51
1089 260
1090 860
1091 336
1092 814
1093 542
1094 927
1095 1027
1096 580
1097 291
1098 921
1099 662
1100 978
1101 1026
1102 1006
1103 299
1104 328
1105 901
1106 250
1107 987
1108 1005
1109 504
1110 749
1111 376
1112 903
1113 343
1114 554
1115 452
1116 273
1117 134
1118 75
1119 145
1120 789
1121 377
1122 361
1123 90
1124 973
1125 676
1126 818
1127 526
1128 81
1129 112
1130 1023
1131 97
1132 163
1133 1015
1134 1000
1135 197
1136 544
1137 467
1138 337
1139 157
1140 70
1141 953
1142 738
1143 99
1144 961
1145 187
0 61
1 480
2 107
3 72
4 135
5 194
6 399
7 245
8 399
9 452
10 776
11 201
12 79
13 287
14 587
15 514
16 484
17 502
18 843
19 1068
20 749
21 1070
22 636
23 833
24 967
25 171
26 738
27 547
28 351
29 521
30 936
31 1127
32 719
33 283
34 502
35 857
36 175
37 1108
38 636
39 348
40 546
41 351
42 1091
43 760
44 159
45 36
46 993
47 1027
48 554
49 498
50 715
51 763
52 338
53 174
54 991
55 749
56 465
57 78
58 89
59 911
60 892
61 584
62 48
63 1145
64 658
65 777
66 502
67 350
68 869
69 1070
70 89
71 34
72 77
73 241
74 85
75 994
76 861
77 113
78 204
79 562
80 1005
81 1013
82 469
83 60
84 781
85 295
86 391
87 554
88 807
89 338
90 993
91 876
92 501
93 968
94 375
95 406
96 1007
97 638
98 352
99 349
100 207
101 1068
102 763
103 390
104 377
105 454
106 13
107 381
108 314
109 1007
110 491
111 6
112 336
113 748
114 795
115 150
116 685
117 302
118 1029
119 1143
120 565
121 850
122 169
123 21
124 426
125 259
126 843
127 116
128 179
129 612
130 1064
131 668
132 649
133 986
134 206
135 324
136 476
137 614
138 621
139 153
140 950
141 1073
142 169
143 771
144 50
145 544
146 1137
147 316
148 773
149 1042
150 478
151 295
152 62
153 103
154 695
155 809
156 136
157 405
158 172
159 514
160 1051
161 915
162 187
163 1000
164 75
165 675
166 141
167 247
168 756
169 441
170 571
171 241
172 867
173 545
174 825
175 826
176 578
177 150
178 619
179 451
180 1088
181 792
182 878
183 650
184 405
185 949
186 494
187 952
188 793
189 456
190 943
191 864
192 955
193 781
194 667
195 903
196 806
197 826
198 545
199 41
200 985
201 949
202 662
203 157
204 901
205 426
206 315
207 979
208 1082
209 1001
210 460
211 172
212 642
213 705
214 253
215 468
216 393
217 127
218 420
219 813
220 952
221 397
222 753
223 276
224 444
225 210
226 54
227 789
228 423
229 289
230 803
231 787
232 1001
233 994
234 831
235 1038
236 518
237 745
238 902
239 964
240 577
241 949
242 206
243 591
244 444
245 139
246 615
247 1003
248 555
249 801
250 515
251 376
252 199
253 412
254 398
255 1046
256 1091
257 820
258 854
259 940
260 780
261 577
262 606
263 343
264 325
265 877
266 7
267 951
268 297
269 613
270 707
271 425
272 1054
273 653
274 69
275 943
276 167
277 838
278 1074
279 1145
280 439
281 644
282 861
283 153
284 245
285 213
286 187
287 165
288 111
289 399
290 358
291 420
292 565
293 568
294 844
295 326
296 1138
297 492
298 778
299 883
300 174
301 287
302 907
303 142
304 326
305 656
306 1020
307 267
308 88
309 60
310 597
311 18
312 130
313 1143
314 215
315 52
316 711
317 230
318 591
319 816
320 1003
321 194
322 735
323 530
324 233
325 948
326 317
327 366
328 725
329 281
330 215
331 761
332 84
333 841
334 570
335 164
336 297
337 603
338 831
339 88
340 984
341 657
342 48
343 502
344 765
345 711
346 912
347 1080
348 697
349 776
350 631
351 922
352 953
353 967
354 511
355 598
356 94
357 949
358 1072
359 393
360 420
361 741
362 1134
363 851
364 384
365 728
366 1097
367 1090
368 783
369 837
370 1040
371 208
372 946
373 695
374 711
375 118
376 179
377 722
378 186
379 58
380 812
381 268
382 1116
383 671
384 567
385 534
386 1055
387 1058
388 973
389 438
390 142
391 582
392 557
393 55
394 801
395 531
396 942
397 173
398 202
399 247
400 91
401 816
402 97
403 406
404 1066
405 793
406 971
407 1000
408 946
409 340
410 106
411 1066
412 905
413 76
414 876
415 1141
416 5
417 510
418 747
419 396
420 1076
421 396
422 496
423 476
424 262
425 543
426 573
427 160
428 1018
429 661
430 228
431 921
432 595
433 464
434 820
435 627
436 225
437 1066
438 830
439 722
440 57
441 227
442 228
443 1084
444 92
445 208
446 300
447 149
448 612
449 1127
450 289
451 976
452 151
453 880
454 512
455 410
456 602
457 664
458 22
459 324
460 230
461 138
462 141
463 458
464 973
465 825
466 236
467 183
468 837
469 394
470 736
471 597
472 318
473 1138
474 756
475 954
476 502
477 87
478 1031
479 868
480 662
481 941
482 346
483 662
484 889
485 78
486 581
487 348
488 63
489 619
490 770
491 452
492 11
493 944
494 1066
495 28
496 234
497 956
498 43
499 558
500 614
501 530
502 596
503 812
504 515
505 176
506 10
507 352
508 295
509 305
510 83
511 629
512 877
513 882
514 623
515 49
516 934
517 104
518 153
519 398
520 744
521 875
522 20
523 750
524 591
525 681
526 19
527 113
528 957
529 815
530 613
531 357
532 923
533 1071
534 636
535 888
536 756
537 346
538 198
539 440
540 571
541 768
542 776
543 350
544 730
545 385
546 606
547 312
548 503
549 211
550 228
551 561
552 899
553 910
554 697
555 342
556 367
557 72
558 906
559 40
560 1049
561 757
562 913
563 56
564 431
565 142
566 37
567 6
568 820
569 841
570 1027
571 413
572 989
573 264
574 1025
575 693
576 826
577 188
578 276
579 740
580 261
581 822
582 848
583 675
584 282
585 70
586 328
587 240
588 836
589 13
590 433
591 353
592 146
593 480
594 299
595 75
596 971
597 1125
598 964
599 543
600 757
601 546
602 467
603 95
604 294
605 439
606 247
607 254
608 1114
609 269
610 315
611 141
612 946
613 751
614 160
615 490
616 449
617 1092
618 336
619 31
620 252
621 901
622 554
623 717
624 327
625 505
626 211
627 516
628 342
629 265
630 125
631 1136
632 889
633 397
634 836
635 584
636 612
637 650
638 1058
639 321
640 964
641 840
642 218
643 1026
644 126
645 681
646 990
647 1091
648 924
649 356
650 507
651 188
652 299
653 446
654 410
655 735
656 540
657 1039
658 440
659 245
660 707
661 806
662 428
663 748
664 565
665 345
666 14
667 563
668 221
669 1122
670 313
671 987
672 770
673 931
674 530
675 745
676 106
677 13
678 768
679 746
680 511
681 594
682 763
683 278
684 1036
685 325
686 217
687 834
688 616
689 297
690 714
691 287
692 661
693 715
694 105
695 1134
696 1079
697 425
698 243
699 707
700 139
701 86
702 654
703 1084
704 1109
705 113
706 546
707 261
708 331
709 909
710 764
711 1128
712 911
713 479
714 979
715 822
716 883
717 1091
718 293
719 713
720 53
721 75
722 839
723 430
724 263
725 672
726 255
727 131
728 631
729 1107
730 153
731 162
732 1044
733 333
734 758
735 406
736 852
737 887
738 767
739 928
740 175
741 327
742 115
743 447
744 354
745 66
746 1008
747 163
748 642
749 947
750 878
751 1132
752 569
753 537
754 851
755 624
756 324
757 128
758 317
759 209
760 1013
761 315
762 112
763 644
764 772
765 949
766 115
767 318
768 588
769 828
770 294
771 641
772 0
773 672
774 367
775 225
776 89
777 46
778 455
779 175
780 522
781 988
782 1060
783 469
784 507
785 1082
786 264
787 1082
788 1137
789 218
790 1031
791 340
792 852
793 776
794 928
795 285
796 573
797 457
798 959
799 816
800 999
801 872
802 868
803 661
804 110
805 211
806 1128
807 929
808 961
809 83
810 97
811 125
812 254
813 552
814 723
815 689
816 127
817 636
818 127
819 36
820 379
821 995
822 815
823 918
824 416
825 702
826 188
827 670
828 88
829 324
830 807
831 994
832 843
833 487
834 520
835 85
836 406
837 151
838 441
839 1129
840 857
841 686
842 612
843 670
844 639
845 513
846 581
847 812
848 714
849 417
850 291
851 1138
852 164
853 21
854 466
855 28
856 744
857 1006
858 394
859 951
860 419
861 546
862 267
863 360
864 106
865 616
866 317
867 919
868 1067
869 562
870 1008
871 557
872 733
873 515
874 783
875 228
876 188
877 158
878 412
879 547
880 691
881 687
882 269
883 1087
884 115
885 1058
886 305
887 913
888 982
889 672
890 1085
891 833
892 1084
893 115
894 1114
895 789
896 857
897 376
898 626
899 876
900 172
901 174
902 745
903 919
904 774
905 1037
906 686
907 132
908 1067
909 1107
910 1092
911 301
912 1073
913 145
914 670
915 231
916 153
917 1141
918 988
919 579
920 809
921 313
922 40
923 930
924 24
925 1090
926 1025
927 310
928 318
929 871
930 682
931 974
932 1128
933 460
934 831
935 1135
936 712
937 889
938 846
939 597
940 263
941 751
942 1120
943 944
944 259
945 548
946 1027
947 934
948 120
949 854
950 688
951 1073
952 447
953 276
954 1028
955 496
956 319
957 424
958 804
959 40
960 958
961 24
962 265
963 761
964 739
965 430
966 20
967 939
968 95
969 95
970 815
971 50
972 61
973 525
974 624
975 663
976 247
977 446
978 124
979 1135
980 704
981 634
982 295
983 513
984 660
985 373
986 753
987 1118
988 600
989 725
990 958
991 764
992 1006
993 89
994 650
995 812
996 710
997 637
998 50
999 120
1000 870
1001 468
1002 1058
1003 164
1004 202
1005 47
1006 482
1007 1018
1008 374
1009 359
1010 1065
1011 988
1012 814
1013 987
1014 48
1015 42
1016 562
1017 678
1018 1051
1019 139
1020 708
1021 404
1022 454
1023 720
1024 405
1025 765
1026 287
1027 1086
1028 602
1029 50
1030 186
1031 798
1032 213
1033 1076
1034 199
1035 207
1036 471
1037 483
1038 1081
1039 85
1040 879
1041 448
1042 54
1043 1093
1044 862
1045 405
1046 795
1047 1095
1048 248
1049 524
1050 715
1051 650
1052 465
1053 725
1054 94
1055 1074
1056 28
1057 143
1058 737
1059 70
1060 1112
1061 604
1062 342
1063 736
1064 902
1065 735
1066 894
1067 274
1068 196
1069 840
1070 787
1071 134
1072 276
1073 423
1074 923
1075 425
1076 439
1077 570
1078 585
1079 259
1080 478
1081 434
1082 605
1083 600
1084 971
1085 662
1086 445
1087 511
1088 51
1089 166
1090 447
1091 560
1092 581
1093 293
1094 927
1095 1027
1096 580
1097 291
1098 921
1099 662
1100 597
1101 333
1102 486
1103 299
1104 1126
1105 595
1106 250
1107 176
1108 253
1109 740
1110 920
1111 399
1112 197
1113 482
1114 701
1115 571
1116 273
1117 1070
1118 75
1119 107
1120 509
1121 377
1122 361
1123 904
1124 973
1125 676
1126 818
1127 526
1128 66
1129 696
1130 1049
1131 97
1132 163
1133 312
1134 1000
1135 84
1136 544
1137 331
1138 429
1139 157
1140 70
1141 382
1142 740
1143 927
1144 961
1145 187
