0 379
1 692
2 596
3 220
4 487
5 895
6 1023
7 968
8 758
9 53
10 821
11 821
12 327
13 985
14 813
15 60
16 797
17 620
18 695
19 949
20 382
21 573
22 671
23 379
24 625
25 979
26 527
27 358
28 514
29 55
30 537
31 318
32 1018
33 844
34 497
35 1082
36 468
37 490
38 449
39 717
40 586
41 522
42 1087
43 24
44 1121
45 1108
46 426
47 826
48 160
49 508
50 884
51 124
52 230
53 725
54 64
55 165
56 516
57 263
58 533
59 790
60 356
61 1138
62 995
63 990
64 494
65 199
66 919
67 0
68 245
69 671
70 1100
71 993
72 780
73 1123
74 90
75 675
76 831
77 939
78 74
79 936
80 1097
81 935
82 644
83 3
84 448
85 741
86 492
87 976
88 441
89 247
90 843
91 31
92 133
93 1020
94 877
95 1143
96 239
97 269
98 870
99 308
100 844
101 492
102 1045
103 669
104 703
105 1102
106 1107
107 168
108 166
109 839
110 250
111 273
112 281
113 636
114 890
115 300
116 901
117 614
118 174
119 551
120 1
121 372
122 162
123 463
124 67
125 221
126 310
127 719
128 91
129 452
130 766
131 1089
132 81
133 843
134 662
135 149
136 593
137 1052
138 43
139 343
140 851
141 975
142 809
143 744
144 328
145 59
146 1105
147 696
148 447
149 207
150 317
151 535
152 26
153 27
154 885
155 300
156 267
157 620
158 861
159 526
160 812
161 1064
162 311
163 243
164 323
165 31
166 569
167 1084
168 559
169 1046
170 549
171 658
172 181
173 159
174 615
175 341
176 951
177 434
178 541
179 403
180 1103
181 227
182 462
183 773
184 398
185 292
186 29
187 289
188 572
189 640
190 477
191 195
192 880
193 1
194 271
195 268
196 727
197 732
198 1042
199 195
200 870
201 790
202 388
203 590
204 517
205 1097
206 36
207 372
208 1048
209 1076
210 163
211 805
212 622
213 111
214 320
215 634
216 480
217 147
218 322
219 202
220 944
221 22
222 349
223 828
224 233
225 343
226 770
227 670
228 353
229 733
230 637
231 215
232 943
233 105
234 349
235 953
236 644
237 161
238 175
239 541
240 13
241 359
242 10
243 654
244 732
245 952
246 1120
247 838
248 1025
249 710
250 1121
251 963
252 108
253 965
254 213
255 656
256 296
257 270
258 973
259 112
260 86
261 556
262 1036
263 513
264 727
265 414
266 352
267 747
268 1114
269 627
270 810
271 1137
272 1104
273 585
274 1074
275 158
276 671
277 348
278 26
279 708
280 300
281 354
282 760
283 291
284 509
285 652
286 868
287 691
288 127
289 1060
290 57
291 4
292 603
293 221
294 867
295 417
296 504
297 751
298 919
299 126
300 799
301 835
302 1140
303 591
304 328
305 141
306 503
307 782
308 1033
309 779
310 190
311 1032
312 442
313 1100
314 705
315 887
316 909
317 625
318 404
319 1036
320 607
321 792
322 301
323 180
324 413
325 903
326 695
327 1047
328 716
329 214
330 770
331 880
332 109
333 625
334 335
335 181
336 592
337 884
338 799
339 909
340 568
341 956
342 466
343 87
344 906
345 243
346 1104
347 991
348 717
349 282
350 266
351 173
352 312
353 995
354 348
355 244
356 834
357 1026
358 746
359 742
360 698
361 802
362 547
363 589
364 604
365 805
366 637
367 751
368 1041
369 1021
370 210
371 131
372 820
373 208
374 1022
375 392
376 628
377 886
378 953
379 1133
380 891
381 165
382 709
383 445
384 959
385 149
386 592
387 338
388 521
389 1140
390 463
391 270
392 205
393 662
394 563
395 990
396 243
397 1139
398 112
399 942
400 994
401 260
402 921
403 997
404 570
405 504
406 1084
407 257
408 854
409 528
410 1018
411 780
412 83
413 83
414 788
415 332
416 1002
417 542
418 884
419 374
420 285
421 787
422 200
423 848
424 589
425 331
426 602
427 1089
428 636
429 977
430 143
431 737
432 718
433 1097
434 100
435 849
436 10
437 664
438 906
439 595
440 911
441 447
442 28
443 780
444 786
445 489
446 480
447 1105
448 298
449 464
450 809
451 955
452 545
453 226
454 1069
455 1008
456 1143
457 7
458 357
459 229
460 66
461 192
462 323
463 926
464 675
465 465
466 841
467 944
468 336
469 478
470 76
471 673
472 337
473 72
474 439
475 607
476 910
477 177
478 1126
479 43
480 677
481 339
482 278
483 866
484 585
485 782
486 481
487 529
488 331
489 232
490 980
491 695
492 123
493 215
494 1122
495 557
496 109
497 413
498 693
499 462
500 1084
501 197
502 427
503 1022
504 480
505 765
506 243
507 197
508 263
509 880
510 963
511 931
512 584
513 557
514 1035
515 649
516 661
517 336
518 725
519 370
520 133
521 876
522 344
523 345
524 440
525 190
526 175
527 195
528 470
529 951
530 774
531 1101
532 913
533 516
534 288
535 859
536 665
537 44
538 702
539 551
540 626
541 305
542 263
543 995
544 208
545 620
546 19
547 109
548 1005
549 739
550 370
551 562
552 372
553 400
554 399
555 611
556 247
557 1080
558 659
559 951
560 967
561 725
562 997
563 175
564 560
565 212
566 1107
567 898
568 1049
569 415
570 89
571 880
572 1062
573 315
574 501
575 980
576 234
577 1011
578 649
579 396
580 96
581 1123
582 531
583 987
584 689
585 561
586 400
587 61
588 628
589 153
590 761
591 993
592 111
593 37
594 609
595 595
596 766
597 399
598 30
599 371
600 1012
601 81
602 354
603 757
604 745
605 920
606 594
607 794
608 812
609 399
610 1035
611 211
612 321
613 98
614 1065
615 499
616 1131
617 1136
618 556
619 800
620 622
621 386
622 943
623 271
624 156
625 973
626 30
627 891
628 907
629 881
630 955
631 172
632 1121
633 1138
634 515
635 327
636 790
637 1034
638 1102
639 294
640 269
641 423
642 827
643 447
644 512
645 499
646 24
647 830
648 795
649 417
650 671
651 866
652 979
653 660
654 390
655 1011
656 709
657 412
658 671
659 351
660 805
661 672
662 241
663 85
664 924
665 1005
666 848
667 435
668 520
669 317
670 1125
671 834
672 1067
673 474
674 250
675 516
676 596
677 505
678 1033
679 155
680 664
681 363
682 37
683 819
684 1019
685 333
686 542
687 214
688 684
689 464
690 252
691 578
692 177
693 206
694 758
695 120
696 147
697 502
698 1054
699 91
700 949
701 1122
702 533
703 1089
704 114
705 938
706 240
707 558
708 410
709 727
710 704
711 684
712 577
713 654
714 818
715 137
716 730
717 1121
718 403
719 686
720 975
721 768
722 279
723 1090
724 554
725 279
726 322
727 56
728 998
729 47
730 627
731 552
732 726
733 854
734 1144
735 604
736 511
737 607
738 274
739 564
740 546
741 73
742 256
743 302
744 629
745 699
746 629
747 1088
748 548
749 212
750 763
751 1135
752 276
753 296
754 498
755 214
756 478
757 722
758 156
759 305
760 668
761 474
762 984
763 473
764 105
765 459
766 943
767 371
768 1084
769 37
770 1071
771 1045
772 139
773 146
774 401
775 688
776 238
777 623
778 941
779 819
780 1073
781 1041
782 1083
783 528
784 742
785 1070
786 1029
787 1135
788 1115
789 761
790 301
791 248
792 208
793 783
794 392
795 230
796 790
797 386
798 1079
799 21
800 517
801 1111
802 875
803 309
804 792
805 410
806 383
807 997
808 378
809 723
810 698
811 368
812 787
813 655
814 1120
815 328
816 883
817 692
818 271
819 853
820 63
821 522
822 62
823 164
824 702
825 241
826 429
827 1115
828 329
829 860
830 1023
831 241
832 665
833 493
834 234
835 104
836 686
837 764
838 396
839 189
840 833
841 218
842 28
843 924
844 169
845 375
846 385
847 6
848 24
849 297
850 428
851 1112
852 118
853 91
854 528
855 620
856 535
857 757
858 254
859 519
860 469
861 375
862 478
863 384
864 893
865 262
866 197
867 64
868 904
869 925
870 712
871 210
872 953
873 583
874 73
875 5
876 1107
877 361
878 43
879 1080
880 830
881 788
882 1141
883 170
884 965
885 376
886 1144
887 592
888 431
889 281
890 1112
891 307
892 598
893 280
894 630
895 940
896 891
897 1014
898 820
899 490
900 123
901 6
902 179
903 505
904 536
905 308
906 888
907 79
908 472
909 210
910 804
911 40
912 539
913 914
914 1009
915 849
916 274
917 497
918 566
919 89
920 23
921 503
922 37
923 359
924 83
925 144
926 621
927 22
928 965
929 1068
930 427
931 285
932 218
933 796
934 838
935 117
936 900
937 478
938 6
939 690
940 779
941 1099
942 759
943 458
944 736
945 761
946 490
947 295
948 161
949 490
950 23
951 692
952 682
953 807
954 603
955 837
956 468
957 288
958 568
959 198
960 27
961 915
962 125
963 306
964 541
965 753
966 130
967 105
968 280
969 932
970 1070
971 92
972 489
973 117
974 195
975 815
976 78
977 106
978 903
979 408
980 85
981 953
982 130
983 20
984 1014
985 755
986 849
987 728
988 784
989 1002
990 211
991 115
992 1045
993 52
994 216
995 531
996 193
997 289
998 947
999 121
1000 255
1001 433
1002 383
1003 526
1004 439
1005 670
1006 509
1007 1123
1008 63
1009 966
1010 86
1011 736
1012 960
1013 661
1014 349
1015 873
1016 582
1017 729
1018 866
1019 145
1020 917
1021 373
1022 1141
1023 1035
1024 784
1025 339
1026 1092
1027 392
1028 21
1029 287
1030 739
1031 371
1032 1036
1033 433
1034 30
1035 148
1036 349
1037 894
1038 410
1039 196
1040 195
1041 386
1042 632
1043 835
1044 47
1045 442
1046 564
1047 167
1048 12
1049 42
1050 421
1051 355
1052 491
1053 829
1054 657
1055 537
1056 63
1057 926
1058 626
1059 687
1060 802
1061 75
1062 1136
1063 727
1064 622
1065 661
1066 543
1067 182
1068 675
1069 938
1070 1101
1071 42
1072 288
1073 454
1074 994
1075 45
1076 890
1077 794
1078 271
1079 1024
1080 353
1081 576
1082 120
1083 266
1084 1043
1085 715
1086 869
1087 337
1088 515
1089 345
1090 402
1091 797
1092 784
1093 516
1094 658
1095 827
1096 149
1097 1028
1098 1047
1099 417
1100 322
1101 501
1102 41
1103 1030
1104 1106
1105 499
1106 193
1107 672
1108 474
1109 206
1110 6
1111 624
1112 170
1113 857
1114 551
1115 319
1116 335
1117 418
1118 835
1119 995
1120 194
1121 354
1122 442
1123 22
1124 206
1125 853
1126 0
1127 153
1128 165
1129 779
1130 63
1131 197
1132 886
1133 713
1134 591
1135 967
1136 293
1137 240
1138 595
1139 448
1140 335
1141 1066
1142 373
1143 577
1144 431
1145 401
0 658
1 1067
2 1131
3 559
4 306
5 1116
6 577
7 353
8 267
9 53
10 821
11 821
12 327
13 568
14 926
15 687
16 646
17 620
18 682
19 58
20 603
21 799
22 816
23 1100
24 519
25 979
26 475
27 36
28 514
29 320
30 728
31 421
32 1018
33 126
34 497
35 32
36 969
37 911
38 449
39 717
40 315
41 522
42 332
43 648
44 1121
45 771
46 403
47 826
48 160
49 262
50 89
51 711
52 230
53 506
54 64
55 431
56 271
57 263
58 492
59 1013
60 21
61 711
62 995
63 523
64 494
65 199
66 919
67 772
68 245
69 671
70 264
71 993
72 876
73 1093
74 90
75 930
76 173
77 200
78 520
79 362
80 617
81 25
82 644
83 796
84 97
85 741
86 47
87 256
88 206
89 134
90 1079
91 464
92 133
93 839
94 877
95 1143
96 510
97 976
98 870
99 308
100 844
101 684
102 1105
103 669
104 254
105 1102
106 1107
107 168
108 1077
109 341
110 1011
111 273
112 281
113 636
114 890
115 300
116 1033
117 614
118 815
119 95
120 952
121 372
122 162
123 463
124 372
125 221
126 753
127 660
128 91
129 403
130 839
131 993
132 81
133 994
134 662
135 988
136 71
137 192
138 341
139 378
140 120
141 968
142 1014
143 865
144 1111
145 59
146 1105
147 696
148 447
149 207
150 712
151 259
152 26
153 677
154 885
155 955
156 49
157 620
158 861
159 526
160 812
161 721
162 311
163 356
164 323
165 31
166 569
167 1084
168 578
169 1046
170 930
171 658
172 1125
173 13
174 615
175 461
176 771
177 468
178 458
179 403
180 930
181 489
182 462
183 240
184 1110
185 791
186 295
187 573
188 572
189 384
190 743
191 523
192 925
193 1
194 271
195 268
196 786
197 732
198 1042
199 373
200 343
201 790
202 388
203 590
204 517
205 1097
206 885
207 372
208 1006
209 1076
210 324
211 479
212 68
213 706
214 517
215 634
216 480
217 871
218 284
219 202
220 374
221 836
222 349
223 618
224 24
225 5
226 496
227 256
228 326
229 706
230 560
231 691
232 399
233 977
234 902
235 602
236 568
237 501
238 639
239 541
240 13
241 359
242 798
243 654
244 1013
245 970
246 815
247 838
248 1103
249 672
250 788
251 525
252 1057
253 511
254 1008
255 656
256 125
257 270
258 211
259 112
260 1134
261 150
262 1036
263 513
264 835
265 544
266 153
267 976
268 1144
269 444
270 176
271 1137
272 1104
273 585
274 120
275 1013
276 824
277 348
278 282
279 103
280 116
281 708
282 760
283 970
284 523
285 652
286 309
287 1053
288 480
289 1060
290 215
291 4
292 603
293 221
294 374
295 99
296 202
297 751
298 919
299 126
300 592
301 638
302 1072
303 591
304 874
305 554
306 503
307 782
308 1033
309 1062
310 880
311 162
312 442
313 1100
314 705
315 190
316 395
317 292
318 58
319 180
320 180
321 197
322 301
323 1116
324 311
325 903
326 819
327 945
328 54
329 617
330 770
331 858
332 864
333 440
334 335
335 916
336 592
337 884
338 799
339 1059
340 1111
341 956
342 466
343 19
344 906
345 626
346 836
347 650
348 717
349 166
350 266
351 173
352 536
353 995
354 348
355 899
356 784
357 1035
358 492
359 824
360 698
361 1048
362 539
363 589
364 792
365 576
366 594
367 751
368 1041
369 521
370 511
371 476
372 820
373 595
374 289
375 392
376 9
377 824
378 71
379 1133
380 402
381 343
382 709
383 926
384 508
385 1096
386 592
387 338
388 521
389 33
390 463
391 270
392 205
393 594
394 563
395 479
396 151
397 668
398 454
399 99
400 994
401 260
402 921
403 997
404 570
405 627
406 284
407 257
408 974
409 708
410 1018
411 780
412 265
413 708
414 788
415 332
416 1002
417 542
418 194
419 115
420 481
421 643
422 439
423 848
424 975
425 360
426 17
427 555
428 841
429 977
430 143
431 737
432 718
433 124
434 873
435 849
436 10
437 775
438 906
439 548
440 911
441 146
442 710
443 780
444 786
445 489
446 480
447 1102
448 298
449 464
450 211
451 651
452 545
453 775
454 351
455 419
456 1143
457 368
458 1026
459 314
460 66
461 130
462 902
463 926
464 205
465 465
466 434
467 310
468 815
469 750
470 210
471 1038
472 337
473 72
474 439
475 317
476 289
477 633
478 296
479 480
480 580
481 692
482 911
483 696
484 1099
485 782
486 481
487 529
488 331
489 232
490 233
491 123
492 796
493 215
494 589
495 505
496 109
497 836
498 1035
499 617
500 463
501 165
502 1051
503 1022
504 480
505 765
506 358
507 1081
508 263
509 880
510 963
511 191
512 171
513 504
514 614
515 1127
516 355
517 336
518 725
519 383
520 127
521 876
522 344
523 534
524 440
525 190
526 175
527 195
528 726
529 951
530 856
531 1101
532 737
533 275
534 288
535 15
536 665
537 44
538 702
539 551
540 626
541 500
542 263
543 995
544 569
545 379
546 19
547 109
548 1005
549 739
550 13
551 42
552 220
553 668
554 595
555 725
556 855
557 266
558 659
559 951
560 765
561 725
562 997
563 175
564 752
565 212
566 315
567 261
568 1049
569 407
570 89
571 880
572 659
573 315
574 1126
575 980
576 1093
577 303
578 1142
579 404
580 201
581 797
582 1026
583 987
584 535
585 109
586 346
587 239
588 829
589 153
590 761
591 501
592 111
593 37
594 328
595 712
596 766
597 306
598 30
599 371
600 573
601 679
602 592
603 757
604 745
605 694
606 35
607 782
608 879
609 399
610 800
611 211
612 321
613 98
614 659
615 499
616 1131
617 1136
618 556
619 1137
620 1107
621 386
622 943
623 491
624 805
625 973
626 30
627 902
628 930
629 512
630 180
631 441
632 611
633 346
634 450
635 327
636 790
637 1034
638 443
639 294
640 269
641 423
642 1017
643 904
644 413
645 499
646 24
647 830
648 728
649 417
650 671
651 866
652 54
653 228
654 390
655 1011
656 709
657 412
658 671
659 493
660 805
661 672
662 241
663 85
664 934
665 509
666 805
667 48
668 520
669 317
670 1125
671 686
672 826
673 474
674 250
675 516
676 1008
677 505
678 1033
679 529
680 320
681 451
682 37
683 819
684 953
685 333
686 348
687 214
688 540
689 777
690 252
691 578
692 177
693 206
694 758
695 120
696 570
697 876
698 1054
699 91
700 949
701 1122
702 533
703 1089
704 580
705 504
706 240
707 646
708 410
709 289
710 233
711 684
712 577
713 654
714 574
715 873
716 544
717 1121
718 403
719 386
720 50
721 608
722 839
723 1090
724 297
725 1097
726 322
727 389
728 1138
729 512
730 627
731 552
732 24
733 743
734 1144
735 1061
736 783
737 607
738 274
739 564
740 276
741 107
742 256
743 302
744 340
745 699
746 629
747 524
748 548
749 212
750 308
751 405
752 276
753 841
754 498
755 717
756 326
757 859
758 487
759 305
760 668
761 474
762 984
763 473
764 930
765 824
766 317
767 371
768 807
769 37
770 592
771 1045
772 139
773 526
774 401
775 688
776 717
777 150
778 941
779 819
780 858
781 1041
782 396
783 249
784 742
785 695
786 996
787 43
788 49
789 761
790 301
791 313
792 208
793 783
794 894
795 230
796 609
797 386
798 1079
799 21
800 759
801 1111
802 875
803 182
804 941
805 822
806 1110
807 997
808 172
809 580
810 650
811 368
812 787
813 655
814 576
815 328
816 883
817 692
818 678
819 853
820 254
821 513
822 158
823 707
824 702
825 622
826 916
827 555
828 676
829 864
830 840
831 241
832 1102
833 978
834 2
835 104
836 1116
837 512
838 396
839 893
840 231
841 668
842 458
843 11
844 814
845 1019
846 385
847 6
848 24
849 1119
850 531
851 518
852 716
853 68
854 416
855 620
856 515
857 824
858 113
859 519
860 646
861 375
862 478
863 38
864 977
865 433
866 249
867 64
868 904
869 44
870 712
871 526
872 953
873 583
874 73
875 454
876 1107
877 361
878 132
879 948
880 181
881 788
882 1141
883 731
884 1053
885 376
886 1144
887 820
888 686
889 281
890 740
891 487
892 9
893 280
894 518
895 828
896 809
897 1014
898 315
899 657
900 123
901 810
902 179
903 505
904 536
905 45
906 1096
907 436
908 472
909 210
910 974
911 716
912 539
913 1041
914 6
915 849
916 274
917 497
918 566
919 718
920 23
921 220
922 558
923 359
924 83
925 1135
926 621
927 22
928 1102
929 1068
930 378
931 1052
932 218
933 676
934 838
935 117
936 371
937 343
938 6
939 858
940 779
941 1099
942 759
943 942
944 736
945 761
946 1103
947 752
948 161
949 490
950 23
951 692
952 742
953 786
954 484
955 837
956 468
957 288
958 568
959 801
960 27
961 915
962 125
963 306
964 968
965 753
966 569
967 1040
968 2
969 205
970 18
971 1091
972 489
973 1116
974 740
975 668
976 78
977 106
978 139
979 749
980 425
981 295
982 210
983 20
984 1014
985 954
986 337
987 206
988 207
989 923
990 560
991 1143
992 1045
993 336
994 216
995 667
996 868
997 723
998 695
999 390
1000 255
1001 568
1002 1122
1003 658
1004 809
1005 758
1006 310
1007 1133
1008 63
1009 50
1010 86
1011 736
1012 960
1013 442
1014 178
1015 678
1016 582
1017 729
1018 866
1019 1133
1020 917
1021 373
1022 1141
1023 759
1024 740
1025 339
1026 214
1027 392
1028 21
1029 270
1030 739
1031 262
1032 1036
1033 433
1034 271
1035 92
1036 770
1037 58
1038 541
1039 196
1040 195
1041 386
1042 632
1043 99
1044 1008
1045 442
1046 737
1047 471
1048 12
1049 42
1050 629
1051 355
1052 1084
1053 1039
1054 657
1055 537
1056 688
1057 592
1058 377
1059 403
1060 802
1061 322
1062 865
1063 175
1064 622
1065 661
1066 174
1067 182
1068 675
1069 938
1070 1101
1071 42
1072 1106
1073 222
1074 112
1075 154
1076 518
1077 794
1078 966
1079 1024
1080 353
1081 1017
1082 618
1083 266
1084 851
1085 687
1086 869
1087 337
1088 922
1089 588
1090 392
1091 797
1092 784
1093 516
1094 658
1095 827
1096 438
1097 115
1098 1047
1099 584
1100 583
1101 745
1102 41
1103 1030
1104 1106
1105 499
1106 1083
1107 185
1108 596
1109 206
1110 824
1111 624
1112 976
1113 673
1114 1078
1115 545
1116 335
1117 418
1118 835
1119 995
1120 710
1121 634
1122 486
1123 571
1124 1130
1125 473
1126 0
1127 717
1128 510
1129 239
1130 63
1131 116
1132 68
1133 713
1134 571
1135 967
1136 293
1137 692
1138 999
1139 938
1140 459
1141 1066
1142 912
1143 334
1144 616
1145 401
