0 391
1 526
2 447
3 388
4 776
5 1045
6 530
7 29
8 463
9 1062
10 525
11 1055
12 110
13 842
14 945
15 182
16 1130
17 410
18 1069
19 500
20 170
21 760
22 531
23 25
24 576
25 1143
26 682
27 742
28 397
29 319
30 623
31 593
32 835
33 408
34 354
35 1093
36 387
37 1032
38 728
39 175
40 615
41 152
42 1094
43 385
44 835
45 517
46 982
47 330
48 499
49 687
50 971
51 569
52 46
53 85
54 432
55 352
56 287
57 608
58 1115
59 642
60 963
61 693
62 356
63 793
64 835
65 540
66 797
67 964
68 1029
69 737
70 473
71 513
72 279
73 253
74 453
75 763
76 45
77 352
78 106
79 567
80 244
81 823
82 280
83 839
84 378
85 282
86 708
87 1087
88 275
89 314
90 893
91 1045
92 179
93 728
94 189
95 282
96 802
97 787
98 434
99 367
100 231
101 1054
102 661
103 1020
104 556
105 702
106 728
107 90
108 468
109 1123
110 931
111 463
112 903
113 829
114 175
115 372
116 967
117 776
118 251
119 887
120 847
121 21
122 534
123 746
124 64
125 652
126 80
127 448
128 629
129 486
130 1086
131 1080
132 679
133 1008
134 379
135 125
136 1121
137 861
138 903
139 578
140 830
141 419
142 96
143 667
144 542
145 578
146 1135
147 499
148 57
149 928
150 303
151 130
152 997
153 613
154 217
155 1139
156 524
157 1072
158 674
159 546
160 345
161 676
162 206
163 457
164 660
165 1009
166 821
167 174
168 129
169 511
170 822
171 741
172 735
173 396
174 606
175 551
176 231
177 1131
178 802
179 1134
180 987
181 426
182 342
183 923
184 323
185 618
186 950
187 1067
188 667
189 169
190 47
191 618
192 444
193 1063
194 448
195 678
196 845
197 629
198 725
199 208
200 19
201 212
202 469
203 633
204 696
205 1039
206 523
207 299
208 528
209 84
210 590
211 961
212 282
213 181
214 587
215 799
216 273
217 106
218 51
219 498
220 735
221 932
222 238
223 240
224 958
225 756
226 694
227 969
228 908
229 943
230 15
231 1051
232 927
233 595
234 320
235 364
236 583
237 397
238 898
239 207
240 96
241 146
242 784
243 318
244 1018
245 642
246 334
247 675
248 853
249 890
250 423
251 271
252 1026
253 622
254 111
255 300
256 441
257 857
258 1053
259 506
260 73
261 423
262 454
263 816
264 435
265 875
266 152
267 1050
268 146
269 1013
270 442
271 775
272 1049
273 545
274 867
275 245
276 131
277 421
278 626
279 505
280 169
281 228
282 1010
283 1095
284 553
285 461
286 150
287 956
288 924
289 117
290 222
291 53
292 516
293 1017
294 424
295 908
296 702
297 347
298 759
299 902
300 958
301 117
302 430
303 326
304 502
305 1047
306 533
307 680
308 995
309 719
310 590
311 175
312 92
313 835
314 1142
315 20
316 821
317 966
318 576
319 918
320 7
321 874
322 235
323 197
324 892
325 358
326 272
327 370
328 779
329 999
330 591
331 1088
332 486
333 327
334 133
335 23
336 483
337 84
338 464
339 1037
340 307
341 210
342 361
343 933
344 876
345 554
346 839
347 325
348 947
349 743
350 81
351 894
352 333
353 639
354 886
355 610
356 737
357 145
358 817
359 837
360 320
361 133
362 989
363 1127
364 567
365 457
366 305
367 807
368 55
369 811
370 591
371 62
372 159
373 524
374 1052
375 709
376 673
377 954
378 325
379 852
380 629
381 19
382 271
383 998
384 580
385 703
386 576
387 996
388 911
389 1091
390 735
391 766
392 1109
393 470
394 373
395 958
396 504
397 445
398 445
399 126
400 302
401 1033
402 1110
403 245
404 130
405 178
406 1098
407 259
408 739
409 976
410 408
411 993
412 825
413 731
414 924
415 8
416 494
417 385
418 398
419 882
420 487
421 364
422 480
423 62
424 102
425 1006
426 378
427 706
428 684
429 785
430 250
431 735
432 439
433 299
434 963
435 731
436 1073
437 731
438 286
439 1062
440 921
441 667
442 1139
443 654
444 800
445 923
446 398
447 984
448 521
449 118
450 1139
451 772
452 117
453 1126
454 23
455 734
456 7
457 524
458 446
459 765
460 695
461 441
462 1093
463 870
464 18
465 80
466 48
467 673
468 462
469 278
470 716
471 365
472 484
473 219
474 822
475 111
476 1124
477 1058
478 1005
479 298
480 982
481 798
482 690
483 95
484 417
485 1040
486 199
487 892
488 198
489 283
490 656
491 757
492 817
493 1026
494 920
495 634
496 34
497 609
498 578
499 175
500 917
501 735
502 491
503 198
504 315
505 18
506 206
507 707
508 414
509 246
510 637
511 359
512 1112
513 179
514 66
515 519
516 820
517 589
518 1075
519 4
520 958
521 1055
522 441
523 204
524 242
525 1060
526 514
527 1045
528 1074
529 121
530 645
531 698
532 1124
533 644
534 532
535 168
536 983
537 80
538 93
539 115
540 847
541 885
542 802
543 741
544 322
545 151
546 325
547 755
548 22
549 232
550 669
551 399
552 105
553 934
554 216
555 627
556 1087
557 810
558 339
559 1068
560 174
561 986
562 798
563 153
564 618
565 645
566 131
567 187
568 612
569 513
570 609
571 766
572 284
573 519
574 208
575 369
576 153
577 30
578 831
579 710
580 568
581 1087
582 92
583 967
584 860
585 788
586 1121
587 336
588 606
589 288
590 854
591 588
592 917
593 1108
594 523
595 800
596 216
597 1097
598 1128
599 278
600 843
601 835
602 1031
603 786
604 1104
605 448
606 129
607 885
608 118
609 951
610 1096
611 223
612 638
613 697
614 537
615 853
616 877
617 711
618 696
619 411
620 1058
621 185
622 83
623 676
624 363
625 607
626 647
627 114
628 769
629 900
630 768
631 619
632 775
633 82
634 554
635 621
636 979
637 340
638 195
639 393
640 268
641 232
642 965
643 1122
644 265
645 367
646 331
647 320
648 386
649 624
650 692
651 1053
652 1058
653 345
654 57
655 29
656 1114
657 898
658 533
659 396
660 59
661 798
662 896
663 1083
664 359
665 772
666 317
667 929
668 320
669 856
670 156
671 707
672 728
673 790
674 559
675 964
676 696
677 561
678 802
679 1111
680 953
681 1124
682 485
683 530
684 256
685 628
686 451
687 353
688 508
689 298
690 971
691 514
692 603
693 1017
694 477
695 68
696 18
697 276
698 1025
699 705
700 979
701 346
702 725
703 198
704 674
705 655
706 720
707 391
708 64
709 910
710 956
711 1043
712 897
713 906
714 163
715 275
716 1055
717 270
718 374
719 682
720 732
721 154
722 693
723 606
724 754
725 772
726 319
727 2
728 618
729 1034
730 705
731 617
732 883
733 417
734 70
735 158
736 918
737 232
738 1110
739 743
740 768
741 521
742 32
743 816
744 270
745 1108
746 942
747 739
748 909
749 305
750 99
751 594
752 728
753 752
754 349
755 176
756 776
757 1010
758 128
759 134
760 819
761 668
762 967
763 814
764 820
765 1006
766 676
767 1142
768 381
769 35
770 294
771 339
772 772
773 529
774 1122
775 919
776 571
777 459
778 1066
779 655
780 769
781 67
782 1087
783 39
784 1116
785 782
786 911
787 457
788 687
789 511
790 1055
791 88
792 330
793 365
794 912
795 176
796 1128
797 313
798 628
799 346
800 729
801 134
802 1141
803 306
804 973
805 33
806 678
807 699
808 83
809 19
810 969
811 211
812 795
813 1052
814 509
815 386
816 269
817 239
818 773
819 1067
820 907
821 273
822 891
823 519
824 103
825 641
826 611
827 214
828 534
829 709
830 244
831 583
832 37
833 894
834 1083
835 728
836 230
837 574
838 616
839 418
840 34
841 262
842 410
843 401
844 903
845 267
846 90
847 797
848 657
849 99
850 125
851 848
852 67
853 1136
854 509
855 3
856 462
857 62
858 209
859 1047
860 700
861 675
862 440
863 940
864 614
865 1097
866 622
867 660
868 968
869 1130
870 139
871 494
872 1049
873 688
874 777
875 220
876 980
877 688
878 472
879 1114
880 87
881 649
882 993
883 480
884 469
885 841
886 492
887 478
888 751
889 720
890 334
891 336
892 466
893 275
894 219
895 197
896 731
897 681
898 807
899 140
900 101
901 1019
902 834
903 842
904 506
905 735
906 1116
907 1130
908 234
909 588
910 109
911 1105
912 407
913 79
914 358
915 577
916 56
917 953
918 1142
919 849
920 305
921 293
922 794
923 52
924 596
925 957
926 949
927 398
928 6
929 828
930 75
931 283
932 721
933 547
934 168
935 131
936 131
937 73
938 582
939 684
940 681
941 724
942 281
943 1066
944 682
945 125
946 1115
947 952
948 1028
949 743
950 108
951 120
952 58
953 670
954 146
955 250
956 6
957 988
958 591
959 107
960 620
961 439
962 563
963 968
964 228
965 313
966 958
967 774
968 803
969 278
970 646
971 71
972 550
973 294
974 1119
975 805
976 153
977 284
978 330
979 867
980 1020
981 760
982 143
983 139
984 583
985 778
986 678
987 107
988 647
989 837
990 658
991 1017
992 949
993 1094
994 352
995 194
996 682
997 461
998 609
999 729
1000 234
1001 89
1002 899
1003 133
1004 223
1005 107
1006 1115
1007 161
1008 1026
1009 706
1010 923
1011 285
1012 925
1013 162
1014 1120
1015 327
1016 287
1017 942
1018 888
1019 843
1020 1113
1021 650
1022 714
1023 975
1024 215
1025 511
1026 242
1027 23
1028 281
1029 666
1030 617
1031 1144
1032 672
1033 714
1034 222
1035 908
1036 302
1037 827
1038 105
1039 297
1040 1039
1041 978
1042 418
1043 542
1044 694
1045 1145
1046 776
1047 470
1048 512
1049 259
1050 80
1051 887
1052 151
1053 1024
1054 765
1055 358
1056 16
1057 756
1058 761
1059 981
1060 136
1061 527
1062 53
1063 522
1064 358
1065 204
1066 1068
1067 256
1068 607
1069 7
1070 808
1071 348
1072 507
1073 473
1074 159
1075 372
1076 1130
1077 359
1078 611
1079 965
1080 601
1081 89
1082 792
1083 650
1084 798
1085 142
1086 340
1087 1100
1088 662
1089 435
1090 640
1091 544
1092 975
1093 551
1094 858
1095 886
1096 241
1097 551
1098 222
1099 732
1100 514
1101 136
1102 236
1103 743
1104 704
1105 245
1106 989
1107 691
1108 1050
1109 876
1110 530
1111 381
1112 979
1113 722
1114 1032
1115 1115
1116 134
1117 501
1118 910
1119 661
1120 1046
1121 15
1122 756
1123 403
1124 269
1125 717
1126 1008
1127 1078
1128 294
1129 910
1130 369
1131 730
1132 300
1133 444
1134 236
1135 763
1136 290
1137 922
1138 72
1139 564
1140 237
1141 481
1142 232
1143 577
1144 119
1145 1045
0 233
1 526
2 447
3 191
4 577
5 730
6 530
7 943
8 189
9 1062
10 772
11 429
12 110
13 842
14 945
15 182
16 461
17 953
18 446
19 500
20 170
21 462
22 531
23 615
24 277
25 484
26 1065
27 742
28 397
29 319
30 623
31 619
32 835
33 869
34 306
35 98
36 995
37 171
38 200
39 175
40 116
41 620
42 1008
43 1016
44 606
45 517
46 982
47 1036
48 168
49 80
50 1062
51 734
52 360
53 505
54 432
55 352
56 301
57 391
58 735
59 642
60 963
61 693
62 356
63 38
64 9
65 1053
66 552
67 449
68 668
69 737
70 44
71 978
72 279
73 944
74 337
75 763
76 1143
77 1027
78 106
79 884
80 1020
81 116
82 825
83 839
84 320
85 282
86 466
87 598
88 906
89 164
90 657
91 1032
92 1010
93 857
94 189
95 1117
96 695
97 787
98 434
99 544
100 231
101 304
102 661
103 107
104 564
105 79
106 782
107 90
108 471
109 163
110 931
111 508
112 903
113 829
114 175
115 1030
116 967
117 728
118 732
119 583
120 634
121 1105
122 722
123 1038
124 544
125 121
126 35
127 885
128 214
129 492
130 753
131 1139
132 679
133 3
134 379
135 125
136 1121
137 861
138 903
139 578
140 391
141 419
142 96
143 803
144 542
145 578
146 1126
147 332
148 59
149 21
150 162
151 962
152 710
153 613
154 49
155 893
156 755
157 843
158 674
159 546
160 345
161 676
162 413
163 457
164 300
165 1009
166 128
167 58
168 113
169 442
170 822
171 741
172 702
173 918
174 606
175 551
176 813
177 953
178 941
179 1134
180 555
181 426
182 7
183 331
184 389
185 212
186 85
187 1067
188 24
189 169
190 857
191 25
192 444
193 344
194 448
195 452
196 845
197 629
198 75
199 756
200 19
201 212
202 469
203 633
204 454
205 866
206 470
207 299
208 1102
209 515
210 385
211 1134
212 282
213 864
214 420
215 1008
216 910
217 106
218 51
219 424
220 871
221 932
222 238
223 464
224 858
225 62
226 694
227 812
228 1026
229 943
230 1145
231 818
232 356
233 394
234 764
235 724
236 471
237 397
238 898
239 613
240 96
241 900
242 463
243 266
244 1018
245 729
246 334
247 97
248 800
249 1143
250 423
251 841
252 988
253 878
254 221
255 300
256 441
257 537
258 1053
259 506
260 357
261 1086
262 907
263 779
264 435
265 567
266 358
267 522
268 740
269 132
270 442
271 775
272 616
273 979
274 867
275 245
276 88
277 421
278 934
279 1113
280 169
281 228
282 1034
283 1095
284 553
285 626
286 150
287 400
288 924
289 117
290 957
291 53
292 516
293 241
294 832
295 839
296 907
297 1059
298 443
299 665
300 409
301 258
302 1136
303 361
304 783
305 1047
306 533
307 680
308 855
309 719
310 597
311 183
312 373
313 835
314 1003
315 20
316 189
317 966
318 576
319 918
320 1077
321 874
322 235
323 391
324 892
325 547
326 272
327 255
328 779
329 999
330 677
331 1088
332 747
333 606
334 295
335 23
336 483
337 84
338 464
339 247
340 651
341 210
342 1143
343 933
344 59
345 554
346 839
347 655
348 947
349 220
350 81
351 894
352 333
353 413
354 886
355 947
356 466
357 145
358 817
359 837
360 375
361 133
362 995
363 89
364 567
365 232
366 1071
367 2
368 55
369 624
370 591
371 62
372 159
373 524
374 646
375 540
376 673
377 247
378 1102
379 98
380 659
381 411
382 271
383 475
384 190
385 703
386 955
387 996
388 1022
389 790
390 735
391 619
392 139
393 957
394 772
395 958
396 504
397 752
398 445
399 898
400 1082
401 1033
402 1110
403 782
404 489
405 798
406 1098
407 288
408 207
409 445
410 408
411 993
412 12
413 731
414 1054
415 8
416 494
417 858
418 1003
419 882
420 305
421 304
422 480
423 62
424 1081
425 1006
426 1042
427 706
428 159
429 261
430 53
431 735
432 439
433 316
434 963
435 731
436 453
437 871
438 286
439 120
440 921
441 667
442 1139
443 27
444 167
445 296
446 294
447 807
448 521
449 118
450 1029
451 647
452 792
453 167
454 23
455 734
456 517
457 155
458 826
459 372
460 35
461 116
462 24
463 870
464 295
465 323
466 48
467 673
468 239
469 278
470 718
471 473
472 223
473 219
474 822
475 111
476 415
477 1058
478 136
479 808
480 982
481 924
482 690
483 867
484 375
485 1040
486 171
487 892
488 257
489 559
490 1091
491 757
492 501
493 1026
494 920
495 364
496 34
497 609
498 373
499 450
500 136
501 735
502 865
503 895
504 718
505 206
506 41
507 982
508 943
509 846
510 637
511 359
512 1112
513 179
514 66
515 519
516 136
517 589
518 722
519 964
520 958
521 681
522 99
523 492
524 779
525 53
526 514
527 815
528 1074
529 1021
530 264
531 698
532 1124
533 881
534 532
535 168
536 149
537 80
538 93
539 115
540 732
541 885
542 0
543 387
544 322
545 151
546 664
547 755
548 987
549 232
550 856
551 870
552 105
553 934
554 216
555 627
556 663
557 106
558 339
559 1068
560 964
561 635
562 877
563 279
564 618
565 1056
566 895
567 48
568 612
569 408
570 938
571 1081
572 257
573 519
574 208
575 369
576 153
577 1064
578 831
579 743
580 879
581 1087
582 92
583 914
584 860
585 788
586 1121
587 501
588 81
589 16
590 854
591 300
592 175
593 1065
594 26
595 78
596 208
597 1097
598 1005
599 278
600 843
601 824
602 141
603 786
604 1104
605 538
606 129
607 660
608 118
609 925
610 1096
611 674
612 638
613 131
614 537
615 113
616 877
617 711
618 696
619 411
620 1058
621 185
622 565
623 676
624 363
625 607
626 647
627 114
628 442
629 900
630 41
631 619
632 775
633 983
634 554
635 621
636 1124
637 473
638 1117
639 393
640 961
641 232
642 361
643 1122
644 175
645 367
646 331
647 320
648 964
649 402
650 692
651 89
652 868
653 345
654 132
655 29
656 1114
657 924
658 533
659 396
660 43
661 798
662 981
663 1083
664 359
665 664
666 317
667 929
668 96
669 856
670 156
671 139
672 728
673 683
674 559
675 931
676 47
677 561
678 117
679 1038
680 765
681 1124
682 1
683 530
684 776
685 628
686 576
687 775
688 508
689 298
690 293
691 550
692 410
693 878
694 477
695 68
696 18
697 276
698 1025
699 705
700 984
701 346
702 1110
703 198
704 674
705 1110
706 327
707 391
708 883
709 910
710 338
711 740
712 591
713 906
714 606
715 709
716 1055
717 270
718 44
719 360
720 732
721 675
722 1063
723 436
724 754
725 364
726 319
727 871
728 164
729 1034
730 705
731 792
732 967
733 321
734 289
735 158
736 918
737 232
738 1110
739 963
740 121
741 342
742 32
743 816
744 625
745 1108
746 448
747 625
748 1041
749 305
750 99
751 106
752 321
753 769
754 349
755 176
756 719
757 1018
758 128
759 134
760 819
761 1081
762 450
763 585
764 638
765 62
766 3
767 1142
768 381
769 35
770 697
771 339
772 667
773 459
774 971
775 919
776 571
777 459
778 732
779 422
780 773
781 880
782 604
783 39
784 1116
785 133
786 911
787 457
788 1135
789 686
790 13
791 88
792 923
793 189
794 708
795 176
796 1128
797 253
798 628
799 714
800 77
801 134
802 1141
803 441
804 454
805 375
806 678
807 68
808 531
809 396
810 623
811 211
812 795
813 1052
814 578
815 386
816 269
817 340
818 449
819 1067
820 907
821 844
822 422
823 565
824 103
825 641
826 611
827 214
828 489
829 856
830 996
831 174
832 1075
833 591
834 606
835 728
836 17
837 558
838 990
839 633
840 34
841 262
842 933
843 290
844 903
845 524
846 135
847 75
848 657
849 99
850 479
851 455
852 590
853 274
854 599
855 1139
856 462
857 556
858 209
859 1047
860 700
861 699
862 440
863 699
864 423
865 1071
866 622
867 660
868 968
869 1130
870 851
871 1134
872 816
873 1115
874 364
875 31
876 980
877 688
878 472
879 651
880 87
881 109
882 993
883 949
884 676
885 841
886 492
887 478
888 408
889 228
890 924
891 734
892 466
893 275
894 364
895 197
896 731
897 240
898 807
899 692
900 184
901 941
902 834
903 896
904 311
905 134
906 581
907 1057
908 234
909 1007
910 109
911 1105
912 407
913 336
914 917
915 186
916 15
917 927
918 747
919 365
920 305
921 293
922 794
923 52
924 966
925 743
926 949
927 955
928 6
929 397
930 748
931 591
932 9
933 547
934 59
935 131
936 921
937 73
938 625
939 1045
940 182
941 325
942 939
943 1066
944 942
945 125
946 125
947 893
948 1028
949 743
950 1064
951 985
952 58
953 670
954 146
955 250
956 295
957 389
958 71
959 414
960 1051
961 259
962 563
963 968
964 950
965 990
966 1033
967 774
968 724
969 441
970 894
971 667
972 961
973 294
974 1119
975 805
976 153
977 284
978 179
979 1082
980 1020
981 1032
982 143
983 365
984 583
985 778
986 444
987 854
988 1004
989 837
990 902
991 1112
992 949
993 1094
994 320
995 194
996 682
997 461
998 533
999 198
1000 43
1001 171
1002 196
1003 1020
1004 223
1005 909
1006 1115
1007 161
1008 1010
1009 156
1010 342
1011 285
1012 925
1013 162
1014 1120
1015 327
1016 287
1017 993
1018 598
1019 843
1020 1113
1021 650
1022 909
1023 1046
1024 462
1025 332
1026 242
1027 783
1028 583
1029 520
1030 959
1031 1144
1032 672
1033 691
1034 222
1035 908
1036 726
1037 641
1038 105
1039 894
1040 696
1041 86
1042 418
1043 542
1044 1096
1045 243
1046 776
1047 470
1048 987
1049 70
1050 18
1051 887
1052 915
1053 27
1054 1009
1055 358
1056 16
1057 756
1058 915
1059 804
1060 136
1061 621
1062 904
1063 1007
1064 877
1065 204
1066 161
1067 428
1068 115
1069 393
1070 808
1071 32
1072 507
1073 473
1074 1002
1075 1106
1076 1130
1077 987
1078 611
1079 965
1080 258
1081 89
1082 1110
1083 650
1084 1065
1085 142
1086 340
1087 44
1088 139
1089 435
1090 1122
1091 93
1092 43
1093 1039
1094 858
1095 521
1096 241
1097 551
1098 174
1099 732
1100 262
1101 699
1102 111
1103 743
1104 624
1105 446
1106 636
1107 536
1108 1050
1109 124
1110 779
1111 381
1112 510
1113 722
1114 809
1115 516
1116 901
1117 624
1118 106
1119 18
1120 1046
1121 15
1122 756
1123 733
1124 269
1125 1096
1126 399
1127 198
1128 845
1129 910
1130 801
1131 340
1132 358
1133 36
1134 299
1135 209
1136 882
1137 922
1138 489
1139 177
1140 1044
1141 513
1142 132
1143 577
1144 119
1145 197
