0 520
1 158
2 690
3 92
4 54
5 105
6 865
7 268
8 696
9 255
10 475
11 710
12 778
13 970
14 1029
15 688
16 224
17 111
18 64
19 88
20 50
21 641
22 11
23 956
24 323
25 449
26 883
27 1017
28 593
29 520
30 215
31 743
32 1007
33 1077
34 1062
35 854
36 713
37 660
38 120
39 880
40 1025
41 884
42 85
43 664
44 176
45 255
46 484
47 930
48 711
49 946
50 454
51 1113
52 431
53 307
54 580
55 393
56 913
57 210
58 592
59 197
60 296
61 775
62 863
63 185
64 163
65 5
66 206
67 307
68 674
69 193
70 454
71 637
72 821
73 280
74 605
75 193
76 125
77 129
78 267
79 17
80 1082
81 904
82 348
83 147
84 467
85 717
86 505
87 360
88 884
89 167
90 717
91 968
92 200
93 1083
94 591
95 527
96 929
97 230
98 557
99 641
100 1088
101 585
102 544
103 267
104 664
105 27
106 307
107 793
108 83
109 208
110 698
111 794
112 236
113 958
114 486
115 716
116 348
117 31
118 573
119 464
120 1009
121 83
122 199
123 730
124 425
125 287
126 351
127 198
128 997
129 14
130 315
131 790
132 952
133 548
134 378
135 675
136 913
137 623
138 219
139 858
140 925
141 1139
142 801
143 489
144 412
145 251
146 35
147 105
148 500
149 362
150 804
151 3
152 1007
153 612
154 645
155 143
156 331
157 392
158 617
159 702
160 191
161 810
162 1100
163 372
164 695
165 1092
166 60
167 988
168 81
169 334
170 879
171 800
172 136
173 88
174 795
175 853
176 614
177 57
178 518
179 133
180 253
181 201
182 449
183 938
184 791
185 910
186 1053
187 418
188 80
189 1018
190 806
191 7
192 1044
193 400
194 62
195 985
196 746
197 516
198 896
199 657
200 382
201 1145
202 108
203 1140
204 781
205 501
206 702
207 906
208 909
209 304
210 1144
211 887
212 24
213 205
214 790
215 637
216 516
217 666
218 560
219 134
220 547
221 4
222 1142
223 569
224 62
225 637
226 689
227 68
228 331
229 578
230 291
231 371
232 564
233 52
234 464
235 430
236 751
237 689
238 824
239 572
240 297
241 24
242 763
243 1031
244 789
245 1004
246 957
247 664
248 698
249 659
250 432
251 224
252 1101
253 19
254 88
255 966
256 756
257 376
258 608
259 1022
260 608
261 476
262 825
263 537
264 552
265 503
266 573
267 70
268 607
269 799
270 784
271 777
272 848
273 307
274 639
275 714
276 118
277 24
278 602
279 1001
280 921
281 135
282 1133
283 900
284 908
285 922
286 532
287 685
288 615
289 523
290 835
291 75
292 374
293 493
294 450
295 437
296 755
297 551
298 953
299 35
300 913
301 567
302 621
303 332
304 151
305 645
306 298
307 489
308 971
309 412
310 520
311 950
312 260
313 429
314 64
315 818
316 902
317 948
318 1038
319 816
320 565
321 716
322 897
323 401
324 1048
325 108
326 1111
327 1038
328 988
329 241
330 934
331 291
332 165
333 1136
334 392
335 586
336 835
337 34
338 644
339 772
340 489
341 961
342 340
343 1136
344 1053
345 593
346 78
347 516
348 231
349 580
350 816
351 221
352 583
353 639
354 1066
355 638
356 395
357 25
358 1060
359 633
360 785
361 918
362 1015
363 603
364 313
365 1039
366 959
367 1078
368 778
369 250
370 325
371 461
372 192
373 591
374 940
375 1089
376 1049
377 63
378 95
379 388
380 251
381 850
382 129
383 898
384 584
385 636
386 61
387 286
388 490
389 96
390 340
391 54
392 422
393 93
394 806
395 677
396 257
397 884
398 981
399 927
400 663
401 965
402 600
403 426
404 899
405 148
406 421
407 549
408 468
409 210
410 258
411 1
412 349
413 450
414 1017
415 453
416 275
417 281
418 1017
419 468
420 726
421 570
422 744
423 644
424 496
425 360
426 1027
427 743
428 750
429 173
430 743
431 10
432 242
433 160
434 151
435 95
436 492
437 84
438 578
439 369
440 1113
441 835
442 271
443 651
444 1145
445 480
446 424
447 802
448 579
449 80
450 841
451 573
452 693
453 117
454 784
455 16
456 763
457 925
458 679
459 34
460 1061
461 410
462 1057
463 288
464 975
465 259
466 883
467 20
468 1078
469 802
470 485
471 584
472 166
473 919
474 596
475 749
476 374
477 944
478 577
479 864
480 533
481 850
482 134
483 225
484 355
485 996
486 244
487 995
488 44
489 548
490 120
491 147
492 1037
493 108
494 360
495 710
496 357
497 903
498 260
499 623
500 257
501 1109
502 305
503 1051
504 677
505 879
506 419
507 749
508 1131
509 227
510 1032
511 617
512 313
513 429
514 865
515 1096
516 1118
517 864
518 887
519 440
520 1126
521 1143
522 764
523 388
524 1048
525 853
526 33
527 776
528 317
529 889
530 433
531 397
532 655
533 559
534 623
535 461
536 895
537 534
538 908
539 525
540 540
541 726
542 444
543 203
544 422
545 412
546 418
547 939
548 479
549 340
550 368
551 443
552 769
553 271
554 908
555 1015
556 310
557 830
558 1006
559 49
560 998
561 748
562 1060
563 118
564 185
565 255
566 196
567 1070
568 987
569 788
570 967
571 71
572 343
573 623
574 302
575 877
576 1144
577 47
578 941
579 19
580 27
581 374
582 596
583 954
584 278
585 962
586 542
587 713
588 173
589 107
590 324
591 620
592 218
593 856
594 1144
595 574
596 629
597 391
598 298
599 325
600 36
601 870
602 516
603 637
604 48
605 938
606 536
607 569
608 848
609 644
610 132
611 496
612 555
613 529
614 408
615 477
616 292
617 48
618 857
619 590
620 96
621 776
622 404
623 168
624 724
625 851
626 830
627 242
628 676
629 531
630 841
631 1058
632 54
633 382
634 80
635 118
636 769
637 261
638 18
639 212
640 459
641 837
642 739
643 562
644 711
645 1036
646 267
647 6
648 519
649 1095
650 896
651 855
652 423
653 76
654 767
655 143
656 750
657 761
658 100
659 509
660 343
661 454
662 414
663 952
664 725
665 427
666 553
667 780
668 391
669 205
670 900
671 615
672 522
673 270
674 959
675 421
676 264
677 118
678 90
679 1074
680 1128
681 68
682 203
683 902
684 921
685 590
686 881
687 496
688 989
689 441
690 668
691 757
692 261
693 229
694 499
695 398
696 118
697 662
698 478
699 836
700 621
701 822
702 810
703 979
704 843
705 92
706 848
707 167
708 259
709 556
710 622
711 367
712 862
713 944
714 243
715 410
716 305
717 980
718 934
719 182
720 460
721 599
722 882
723 485
724 767
725 293
726 827
727 841
728 266
729 1040
730 750
731 674
732 655
733 90
734 280
735 138
736 78
737 418
738 879
739 198
740 7
741 675
742 282
743 800
744 491
745 243
746 310
747 787
748 86
749 1122
750 217
751 379
752 865
753 358
754 339
755 852
756 154
757 527
758 435
759 236
760 951
761 173
762 40
763 271
764 237
765 268
766 156
767 146
768 986
769 68
770 444
771 153
772 787
773 14
774 418
775 87
776 1127
777 145
778 209
779 556
780 196
781 897
782 781
783 1118
784 731
785 872
786 622
787 226
788 692
789 244
790 266
791 112
792 262
793 318
794 198
795 1116
796 39
797 64
798 1026
799 820
800 842
801 28
802 537
803 967
804 37
805 962
806 334
807 295
808 869
809 434
810 758
811 635
812 543
813 510
814 1073
815 31
816 893
817 1105
818 92
819 596
820 989
821 497
822 959
823 371
824 105
825 638
826 62
827 117
828 783
829 983
830 542
831 813
832 807
833 983
834 362
835 17
836 755
837 395
838 950
839 503
840 182
841 291
842 837
843 498
844 882
845 412
846 313
847 242
848 154
849 376
850 400
851 232
852 1082
853 1074
854 942
855 301
856 1034
857 809
858 832
859 571
860 180
861 15
862 795
863 711
864 381
865 422
866 1040
867 763
868 1121
869 52
870 1034
871 645
872 109
873 1049
874 302
875 902
876 602
877 981
878 612
879 713
880 941
881 703
882 205
883 181
884 24
885 299
886 889
887 983
888 945
889 964
890 42
891 691
892 905
893 69
894 904
895 404
896 554
897 26
898 205
899 257
900 310
901 578
902 885
903 913
904 49
905 406
906 570
907 599
908 715
909 563
910 504
911 174
912 669
913 631
914 53
915 1045
916 702
917 397
918 276
919 337
920 424
921 130
922 1108
923 116
924 91
925 18
926 861
927 122
928 112
929 402
930 128
931 442
932 1025
933 56
934 250
935 1041
936 1064
937 149
938 803
939 990
940 421
941 725
942 365
943 665
944 750
945 252
946 297
947 1010
948 638
949 651
950 51
951 939
952 3
953 674
954 1019
955 677
956 1048
957 225
958 553
959 78
960 293
961 1110
962 673
963 154
964 36
965 651
966 591
967 612
968 211
969 662
970 223
971 6
972 247
973 730
974 291
975 425
976 785
977 224
978 715
979 401
980 332
981 1121
982 398
983 574
984 1008
985 1103
986 1012
987 499
988 664
989 1128
990 481
991 760
992 694
993 824
994 860
995 244
996 27
997 1010
998 558
999 742
1000 137
1001 921
1002 560
1003 1055
1004 752
1005 689
1006 378
1007 766
1008 283
1009 1060
1010 462
1011 102
1012 183
1013 904
1014 557
1015 721
1016 752
1017 134
1018 468
1019 697
1020 645
1021 531
1022 376
1023 369
1024 793
1025 637
1026 412
1027 904
1028 769
1029 271
1030 104
1031 987
1032 15
1033 301
1034 915
1035 498
1036 334
1037 288
1038 217
1039 18
1040 400
1041 626
1042 529
1043 68
1044 824
1045 704
1046 900
1047 853
1048 48
1049 906
1050 919
1051 941
1052 1011
1053 493
1054 87
1055 810
1056 123
1057 23
1058 327
1059 633
1060 86
1061 1114
1062 896
1063 678
1064 966
1065 808
1066 1034
1067 990
1068 307
1069 892
1070 269
1071 797
1072 279
1073 637
1074 738
1075 666
1076 1000
1077 375
1078 382
1079 806
1080 828
1081 527
1082 427
1083 226
1084 1102
1085 818
1086 224
1087 8
1088 902
1089 1102
1090 1083
1091 457
1092 392
1093 236
1094 587
1095 54
1096 652
1097 489
1098 412
1099 144
1100 392
1101 181
1102 1022
1103 530
1104 194
1105 458
1106 454
1107 50
1108 256
1109 348
1110 654
1111 378
1112 635
1113 1127
1114 765
1115 40
1116 924
1117 842
1118 149
1119 317
1120 297
1121 956
1122 612
1123 1031
1124 1039
1125 212
1126 455
1127 116
1128 43
1129 349
1130 373
1131 253
1132 1121
1133 798
1134 130
1135 1100
1136 758
1137 332
1138 278
1139 715
1140 459
1141 315
1142 679
1143 941
1144 460
1145 720
0 1038
1 70
2 690
3 92
4 539
5 964
6 865
7 268
8 802
9 255
10 475
11 710
12 778
13 180
14 892
15 416
16 224
17 387
18 64
19 335
20 50
21 150
22 231
23 956
24 116
25 375
26 883
27 622
28 534
29 436
30 1050
31 743
32 556
33 416
34 1129
35 348
36 486
37 803
38 388
39 912
40 1025
41 233
42 85
43 664
44 926
45 255
46 336
47 99
48 711
49 81
50 454
51 14
52 431
53 1106
54 41
55 393
56 747
57 168
58 592
59 773
60 296
61 775
62 260
63 699
64 724
65 274
66 439
67 86
68 612
69 744
70 790
71 637
72 821
73 40
74 605
75 193
76 214
77 986
78 267
79 375
80 1082
81 558
82 233
83 803
84 467
85 717
86 505
87 967
88 884
89 167
90 717
91 968
92 596
93 469
94 394
95 1106
96 405
97 230
98 557
99 578
100 649
101 585
102 302
103 698
104 664
105 164
106 307
107 209
108 1034
109 773
110 438
111 148
112 582
113 1085
114 370
115 434
116 724
117 263
118 573
119 231
120 1009
121 83
122 199
123 730
124 425
125 1053
126 578
127 198
128 997
129 279
130 315
131 387
132 952
133 548
134 259
135 675
136 569
137 623
138 219
139 727
140 925
141 1139
142 454
143 489
144 1138
145 251
146 35
147 1026
148 500
149 350
150 804
151 379
152 1007
153 106
154 832
155 143
156 829
157 392
158 945
159 255
160 191
161 810
162 1100
163 372
164 894
165 1048
166 60
167 988
168 81
169 620
170 859
171 800
172 1119
173 795
174 795
175 853
176 614
177 57
178 256
179 77
180 668
181 814
182 449
183 938
184 791
185 910
186 511
187 780
188 80
189 1018
190 888
191 7
192 301
193 400
194 859
195 581
196 455
197 195
198 896
199 194
200 107
201 1145
202 443
203 156
204 207
205 471
206 702
207 906
208 132
209 304
210 1144
211 887
212 24
213 45
214 790
215 775
216 607
217 666
218 483
219 134
220 737
221 4
222 1142
223 792
224 62
225 195
226 689
227 30
228 868
229 893
230 291
231 371
232 595
233 565
234 444
235 430
236 751
237 977
238 824
239 572
240 297
241 24
242 413
243 997
244 789
245 1004
246 957
247 126
248 698
249 442
250 898
251 224
252 760
253 19
254 88
255 861
256 338
257 376
258 608
259 913
260 342
261 476
262 462
263 88
264 223
265 427
266 835
267 952
268 607
269 799
270 784
271 777
272 5
273 648
274 877
275 714
276 118
277 361
278 692
279 1001
280 921
281 135
282 722
283 154
284 437
285 745
286 532
287 827
288 578
289 523
290 835
291 348
292 278
293 1090
294 243
295 969
296 929
297 280
298 953
299 5
300 526
301 963
302 621
303 332
304 151
305 353
306 580
307 489
308 271
309 678
310 520
311 853
312 260
313 858
314 64
315 762
316 261
317 948
318 1038
319 404
320 565
321 716
322 897
323 932
324 1048
325 649
326 1068
327 330
328 988
329 118
330 934
331 201
332 355
333 914
334 392
335 545
336 835
337 34
338 751
339 772
340 489
341 1095
342 340
343 1112
344 177
345 593
346 932
347 334
348 478
349 214
350 928
351 719
352 311
353 874
354 582
355 638
356 395
357 25
358 1060
359 633
360 715
361 177
362 1015
363 603
364 313
365 443
366 959
367 447
368 778
369 1115
370 325
371 461
372 862
373 883
374 99
375 158
376 1049
377 1044
378 356
379 388
380 251
381 265
382 129
383 898
384 1091
385 261
386 61
387 965
388 327
389 96
390 340
391 704
392 422
393 93
394 806
395 677
396 257
397 884
398 981
399 1116
400 663
401 1130
402 211
403 489
404 899
405 148
406 136
407 600
408 468
409 165
410 258
411 1
412 349
413 450
414 857
415 453
416 123
417 1098
418 1017
419 468
420 726
421 570
422 675
423 644
424 823
425 360
426 814
427 743
428 595
429 173
430 61
431 560
432 242
433 418
434 151
435 708
436 648
437 75
438 578
439 939
440 1056
441 31
442 1028
443 785
444 328
445 480
446 708
447 802
448 750
449 80
450 841
451 573
452 586
453 104
454 784
455 16
456 763
457 677
458 679
459 1062
460 826
461 410
462 1057
463 288
464 975
465 205
466 883
467 20
468 457
469 26
470 150
471 584
472 552
473 161
474 334
475 625
476 575
477 944
478 550
479 864
480 533
481 1045
482 134
483 1086
484 354
485 996
486 244
487 995
488 44
489 548
490 272
491 1136
492 919
493 656
494 176
495 710
496 357
497 457
498 260
499 623
500 688
501 94
502 943
503 367
504 677
505 879
506 178
507 211
508 673
509 400
510 566
511 42
512 897
513 1081
514 97
515 619
516 25
517 630
518 887
519 422
520 1126
521 1143
522 1043
523 388
524 909
525 425
526 666
527 528
528 437
529 106
530 635
531 397
532 477
533 558
534 648
535 461
536 490
537 534
538 1051
539 457
540 1097
541 989
542 554
543 203
544 6
545 653
546 149
547 939
548 479
549 630
550 683
551 443
552 1042
553 942
554 908
555 1015
556 310
557 830
558 1006
559 49
560 167
561 20
562 560
563 118
564 5
565 625
566 382
567 1070
568 1051
569 706
570 547
571 515
572 343
573 674
574 302
575 936
576 136
577 729
578 941
579 244
580 27
581 374
582 223
583 746
584 1125
585 962
586 527
587 713
588 1011
589 921
590 424
591 717
592 218
593 856
594 1144
595 324
596 629
597 391
598 298
599 325
600 36
601 1009
602 195
603 333
604 48
605 682
606 1029
607 1073
608 622
609 285
610 889
611 806
612 555
613 529
614 408
615 503
616 488
617 143
618 1005
619 893
620 96
621 560
622 337
623 800
624 724
625 851
626 164
627 941
628 154
629 531
630 756
631 1058
632 54
633 1069
634 564
635 598
636 769
637 261
638 18
639 212
640 48
641 739
642 440
643 562
644 82
645 692
646 267
647 609
648 119
649 965
650 896
651 392
652 634
653 111
654 582
655 58
656 453
657 761
658 100
659 16
660 981
661 627
662 450
663 1073
664 975
665 427
666 553
667 1036
668 540
669 291
670 900
671 615
672 750
673 270
674 959
675 421
676 310
677 202
678 90
679 1074
680 607
681 1020
682 203
683 972
684 317
685 590
686 881
687 668
688 989
689 720
690 668
691 757
692 746
693 229
694 499
695 454
696 118
697 459
698 756
699 836
700 211
701 822
702 945
703 337
704 710
705 92
706 421
707 1039
708 355
709 556
710 622
711 367
712 751
713 1017
714 1019
715 410
716 959
717 980
718 934
719 86
720 263
721 599
722 882
723 1067
724 1087
725 382
726 1114
727 483
728 11
729 1080
730 750
731 674
732 590
733 978
734 115
735 431
736 78
737 895
738 1126
739 1008
740 10
741 484
742 159
743 427
744 762
745 140
746 768
747 787
748 86
749 1122
750 217
751 613
752 681
753 1056
754 137
755 841
756 892
757 411
758 435
759 313
760 951
761 55
762 40
763 660
764 725
765 765
766 239
767 146
768 776
769 877
770 264
771 11
772 787
773 14
774 969
775 87
776 964
777 613
778 209
779 556
780 196
781 897
782 781
783 1118
784 165
785 872
786 186
787 226
788 692
789 177
790 620
791 112
792 262
793 1078
794 216
795 220
796 1056
797 64
798 821
799 820
800 842
801 514
802 537
803 967
804 494
805 364
806 470
807 295
808 566
809 434
810 33
811 635
812 788
813 510
814 937
815 810
816 893
817 233
818 92
819 596
820 442
821 497
822 959
823 789
824 201
825 638
826 1131
827 117
828 783
829 1025
830 852
831 829
832 807
833 431
834 362
835 422
836 282
837 403
838 288
839 401
840 312
841 291
842 178
843 498
844 447
845 440
846 716
847 1040
848 568
849 376
850 400
851 232
852 1082
853 145
854 245
855 1091
856 257
857 458
858 832
859 74
860 67
861 15
862 509
863 711
864 381
865 422
866 748
867 763
868 1121
869 52
870 1034
871 1119
872 109
873 295
874 534
875 902
876 121
877 466
878 612
879 329
880 882
881 703
882 655
883 407
884 331
885 316
886 255
887 4
888 738
889 964
890 1130
891 801
892 104
893 897
894 726
895 182
896 346
897 26
898 963
899 257
900 310
901 578
902 885
903 452
904 49
905 1056
906 570
907 722
908 715
909 47
910 504
911 174
912 146
913 540
914 378
915 664
916 15
917 397
918 1135
919 144
920 699
921 840
922 1108
923 116
924 578
925 22
926 861
927 816
928 469
929 75
930 854
931 442
932 1025
933 56
934 535
935 929
936 889
937 137
938 803
939 588
940 421
941 155
942 240
943 968
944 915
945 252
946 260
947 95
948 638
949 1012
950 51
951 939
952 3
953 1
954 601
955 1068
956 1137
957 225
958 553
959 381
960 800
961 7
962 408
963 604
964 833
965 651
966 578
967 274
968 211
969 424
970 646
971 6
972 44
973 730
974 40
975 425
976 194
977 819
978 715
979 573
980 101
981 1121
982 260
983 574
984 953
985 341
986 854
987 499
988 803
989 461
990 723
991 760
992 276
993 840
994 860
995 275
996 27
997 1010
998 558
999 932
1000 378
1001 921
1002 560
1003 1086
1004 752
1005 689
1006 378
1007 96
1008 363
1009 753
1010 462
1011 102
1012 183
1013 826
1014 557
1015 261
1016 981
1017 827
1018 628
1019 697
1020 848
1021 531
1022 376
1023 369
1024 1116
1025 286
1026 266
1027 115
1028 245
1029 454
1030 104
1031 987
1032 970
1033 957
1034 475
1035 409
1036 1060
1037 288
1038 217
1039 18
1040 1110
1041 51
1042 215
1043 565
1044 824
1045 704
1046 956
1047 853
1048 1087
1049 906
1050 919
1051 941
1052 172
1053 493
1054 801
1055 596
1056 123
1057 23
1058 327
1059 633
1060 864
1061 1114
1062 896
1063 53
1064 966
1065 808
1066 1034
1067 100
1068 307
1069 1007
1070 280
1071 907
1072 279
1073 637
1074 572
1075 666
1076 585
1077 375
1078 382
1079 806
1080 828
1081 719
1082 427
1083 939
1084 1102
1085 818
1086 224
1087 517
1088 902
1089 1102
1090 60
1091 1072
1092 668
1093 746
1094 587
1095 54
1096 982
1097 1091
1098 412
1099 144
1100 944
1101 181
1102 7
1103 751
1104 337
1105 458
1106 268
1107 50
1108 43
1109 799
1110 403
1111 378
1112 57
1113 1127
1114 866
1115 40
1116 959
1117 842
1118 149
1119 521
1120 210
1121 731
1122 606
1123 824
1124 625
1125 212
1126 455
1127 408
1128 211
1129 349
1130 373
1131 849
1132 1121
1133 64
1134 756
1135 945
1136 1103
1137 777
1138 278
1139 281
1140 459
1141 315
1142 679
1143 941
1144 460
1145 720
