0 588
1 156
2 36
3 369
4 412
5 406
6 185
7 399
8 347
9 64
10 271
11 431
12 544
13 388
14 569
15 351
16 61
17 337
18 293
19 436
20 292
21 423
22 190
23 407
24 190
25 353
26 321
27 595
28 318
29 49
30 174
31 71
32 70
33 34
34 579
35 415
36 55
37 169
38 372
39 622
40 375
41 417
42 29
43 609
44 553
45 78
46 333
47 87
48 601
49 582
50 346
51 75
52 51
53 170
54 438
55 597
56 311
57 559
58 199
59 272
60 248
61 12
62 16
63 260
64 542
65 578
66 230
67 422
68 592
69 456
70 88
71 95
72 473
73 290
74 324
75 127
76 146
77 73
78 59
79 543
80 202
81 344
82 477
83 80
84 43
85 566
86 257
87 115
88 101
89 331
90 203
91 48
92 336
93 278
94 379
95 307
96 182
97 480
98 558
99 147
100 481
101 453
102 548
103 539
104 590
105 511
106 28
107 209
108 224
109 486
110 222
111 622
112 59
113 487
114 340
115 288
116 471
117 445
118 229
119 399
120 194
121 69
122 35
123 250
124 449
125 353
126 355
127 149
128 334
129 152
130 144
131 409
132 280
133 497
134 580
135 544
136 508
137 300
138 256
139 431
140 499
141 7
142 547
143 345
144 547
145 396
146 78
147 519
148 400
149 389
150 359
151 475
152 220
153 258
154 379
155 71
156 509
157 525
158 5
159 173
160 453
161 90
162 535
163 434
164 289
165 295
166 432
167 378
168 452
169 250
170 467
171 364
172 367
173 387
174 457
175 26
176 441
177 318
178 491
179 427
180 45
181 23
182 534
183 526
184 298
185 61
186 284
187 340
188 109
189 398
190 470
191 136
192 517
193 210
194 208
195 216
196 447
197 100
198 619
199 463
200 125
201 327
202 27
203 458
204 434
205 469
206 402
207 155
208 262
209 240
210 92
211 201
212 222
213 356
214 423
215 611
216 564
217 530
218 580
219 5
220 387
221 241
222 459
223 425
224 439
225 88
226 222
227 157
228 354
229 263
230 137
231 480
232 18
233 377
234 150
235 520
236 143
237 606
238 533
239 171
240 232
241 416
242 410
243 88
244 201
245 350
246 484
247 463
248 286
249 455
250 291
251 97
252 318
253 291
254 194
255 175
256 567
257 136
258 111
259 268
260 593
261 320
262 254
263 85
264 599
265 20
266 526
267 590
268 446
269 585
270 598
271 394
272 604
273 602
274 332
275 475
276 18
277 6
278 246
279 215
280 360
281 8
282 127
283 366
284 508
285 191
286 395
287 304
288 158
289 338
290 93
291 260
292 279
293 16
294 569
295 405
296 464
297 514
298 510
299 412
300 319
301 552
302 272
303 554
304 525
305 323
306 107
307 327
308 106
309 441
310 236
311 320
312 518
313 536
314 168
315 166
316 152
317 388
318 308
319 376
320 581
321 17
322 385
323 13
324 599
325 224
326 36
327 16
328 543
329 44
330 207
331 380
332 476
333 372
334 575
335 599
336 108
337 437
338 141
339 529
340 72
341 97
342 141
343 6
344 106
345 104
346 171
347 532
348 38
349 14
350 105
351 491
352 496
353 522
354 560
355 562
356 88
357 91
358 394
359 482
360 584
361 547
362 538
363 19
364 92
365 306
366 70
367 373
368 471
369 79
370 616
371 619
372 538
373 485
374 70
375 387
376 26
377 386
378 62
379 590
380 91
381 251
382 290
383 463
384 475
385 386
386 100
387 490
388 435
389 452
390 614
391 261
392 195
393 271
394 490
395 575
396 451
397 301
398 482
399 354
400 405
401 162
402 111
403 429
404 473
405 251
406 187
407 174
408 329
409 371
410 252
411 477
412 70
413 486
414 522
415 290
416 392
417 160
418 141
419 410
420 97
421 245
422 355
423 495
424 535
425 146
426 390
427 383
428 523
429 94
430 21
431 211
432 408
433 587
434 582
435 60
436 326
437 369
438 202
439 176
440 369
441 504
442 263
443 570
444 365
445 512
446 500
447 536
448 539
449 156
450 310
451 467
452 622
453 257
454 99
455 581
456 243
457 71
458 415
459 392
460 380
461 138
462 385
463 516
464 72
465 376
466 34
467 432
468 492
469 285
470 144
471 189
472 195
473 403
474 551
475 99
476 600
477 124
478 130
479 451
480 454
481 499
482 600
483 249
484 273
485 234
486 310
487 533
488 575
489 577
490 547
491 164
492 254
493 358
494 540
495 496
496 534
497 52
498 148
499 432
500 198
501 131
502 575
503 220
504 205
505 215
506 38
507 334
508 445
509 565
510 397
511 222
512 509
513 40
514 24
515 534
516 471
517 455
518 521
519 243
520 141
521 116
522 144
523 113
524 487
525 113
526 88
527 464
528 229
529 576
530 498
531 167
532 64
533 79
534 510
535 588
536 5
537 506
538 165
539 50
540 386
541 74
542 483
543 542
544 25
545 450
546 236
547 398
548 324
549 390
550 363
551 19
552 445
553 377
554 116
555 476
556 500
557 118
558 492
559 587
560 180
561 340
562 51
563 90
564 116
565 65
566 100
567 554
568 448
569 246
570 212
571 544
572 103
573 533
574 516
575 353
576 158
577 578
578 223
579 280
580 526
581 36
582 268
583 418
584 361
585 571
586 493
587 212
588 620
589 96
590 229
591 31
592 61
593 230
594 535
595 425
596 319
597 291
598 490
599 383
600 601
601 90
602 325
603 146
604 344
605 482
606 603
607 271
608 232
609 466
610 91
611 176
612 353
613 510
614 580
615 444
616 534
617 332
618 92
619 567
620 127
621 618
622 254
623 269
624 288
0 508
1 535
2 263
3 569
4 399
5 406
6 513
7 399
8 347
9 64
10 336
11 431
12 544
13 388
14 299
15 343
16 204
17 337
18 545
19 38
20 13
21 172
22 463
23 580
24 159
25 345
26 219
27 474
28 312
29 49
30 174
31 255
32 448
33 34
34 579
35 302
36 427
37 169
38 432
39 430
40 595
41 86
42 123
43 609
44 553
45 78
46 412
47 87
48 614
49 91
50 288
51 86
52 51
53 379
54 438
55 547
56 311
57 115
58 199
59 272
60 574
61 12
62 16
63 312
64 587
65 224
66 230
67 422
68 34
69 456
70 431
71 95
72 473
73 290
74 324
75 404
76 146
77 4
78 59
79 595
80 269
81 0
82 477
83 80
84 43
85 353
86 257
87 414
88 47
89 331
90 203
91 48
92 336
93 616
94 96
95 180
96 563
97 303
98 558
99 400
100 584
101 453
102 548
103 605
104 590
105 260
106 28
107 209
108 296
109 100
110 222
111 27
112 59
113 410
114 346
115 288
116 471
117 445
118 29
119 465
120 287
121 69
122 430
123 250
124 449
125 564
126 355
127 149
128 334
129 132
130 259
131 339
132 321
133 232
134 580
135 15
136 508
137 32
138 256
139 431
140 142
141 7
142 363
143 261
144 547
145 396
146 143
147 599
148 176
149 329
150 45
151 475
152 220
153 258
154 379
155 71
156 26
157 294
158 105
159 26
160 546
161 90
162 575
163 89
164 289
165 295
166 546
167 378
168 387
169 456
170 200
171 364
172 251
173 471
174 457
175 26
176 294
177 318
178 260
179 236
180 366
181 23
182 551
183 526
184 197
185 61
186 284
187 296
188 405
189 47
190 470
191 450
192 487
193 210
194 45
195 216
196 447
197 558
198 345
199 185
200 552
201 327
202 165
203 458
204 554
205 469
206 528
207 525
208 598
209 240
210 176
211 8
212 222
213 356
214 423
215 611
216 542
217 472
218 580
219 240
220 260
221 241
222 459
223 425
224 439
225 114
226 222
227 253
228 354
229 197
230 137
231 480
232 358
233 18
234 150
235 520
236 143
237 582
238 504
239 171
240 408
241 466
242 410
243 88
244 456
245 350
246 279
247 463
248 286
249 371
250 67
251 299
252 318
253 565
254 194
255 175
256 540
257 136
258 111
259 561
260 443
261 155
262 319
263 85
264 47
265 170
266 138
267 590
268 446
269 585
270 551
271 570
272 604
273 602
274 332
275 475
276 552
277 275
278 422
279 215
280 360
281 124
282 127
283 148
284 46
285 55
286 594
287 313
288 158
289 616
290 583
291 260
292 279
293 16
294 569
295 105
296 464
297 367
298 322
299 412
300 319
301 552
302 272
303 116
304 525
305 64
306 85
307 327
308 289
309 18
310 236
311 383
312 402
313 150
314 220
315 166
316 425
317 388
318 308
319 117
320 581
321 498
322 156
323 336
324 293
325 399
326 36
327 366
328 34
329 544
330 207
331 380
332 258
333 181
334 379
335 5
336 108
337 437
338 561
339 335
340 102
341 393
342 141
343 502
344 106
345 104
346 185
347 532
348 38
349 395
350 454
351 333
352 605
353 522
354 36
355 54
356 542
357 58
358 394
359 250
360 571
361 414
362 332
363 19
364 92
365 306
366 171
367 373
368 471
369 58
370 517
371 489
372 538
373 485
374 26
375 387
376 26
377 291
378 62
379 260
380 32
381 61
382 331
383 77
384 50
385 386
386 16
387 148
388 435
389 172
390 497
391 261
392 58
393 89
394 296
395 496
396 451
397 301
398 482
399 326
400 151
401 132
402 111
403 429
404 473
405 621
406 187
407 174
408 493
409 172
410 75
411 477
412 70
413 92
414 535
415 369
416 131
417 615
418 141
419 410
420 42
421 245
422 355
423 139
424 465
425 146
426 458
427 383
428 71
429 212
430 21
431 211
432 371
433 587
434 582
435 60
436 326
437 186
438 524
439 492
440 54
441 504
442 175
443 454
444 466
445 512
446 518
447 490
448 524
449 93
450 310
451 467
452 105
453 257
454 186
455 55
456 420
457 71
458 415
459 471
460 380
461 138
462 385
463 238
464 72
465 177
466 31
467 432
468 492
469 511
470 552
471 150
472 195
473 403
474 530
475 420
476 600
477 518
478 130
479 451
480 254
481 94
482 600
483 583
484 117
485 283
486 310
487 533
488 575
489 577
490 547
491 164
492 251
493 358
494 348
495 152
496 330
497 380
498 148
499 585
500 198
501 207
502 575
503 266
504 205
505 215
506 577
507 334
508 507
509 539
510 247
511 222
512 361
513 40
514 225
515 99
516 202
517 261
518 521
519 508
520 555
521 612
522 144
523 113
524 130
525 113
526 2
527 194
528 121
529 355
530 498
531 167
532 64
533 262
534 266
535 588
536 21
537 236
538 165
539 50
540 340
541 329
542 299
543 55
544 349
545 552
546 236
547 441
548 324
549 390
550 363
551 565
552 445
553 377
554 554
555 476
556 4
557 118
558 492
559 587
560 395
561 340
562 538
563 90
564 462
565 115
566 204
567 554
568 448
569 246
570 122
571 544
572 103
573 280
574 100
575 40
576 21
577 578
578 223
579 367
580 226
581 36
582 392
583 418
584 361
585 571
586 493
587 212
588 53
589 97
590 229
591 611
592 61
593 85
594 352
595 425
596 579
597 291
598 583
599 541
600 114
601 366
602 373
603 284
604 344
605 482
606 603
607 271
608 600
609 47
610 91
611 176
612 474
613 150
614 580
615 444
616 503
617 332
618 92
619 567
620 323
621 356
622 378
623 206
624 288
