0 11
1 509
2 419
3 164
4 537
5 110
6 360
7 169
8 505
9 53
10 267
11 612
12 54
13 447
14 9
15 316
16 200
17 339
18 620
19 379
20 561
21 472
22 29
23 475
24 359
25 165
26 263
27 418
28 534
29 446
30 178
31 505
32 518
33 31
34 296
35 393
36 383
37 138
38 587
39 134
40 471
41 92
42 422
43 408
44 262
45 550
46 450
47 165
48 403
49 169
50 426
51 189
52 345
53 479
54 348
55 305
56 495
57 156
58 523
59 297
60 219
61 469
62 462
63 240
64 163
65 168
66 125
67 253
68 42
69 266
70 479
71 510
72 471
73 320
74 445
75 560
76 286
77 142
78 482
79 485
80 328
81 523
82 34
83 277
84 474
85 180
86 177
87 139
88 534
89 455
90 249
91 120
92 78
93 341
94 81
95 417
96 455
97 545
98 148
99 166
100 180
101 236
102 575
103 345
104 515
105 365
106 402
107 110
108 498
109 133
110 115
111 437
112 61
113 524
114 449
115 110
116 12
117 410
118 43
119 337
120 261
121 325
122 450
123 460
124 413
125 549
126 287
127 485
128 196
129 289
130 209
131 565
132 506
133 241
134 333
135 248
136 243
137 311
138 371
139 474
140 327
141 151
142 306
143 112
144 469
145 78
146 55
147 212
148 11
149 256
150 624
151 72
152 556
153 18
154 256
155 34
156 81
157 606
158 67
159 303
160 278
161 188
162 345
163 17
164 602
165 187
166 161
167 156
168 412
169 16
170 313
171 550
172 439
173 446
174 125
175 239
176 401
177 42
178 468
179 209
180 563
181 174
182 76
183 488
184 170
185 21
186 39
187 616
188 283
189 29
190 289
191 458
192 452
193 398
194 153
195 621
196 431
197 20
198 180
199 201
200 145
201 81
202 311
203 28
204 266
205 381
206 598
207 313
208 532
209 105
210 376
211 492
212 319
213 83
214 138
215 225
216 250
217 48
218 465
219 313
220 434
221 333
222 191
223 545
224 614
225 288
226 83
227 498
228 602
229 67
230 439
231 384
232 496
233 173
234 410
235 103
236 264
237 506
238 565
239 366
240 137
241 286
242 450
243 44
244 605
245 44
246 145
247 525
248 423
249 548
250 203
251 449
252 105
253 160
254 268
255 405
256 475
257 464
258 103
259 393
260 410
261 548
262 73
263 508
264 550
265 110
266 44
267 547
268 358
269 583
270 548
271 313
272 437
273 226
274 604
275 499
276 444
277 78
278 620
279 590
280 447
281 274
282 435
283 200
284 508
285 145
286 212
287 154
288 295
289 187
290 546
291 69
292 425
293 573
294 573
295 451
296 608
297 446
298 421
299 547
300 9
301 378
302 76
303 602
304 295
305 185
306 432
307 579
308 167
309 524
310 272
311 160
312 310
313 476
314 242
315 518
316 99
317 269
318 305
319 151
320 7
321 75
322 43
323 88
324 70
325 511
326 48
327 416
328 595
329 26
330 45
331 186
332 548
333 561
334 524
335 332
336 98
337 120
338 386
339 121
340 29
341 51
342 39
343 451
344 384
345 482
346 429
347 460
348 580
349 136
350 127
351 221
352 596
353 205
354 465
355 487
356 141
357 165
358 322
359 394
360 395
361 13
362 230
363 128
364 382
365 554
366 95
367 424
368 213
369 36
370 106
371 123
372 180
373 125
374 524
375 155
376 158
377 414
378 7
379 52
380 299
381 119
382 146
383 82
384 334
385 327
386 615
387 385
388 446
389 433
390 506
391 451
392 491
393 236
394 240
395 566
396 298
397 486
398 531
399 352
400 476
401 349
402 432
403 382
404 34
405 8
406 3
407 472
408 564
409 33
410 534
411 222
412 623
413 66
414 287
415 364
416 261
417 473
418 451
419 31
420 236
421 361
422 202
423 125
424 587
425 171
426 515
427 166
428 221
429 339
430 40
431 396
432 410
433 257
434 14
435 622
436 329
437 247
438 60
439 516
440 416
441 0
442 208
443 560
444 309
445 161
446 197
447 393
448 222
449 518
450 426
451 557
452 150
453 148
454 124
455 69
456 245
457 58
458 547
459 165
460 237
461 169
462 9
463 615
464 20
465 109
466 404
467 242
468 237
469 12
470 151
471 96
472 464
473 63
474 502
475 238
476 204
477 263
478 296
479 61
480 489
481 424
482 34
483 140
484 152
485 333
486 255
487 513
488 296
489 494
490 130
491 600
492 152
493 543
494 19
495 168
496 345
497 469
498 146
499 135
500 199
501 212
502 360
503 528
504 202
505 189
506 120
507 365
508 167
509 64
510 204
511 167
512 200
513 390
514 223
515 285
516 549
517 422
518 100
519 141
520 329
521 305
522 161
523 292
524 155
525 593
526 504
527 438
528 577
529 351
530 274
531 517
532 287
533 524
534 577
535 111
536 139
537 42
538 1
539 214
540 191
541 519
542 240
543 183
544 217
545 326
546 56
547 366
548 540
549 499
550 471
551 584
552 186
553 403
554 221
555 193
556 271
557 221
558 88
559 147
560 207
561 86
562 102
563 264
564 38
565 260
566 530
567 109
568 390
569 129
570 255
571 253
572 312
573 383
574 228
575 47
576 490
577 470
578 375
579 472
580 249
581 91
582 191
583 142
584 170
585 344
586 58
587 177
588 105
589 164
590 1
591 332
592 487
593 560
594 500
595 224
596 315
597 339
598 300
599 269
600 200
601 243
602 233
603 11
604 561
605 597
606 150
607 255
608 366
609 101
610 465
611 39
612 529
613 48
614 615
615 277
616 279
617 459
618 455
619 153
620 147
621 238
622 605
623 218
624 161
0 333
1 474
2 419
3 164
4 12
5 536
6 465
7 136
8 180
9 53
10 267
11 612
12 145
13 544
14 7
15 36
16 358
17 504
18 407
19 379
20 561
21 191
22 381
23 618
24 359
25 84
26 386
27 78
28 534
29 446
30 178
31 352
32 518
33 314
34 296
35 120
36 603
37 244
38 587
39 134
40 171
41 92
42 392
43 408
44 126
45 615
46 564
47 165
48 307
49 169
50 426
51 189
52 345
53 479
54 574
55 140
56 495
57 616
58 571
59 517
60 156
61 469
62 462
63 189
64 163
65 182
66 125
67 348
68 578
69 266
70 105
71 167
72 529
73 618
74 64
75 560
76 286
77 518
78 101
79 485
80 229
81 523
82 34
83 185
84 481
85 311
86 177
87 139
88 534
89 93
90 249
91 529
92 78
93 62
94 489
95 437
96 455
97 545
98 156
99 166
100 180
101 424
102 440
103 524
104 515
105 556
106 474
107 401
108 498
109 3
110 115
111 407
112 270
113 359
114 449
115 351
116 12
117 410
118 339
119 337
120 222
121 325
122 495
123 17
124 413
125 549
126 287
127 485
128 5
129 289
130 213
131 565
132 540
133 241
134 333
135 137
136 584
137 311
138 371
139 474
140 437
141 151
142 486
143 112
144 87
145 349
146 55
147 212
148 11
149 137
150 624
151 72
152 556
153 18
154 17
155 28
156 490
157 205
158 541
159 303
160 46
161 188
162 345
163 17
164 514
165 563
166 204
167 30
168 91
169 16
170 313
171 425
172 303
173 394
174 125
175 452
176 429
177 42
178 468
179 317
180 563
181 174
182 44
183 42
184 613
185 537
186 278
187 86
188 614
189 110
190 289
191 458
192 452
193 433
194 555
195 475
196 184
197 20
198 53
199 126
200 243
201 612
202 311
203 227
204 266
205 381
206 149
207 222
208 280
209 105
210 376
211 107
212 220
213 308
214 123
215 225
216 76
217 48
218 465
219 87
220 513
221 222
222 528
223 401
224 38
225 288
226 360
227 172
228 361
229 67
230 439
231 384
232 496
233 152
234 511
235 96
236 479
237 38
238 602
239 366
240 314
241 286
242 450
243 44
244 218
245 198
246 145
247 242
248 423
249 602
250 203
251 59
252 419
253 110
254 268
255 405
256 565
257 464
258 103
259 393
260 189
261 548
262 73
263 4
264 149
265 110
266 44
267 228
268 358
269 447
270 548
271 519
272 437
273 226
274 523
275 204
276 444
277 78
278 620
279 590
280 447
281 481
282 435
283 334
284 508
285 316
286 353
287 154
288 365
289 321
290 546
291 600
292 59
293 440
294 573
295 451
296 81
297 446
298 283
299 547
300 240
301 378
302 76
303 571
304 240
305 24
306 432
307 608
308 167
309 67
310 272
311 181
312 310
313 476
314 242
315 547
316 300
317 269
318 305
319 151
320 7
321 75
322 43
323 539
324 485
325 511
326 50
327 470
328 373
329 538
330 620
331 147
332 548
333 232
334 34
335 318
336 222
337 323
338 386
339 121
340 29
341 51
342 39
343 468
344 384
345 374
346 429
347 460
348 580
349 136
350 220
351 318
352 161
353 486
354 112
355 333
356 141
357 198
358 505
359 394
360 395
361 13
362 477
363 160
364 382
365 51
366 191
367 234
368 523
369 36
370 106
371 301
372 78
373 125
374 109
375 155
376 158
377 414
378 616
379 52
380 299
381 119
382 130
383 190
384 337
385 242
386 615
387 385
388 446
389 174
390 506
391 451
392 491
393 236
394 240
395 25
396 298
397 309
398 76
399 352
400 476
401 349
402 78
403 21
404 385
405 457
406 287
407 209
408 465
409 33
410 560
411 222
412 623
413 66
414 403
415 342
416 261
417 473
418 558
419 64
420 31
421 361
422 202
423 125
424 587
425 529
426 127
427 561
428 168
429 339
430 40
431 396
432 410
433 257
434 14
435 622
436 329
437 170
438 60
439 516
440 416
441 0
442 208
443 317
444 309
445 547
446 99
447 466
448 222
449 282
450 426
451 76
452 150
453 247
454 124
455 69
456 245
457 58
458 441
459 220
460 558
461 439
462 9
463 599
464 347
465 313
466 131
467 551
468 574
469 10
470 367
471 96
472 464
473 473
474 502
475 311
476 204
477 246
478 296
479 517
480 489
481 424
482 34
483 508
484 152
485 333
486 255
487 465
488 105
489 244
490 130
491 17
492 152
493 543
494 19
495 567
496 280
497 469
498 288
499 231
500 388
501 212
502 360
503 528
504 233
505 552
506 504
507 365
508 167
509 98
510 204
511 22
512 200
513 493
514 65
515 345
516 513
517 346
518 100
519 443
520 329
521 536
522 59
523 357
524 324
525 593
526 79
527 213
528 530
529 406
530 274
531 118
532 287
533 430
534 419
535 31
536 139
537 42
538 1
539 214
540 607
541 519
542 240
543 183
544 217
545 576
546 255
547 600
548 263
549 3
550 471
551 584
552 196
553 403
554 599
555 331
556 271
557 221
558 433
559 147
560 500
561 325
562 102
563 74
564 584
565 260
566 310
567 109
568 390
569 129
570 362
571 228
572 229
573 383
574 228
575 231
576 490
577 470
578 375
579 472
580 249
581 602
582 184
583 142
584 170
585 192
586 58
587 177
588 295
589 164
590 1
591 114
592 487
593 560
594 500
595 550
596 315
597 339
598 564
599 269
600 443
601 243
602 244
603 11
604 561
605 597
606 531
607 240
608 423
609 614
610 465
611 409
612 454
613 48
614 615
615 317
616 279
617 459
618 455
619 143
620 147
621 454
622 605
623 218
624 563
