0 51
1 334
2 124
3 246
4 341
5 207
6 553
7 123
8 84
9 78
10 202
11 563
12 89
13 140
14 22
15 122
16 268
17 183
18 344
19 533
20 511
21 206
22 421
23 54
24 301
25 436
26 285
27 213
28 581
29 470
30 480
31 495
32 263
33 338
34 598
35 269
36 292
37 116
38 282
39 406
40 333
41 400
42 586
43 348
44 64
45 219
46 234
47 179
48 253
49 191
50 515
51 255
52 144
53 444
54 142
55 340
56 374
57 182
58 77
59 80
60 593
61 164
62 489
63 586
64 329
65 309
66 450
67 607
68 171
69 291
70 619
71 543
72 284
73 429
74 569
75 385
76 408
77 596
78 498
79 333
80 336
81 6
82 458
83 449
84 228
85 572
86 41
87 495
88 191
89 147
90 79
91 134
92 501
93 16
94 437
95 207
96 60
97 234
98 104
99 498
100 414
101 440
102 349
103 602
104 24
105 115
106 509
107 530
108 397
109 553
110 272
111 555
112 361
113 61
114 172
115 165
116 475
117 31
118 24
119 430
120 245
121 363
122 92
123 147
124 168
125 240
126 328
127 44
128 310
129 537
130 135
131 220
132 132
133 41
134 263
135 550
136 472
137 283
138 80
139 305
140 624
141 208
142 115
143 501
144 227
145 324
146 573
147 253
148 229
149 507
150 503
151 606
152 497
153 43
154 256
155 356
156 552
157 477
158 233
159 168
160 130
161 414
162 192
163 567
164 583
165 593
166 288
167 443
168 578
169 88
170 386
171 51
172 179
173 52
174 463
175 128
176 34
177 467
178 382
179 602
180 369
181 479
182 2
183 506
184 11
185 291
186 61
187 48
188 143
189 554
190 551
191 182
192 77
193 193
194 565
195 480
196 359
197 535
198 20
199 474
200 101
201 528
202 460
203 288
204 98
205 452
206 597
207 363
208 437
209 244
210 374
211 539
212 245
213 430
214 587
215 115
216 393
217 516
218 152
219 465
220 96
221 147
222 556
223 254
224 202
225 239
226 373
227 452
228 428
229 334
230 51
231 587
232 324
233 551
234 278
235 107
236 537
237 347
238 432
239 401
240 507
241 491
242 464
243 148
244 114
245 203
246 411
247 520
248 149
249 569
250 76
251 51
252 206
253 167
254 301
255 466
256 147
257 335
258 15
259 112
260 393
261 514
262 499
263 328
264 489
265 467
266 229
267 593
268 323
269 210
270 324
271 349
272 124
273 569
274 132
275 160
276 519
277 109
278 348
279 356
280 230
281 26
282 455
283 40
284 244
285 455
286 198
287 55
288 258
289 524
290 521
291 278
292 30
293 214
294 94
295 169
296 138
297 440
298 561
299 427
300 223
301 109
302 309
303 329
304 173
305 336
306 471
307 283
308 232
309 286
310 448
311 512
312 244
313 398
314 486
315 269
316 437
317 334
318 272
319 280
320 403
321 37
322 190
323 514
324 483
325 302
326 81
327 157
328 353
329 280
330 96
331 177
332 212
333 264
334 543
335 120
336 487
337 489
338 606
339 593
340 119
341 450
342 556
343 343
344 622
345 614
346 172
347 243
348 10
349 5
350 563
351 220
352 617
353 389
354 70
355 424
356 455
357 591
358 561
359 509
360 321
361 344
362 547
363 113
364 396
365 75
366 452
367 358
368 449
369 499
370 256
371 362
372 608
373 400
374 358
375 303
376 476
377 620
378 11
379 246
380 312
381 360
382 380
383 428
384 490
385 555
386 352
387 520
388 206
389 96
390 29
391 429
392 227
393 374
394 366
395 388
396 463
397 62
398 301
399 405
400 172
401 599
402 263
403 401
404 522
405 252
406 25
407 108
408 600
409 246
410 309
411 112
412 97
413 295
414 327
415 269
416 426
417 410
418 205
419 359
420 471
421 473
422 608
423 78
424 261
425 134
426 309
427 177
428 470
429 135
430 426
431 619
432 427
433 50
434 180
435 588
436 423
437 242
438 184
439 341
440 123
441 380
442 463
443 209
444 581
445 35
446 337
447 271
448 457
449 572
450 176
451 194
452 120
453 36
454 245
455 143
456 129
457 530
458 409
459 212
460 104
461 146
462 82
463 499
464 83
465 243
466 329
467 33
468 397
469 545
470 388
471 165
472 176
473 62
474 77
475 440
476 394
477 599
478 257
479 110
480 597
481 463
482 34
483 240
484 591
485 285
486 102
487 26
488 107
489 592
490 334
491 339
492 286
493 171
494 97
495 359
496 589
497 272
498 510
499 129
500 187
501 403
502 320
503 261
504 491
505 390
506 326
507 131
508 166
509 601
510 128
511 557
512 3
513 508
514 44
515 562
516 254
517 618
518 48
519 122
520 21
521 28
522 534
523 433
524 80
525 562
526 60
527 436
528 327
529 598
530 215
531 471
532 619
533 24
534 561
535 351
536 615
537 404
538 132
539 227
540 140
541 558
542 222
543 49
544 395
545 181
546 447
547 295
548 473
549 470
550 456
551 456
552 575
553 141
554 600
555 451
556 607
557 158
558 240
559 348
560 254
561 579
562 565
563 391
564 311
565 471
566 247
567 534
568 270
569 569
570 592
571 578
572 162
573 385
574 123
575 582
576 368
577 179
578 79
579 106
580 496
581 337
582 620
583 216
584 199
585 143
586 505
587 597
588 476
589 531
590 8
591 192
592 357
593 331
594 358
595 493
596 489
597 602
598 202
599 624
600 539
601 294
602 138
603 234
604 152
605 348
606 591
607 436
608 209
609 509
610 420
611 199
612 421
613 619
614 54
615 506
616 145
617 350
618 324
619 415
620 556
621 577
622 361
623 225
624 374
0 51
1 334
2 438
3 65
4 349
5 207
6 6
7 123
8 84
9 78
10 377
11 409
12 89
13 140
14 210
15 122
16 268
17 261
18 344
19 533
20 413
21 206
22 458
23 367
24 118
25 101
26 285
27 213
28 581
29 470
30 480
31 584
32 263
33 169
34 443
35 269
36 292
37 584
38 288
39 221
40 333
41 400
42 586
43 122
44 64
45 219
46 234
47 179
48 482
49 496
50 515
51 545
52 144
53 139
54 142
55 5
56 425
57 182
58 77
59 80
60 547
61 164
62 489
63 586
64 329
65 309
66 199
67 549
68 171
69 291
70 252
71 610
72 396
73 522
74 168
75 385
76 408
77 163
78 498
79 333
80 79
81 6
82 425
83 121
84 96
85 541
86 234
87 495
88 529
89 147
90 79
91 63
92 501
93 305
94 437
95 487
96 60
97 328
98 436
99 498
100 318
101 516
102 263
103 49
104 285
105 115
106 509
107 391
108 44
109 225
110 272
111 555
112 108
113 388
114 331
115 327
116 322
117 31
118 24
119 13
120 245
121 165
122 92
123 147
124 506
125 526
126 451
127 152
128 310
129 537
130 135
131 220
132 621
133 579
134 263
135 550
136 472
137 283
138 327
139 305
140 9
141 231
142 115
143 54
144 227
145 263
146 573
147 172
148 229
149 507
150 331
151 416
152 200
153 43
154 518
155 419
156 302
157 144
158 233
159 219
160 541
161 414
162 192
163 23
164 461
165 120
166 325
167 443
168 578
169 578
170 109
171 51
172 179
173 52
174 463
175 312
176 34
177 467
178 382
179 369
180 369
181 479
182 2
183 466
184 492
185 291
186 61
187 425
188 271
189 554
190 167
191 423
192 77
193 157
194 519
195 232
196 432
197 521
198 20
199 474
200 101
201 186
202 460
203 174
204 98
205 543
206 597
207 363
208 437
209 75
210 22
211 539
212 220
213 430
214 587
215 175
216 183
217 596
218 152
219 465
220 42
221 44
222 556
223 223
224 202
225 8
226 9
227 452
228 428
229 334
230 589
231 587
232 479
233 265
234 278
235 233
236 537
237 347
238 295
239 283
240 507
241 229
242 203
243 148
244 114
245 323
246 411
247 520
248 514
249 156
250 76
251 51
252 206
253 203
254 301
255 539
256 147
257 335
258 15
259 1
260 393
261 514
262 437
263 164
264 489
265 467
266 229
267 593
268 323
269 210
270 324
271 409
272 219
273 569
274 197
275 160
276 155
277 274
278 348
279 624
280 349
281 26
282 554
283 40
284 511
285 300
286 91
287 65
288 258
289 5
290 521
291 252
292 124
293 320
294 94
295 169
296 138
297 393
298 26
299 427
300 450
301 123
302 39
303 329
304 173
305 336
306 471
307 283
308 243
309 286
310 186
311 442
312 244
313 398
314 344
315 131
316 4
317 148
318 519
319 280
320 74
321 37
322 190
323 514
324 483
325 302
326 81
327 25
328 353
329 280
330 369
331 486
332 212
333 264
334 543
335 120
336 607
337 8
338 606
339 593
340 310
341 362
342 556
343 129
344 554
345 112
346 603
347 243
348 15
349 307
350 563
351 502
352 617
353 389
354 394
355 424
356 11
357 51
358 272
359 509
360 375
361 1
362 529
363 113
364 396
365 75
366 452
367 358
368 449
369 607
370 404
371 362
372 608
373 127
374 295
375 303
376 476
377 390
378 11
379 246
380 312
381 360
382 155
383 417
384 62
385 555
386 378
387 258
388 206
389 190
390 29
391 429
392 343
393 374
394 366
395 355
396 170
397 62
398 301
399 564
400 172
401 599
402 263
403 519
404 393
405 252
406 25
407 108
408 39
409 405
410 309
411 45
412 204
413 163
414 327
415 410
416 426
417 410
418 503
419 359
420 471
421 473
422 400
423 431
424 261
425 134
426 309
427 159
428 470
429 179
430 70
431 619
432 244
433 50
434 183
435 51
436 22
437 242
438 399
439 44
440 386
441 331
442 427
443 209
444 581
445 35
446 596
447 271
448 457
449 203
450 176
451 194
452 120
453 36
454 325
455 207
456 129
457 530
458 360
459 212
460 104
461 146
462 82
463 499
464 371
465 190
466 314
467 325
468 397
469 317
470 388
471 165
472 176
473 436
474 77
475 440
476 394
477 337
478 426
479 110
480 269
481 463
482 34
483 404
484 105
485 570
486 502
487 402
488 377
489 592
490 521
491 339
492 286
493 100
494 266
495 243
496 363
497 594
498 286
499 457
500 579
501 595
502 594
503 73
504 491
505 390
506 326
507 131
508 166
509 253
510 128
511 595
512 360
513 508
514 44
515 296
516 535
517 618
518 48
519 122
520 21
521 28
522 414
523 433
524 80
525 562
526 239
527 67
528 327
529 598
530 215
531 351
532 490
533 158
534 258
535 356
536 89
537 404
538 107
539 227
540 140
541 612
542 578
543 49
544 192
545 181
546 601
547 295
548 473
549 120
550 97
551 323
552 157
553 266
554 600
555 451
556 564
557 158
558 482
559 371
560 407
561 335
562 278
563 391
564 317
565 120
566 207
567 534
568 0
569 475
570 409
571 478
572 376
573 107
574 123
575 586
576 361
577 179
578 79
579 322
580 521
581 236
582 108
583 216
584 199
585 80
586 38
587 597
588 262
589 70
590 286
591 612
592 80
593 88
594 358
595 493
596 523
597 231
598 113
599 259
600 56
601 294
602 89
603 234
604 152
605 171
606 420
607 436
608 329
609 284
610 420
611 199
612 506
613 20
614 585
615 166
616 145
617 350
618 455
619 415
620 254
621 577
622 331
623 225
624 570
