0 209
1 600
2 342
3 482
4 520
5 170
6 618
7 317
8 377
9 478
10 84
11 549
12 227
13 380
14 128
15 210
16 622
17 238
18 236
19 358
20 62
21 40
22 270
23 438
24 455
25 374
26 500
27 139
28 594
29 339
30 594
31 113
32 160
33 255
34 325
35 244
36 87
37 196
38 393
39 484
40 469
41 259
42 610
43 354
44 149
45 419
46 268
47 598
48 49
49 176
50 338
51 172
52 471
53 146
54 503
55 468
56 478
57 610
58 510
59 569
60 367
61 301
62 117
63 212
64 338
65 581
66 136
67 515
68 88
69 208
70 547
71 589
72 556
73 547
74 242
75 463
76 49
77 334
78 10
79 618
80 152
81 109
82 79
83 9
84 261
85 504
86 460
87 265
88 485
89 295
90 30
91 209
92 98
93 235
94 427
95 559
96 619
97 266
98 197
99 100
100 28
101 490
102 410
103 601
104 329
105 361
106 15
107 117
108 596
109 222
110 72
111 72
112 158
113 178
114 521
115 29
116 367
117 416
118 82
119 586
120 271
121 378
122 447
123 621
124 202
125 497
126 417
127 415
128 187
129 557
130 505
131 118
132 234
133 313
134 436
135 520
136 150
137 58
138 112
139 440
140 207
141 3
142 492
143 69
144 370
145 305
146 542
147 442
148 410
149 544
150 478
151 335
152 486
153 38
154 168
155 429
156 508
157 223
158 165
159 252
160 612
161 396
162 482
163 342
164 187
165 38
166 379
167 393
168 537
169 42
170 565
171 116
172 404
173 334
174 233
175 377
176 434
177 547
178 69
179 507
180 46
181 168
182 541
183 297
184 301
185 509
186 479
187 611
188 159
189 566
190 340
191 383
192 422
193 251
194 338
195 125
196 64
197 263
198 328
199 568
200 316
201 85
202 620
203 11
204 372
205 445
206 185
207 604
208 310
209 448
210 610
211 39
212 348
213 354
214 97
215 55
216 263
217 11
218 427
219 144
220 512
221 370
222 459
223 9
224 548
225 412
226 570
227 265
228 444
229 71
230 275
231 5
232 270
233 259
234 146
235 195
236 496
237 561
238 394
239 295
240 463
241 456
242 341
243 532
244 429
245 290
246 623
247 456
248 29
249 297
250 476
251 24
252 197
253 346
254 624
255 89
256 82
257 428
258 168
259 151
260 233
261 457
262 227
263 575
264 590
265 66
266 81
267 315
268 12
269 147
270 415
271 454
272 277
273 502
274 15
275 519
276 266
277 572
278 434
279 409
280 300
281 5
282 212
283 123
284 580
285 202
286 34
287 295
288 74
289 385
290 44
291 460
292 604
293 359
294 125
295 13
296 32
297 417
298 523
299 134
300 61
301 178
302 125
303 28
304 67
305 165
306 138
307 221
308 509
309 36
310 529
311 69
312 386
313 296
314 623
315 514
316 381
317 452
318 98
319 415
320 439
321 117
322 80
323 263
324 154
325 455
326 188
327 54
328 399
329 390
330 77
331 59
332 250
333 389
334 37
335 179
336 83
337 8
338 452
339 493
340 330
341 252
342 14
343 604
344 250
345 214
346 542
347 521
348 466
349 588
350 370
351 296
352 308
353 289
354 331
355 290
356 241
357 452
358 116
359 255
360 395
361 525
362 430
363 114
364 497
365 604
366 234
367 379
368 130
369 231
370 90
371 524
372 5
373 497
374 19
375 166
376 6
377 415
378 591
379 532
380 226
381 587
382 579
383 421
384 404
385 514
386 344
387 83
388 355
389 279
390 186
391 496
392 513
393 67
394 41
395 306
396 45
397 103
398 389
399 122
400 87
401 432
402 535
403 8
404 208
405 472
406 241
407 249
408 515
409 471
410 206
411 187
412 43
413 571
414 236
415 79
416 376
417 554
418 157
419 297
420 136
421 331
422 13
423 41
424 584
425 489
426 545
427 131
428 29
429 356
430 478
431 589
432 480
433 94
434 407
435 398
436 506
437 496
438 581
439 255
440 291
441 470
442 271
443 27
444 346
445 139
446 178
447 173
448 379
449 27
450 91
451 403
452 389
453 354
454 562
455 17
456 29
457 248
458 135
459 196
460 424
461 0
462 508
463 50
464 544
465 326
466 259
467 9
468 264
469 125
470 435
471 349
472 396
473 418
474 360
475 169
476 26
477 110
478 311
479 63
480 205
481 60
482 45
483 208
484 508
485 607
486 337
487 223
488 86
489 113
490 12
491 123
492 219
493 188
494 493
495 50
496 392
497 177
498 606
499 5
500 260
501 477
502 91
503 507
504 414
505 564
506 507
507 186
508 396
509 130
510 347
511 354
512 532
513 472
514 549
515 471
516 56
517 412
518 451
519 62
520 363
521 161
522 63
523 160
524 466
525 182
526 487
527 227
528 86
529 566
530 58
531 123
532 211
533 452
534 287
535 40
536 302
537 336
538 603
539 145
540 489
541 443
542 353
543 605
544 352
545 579
546 185
547 290
548 251
549 166
550 375
551 419
552 181
553 67
554 400
555 14
556 582
557 204
558 289
559 440
560 75
561 544
562 422
563 527
564 84
565 441
566 19
567 457
568 223
569 436
570 93
571 547
572 203
573 226
574 370
575 429
576 51
577 240
578 564
579 50
580 151
581 596
582 268
583 2
584 558
585 480
586 180
587 402
588 563
589 70
590 596
591 178
592 397
593 242
594 443
595 591
596 615
597 12
598 180
599 90
600 612
601 72
602 1
603 471
604 39
605 481
606 242
607 281
608 571
609 357
610 559
611 139
612 209
613 46
614 31
615 33
616 150
617 218
618 523
619 286
620 118
621 454
622 475
623 493
624 324
0 410
1 600
2 230
3 482
4 520
5 313
6 331
7 317
8 553
9 143
10 497
11 481
12 499
13 213
14 230
15 238
16 622
17 238
18 387
19 387
20 62
21 174
22 39
23 438
24 470
25 64
26 500
27 376
28 594
29 286
30 594
31 113
32 184
33 369
34 300
35 244
36 87
37 196
38 274
39 484
40 469
41 411
42 249
43 92
44 149
45 181
46 268
47 598
48 233
49 235
50 338
51 519
52 354
53 146
54 160
55 475
56 265
57 610
58 510
59 502
60 367
61 29
62 517
63 212
64 439
65 581
66 136
67 515
68 94
69 591
70 547
71 314
72 510
73 212
74 242
75 28
76 176
77 215
78 134
79 618
80 152
81 568
82 559
83 432
84 261
85 8
86 460
87 265
88 26
89 85
90 30
91 209
92 98
93 119
94 427
95 26
96 463
97 266
98 197
99 376
100 391
101 539
102 410
103 601
104 329
105 361
106 15
107 117
108 157
109 135
110 72
111 72
112 602
113 164
114 521
115 29
116 138
117 599
118 82
119 586
120 271
121 378
122 447
123 621
124 479
125 497
126 536
127 568
128 612
129 557
130 347
131 494
132 234
133 31
134 272
135 520
136 150
137 107
138 112
139 29
140 258
141 3
142 492
143 271
144 370
145 305
146 450
147 442
148 410
149 428
150 478
151 335
152 417
153 38
154 131
155 49
156 508
157 223
158 249
159 252
160 612
161 396
162 482
163 49
164 187
165 38
166 513
167 602
168 537
169 446
170 565
171 224
172 403
173 334
174 291
175 319
176 66
177 60
178 398
179 422
180 46
181 24
182 541
183 297
184 175
185 530
186 479
187 324
188 159
189 566
190 485
191 170
192 422
193 251
194 338
195 340
196 566
197 280
198 327
199 411
200 463
201 282
202 620
203 29
204 372
205 144
206 185
207 604
208 310
209 448
210 163
211 12
212 84
213 354
214 389
215 91
216 263
217 93
218 427
219 24
220 3
221 360
222 459
223 9
224 548
225 471
226 570
227 545
228 444
229 71
230 42
231 5
232 270
233 259
234 454
235 162
236 459
237 561
238 394
239 295
240 517
241 185
242 341
243 396
244 0
245 375
246 458
247 456
248 311
249 297
250 154
251 24
252 197
253 170
254 284
255 89
256 82
257 428
258 168
259 253
260 480
261 491
262 559
263 336
264 590
265 413
266 81
267 315
268 12
269 147
270 102
271 157
272 478
273 474
274 15
275 519
276 82
277 184
278 434
279 467
280 300
281 443
282 551
283 123
284 580
285 214
286 201
287 295
288 172
289 351
290 44
291 299
292 604
293 359
294 125
295 312
296 78
297 217
298 523
299 294
300 348
301 178
302 125
303 600
304 67
305 495
306 226
307 604
308 509
309 511
310 529
311 69
312 173
313 296
314 623
315 462
316 365
317 557
318 98
319 415
320 439
321 117
322 80
323 263
324 154
325 455
326 188
327 54
328 399
329 390
330 235
331 59
332 42
333 389
334 12
335 179
336 83
337 149
338 452
339 493
340 330
341 252
342 14
343 468
344 250
345 214
346 230
347 521
348 578
349 588
350 259
351 9
352 221
353 233
354 549
355 290
356 241
357 50
358 116
359 281
360 395
361 256
362 324
363 492
364 266
365 86
366 609
367 379
368 130
369 56
370 90
371 621
372 432
373 560
374 580
375 166
376 6
377 415
378 299
379 497
380 451
381 587
382 351
383 421
384 404
385 514
386 344
387 83
388 54
389 279
390 232
391 579
392 513
393 597
394 41
395 306
396 310
397 182
398 478
399 7
400 193
401 432
402 373
403 27
404 224
405 490
406 217
407 520
408 275
409 128
410 438
411 187
412 460
413 571
414 406
415 566
416 376
417 457
418 157
419 297
420 387
421 168
422 13
423 41
424 200
425 611
426 545
427 199
428 29
429 278
430 28
431 168
432 167
433 94
434 407
435 323
436 506
437 351
438 437
439 521
440 291
441 563
442 271
443 5
444 402
445 139
446 178
447 173
448 379
449 61
450 185
451 403
452 389
453 599
454 612
455 437
456 220
457 248
458 307
459 235
460 265
461 296
462 2
463 506
464 386
465 326
466 487
467 593
468 332
469 381
470 42
471 349
472 396
473 246
474 360
475 169
476 26
477 441
478 260
479 63
480 205
481 612
482 45
483 525
484 174
485 493
486 337
487 223
488 336
489 113
490 12
491 123
492 461
493 335
494 493
495 50
496 318
497 177
498 269
499 508
500 260
501 477
502 91
503 507
504 414
505 564
506 507
507 335
508 509
509 130
510 347
511 41
512 426
513 472
514 549
515 471
516 392
517 54
518 458
519 62
520 363
521 75
522 63
523 160
524 466
525 182
526 487
527 133
528 86
529 313
530 58
531 526
532 211
533 465
534 287
535 456
536 496
537 347
538 114
539 341
540 470
541 424
542 262
543 605
544 352
545 579
546 583
547 290
548 77
549 166
550 203
551 419
552 60
553 359
554 400
555 450
556 582
557 83
558 467
559 440
560 402
561 544
562 263
563 527
564 84
565 441
566 369
567 475
568 593
569 436
570 27
571 547
572 552
573 226
574 370
575 429
576 51
577 511
578 564
579 50
580 151
581 596
582 82
583 2
584 558
585 285
586 180
587 402
588 272
589 294
590 169
591 178
592 576
593 107
594 443
595 71
596 39
597 12
598 190
599 136
600 612
601 10
602 1
603 471
604 199
605 495
606 108
607 281
608 571
609 349
610 559
611 139
612 300
613 521
614 31
615 527
616 342
617 10
618 44
619 286
620 317
621 454
622 337
623 493
624 324
