0 577
1 516
2 235
3 540
4 277
5 519
6 103
7 38
8 238
9 262
10 600
11 121
12 607
13 575
14 278
15 510
16 292
17 216
18 98
19 369
20 341
21 488
22 321
23 353
24 444
25 35
26 518
27 481
28 156
29 492
30 492
31 130
32 210
33 556
34 347
35 601
36 47
37 537
38 390
39 0
40 237
41 468
42 464
43 300
44 81
45 161
46 380
47 7
48 232
49 466
50 84
51 350
52 527
53 579
54 620
55 601
56 348
57 333
58 396
59 613
60 152
61 325
62 239
63 338
64 534
65 193
66 98
67 562
68 622
69 576
70 28
71 176
72 59
73 88
74 87
75 424
76 156
77 485
78 231
79 350
80 284
81 413
82 559
83 288
84 67
85 363
86 422
87 145
88 391
89 576
90 254
91 274
92 372
93 327
94 350
95 357
96 154
97 359
98 606
99 509
100 456
101 225
102 423
103 540
104 236
105 581
106 222
107 250
108 260
109 502
110 384
111 494
112 227
113 474
114 172
115 107
116 317
117 490
118 591
119 383
120 139
121 523
122 210
123 494
124 324
125 545
126 410
127 145
128 249
129 241
130 532
131 496
132 591
133 425
134 333
135 397
136 408
137 236
138 150
139 49
140 384
141 89
142 314
143 420
144 551
145 561
146 372
147 31
148 332
149 585
150 602
151 53
152 550
153 57
154 294
155 591
156 281
157 588
158 298
159 224
160 460
161 529
162 96
163 265
164 41
165 353
166 483
167 422
168 209
169 263
170 294
171 232
172 251
173 124
174 77
175 34
176 569
177 84
178 263
179 529
180 372
181 116
182 4
183 495
184 207
185 400
186 176
187 105
188 624
189 246
190 459
191 386
192 409
193 121
194 160
195 569
196 446
197 532
198 243
199 558
200 99
201 46
202 148
203 5
204 309
205 473
206 208
207 359
208 152
209 162
210 268
211 623
212 617
213 481
214 240
215 315
216 16
217 213
218 365
219 64
220 323
221 414
222 342
223 37
224 428
225 305
226 505
227 590
228 580
229 92
230 184
231 338
232 58
233 159
234 312
235 473
236 315
237 600
238 559
239 431
240 555
241 376
242 339
243 514
244 275
245 60
246 371
247 358
248 20
249 504
250 146
251 529
252 174
253 568
254 617
255 179
256 334
257 71
258 333
259 369
260 250
261 613
262 321
263 215
264 26
265 72
266 70
267 455
268 135
269 511
270 107
271 157
272 517
273 594
274 172
275 218
276 51
277 169
278 359
279 490
280 240
281 56
282 519
283 328
284 523
285 483
286 103
287 316
288 508
289 509
290 179
291 514
292 112
293 316
294 528
295 365
296 85
297 49
298 422
299 473
300 136
301 197
302 273
303 571
304 277
305 190
306 577
307 591
308 382
309 247
310 466
311 362
312 292
313 80
314 198
315 381
316 496
317 282
318 134
319 124
320 197
321 245
322 596
323 412
324 570
325 360
326 314
327 624
328 544
329 17
330 138
331 439
332 546
333 416
334 423
335 113
336 161
337 386
338 620
339 600
340 562
341 560
342 597
343 356
344 235
345 37
346 333
347 102
348 574
349 552
350 519
351 540
352 222
353 545
354 364
355 169
356 437
357 284
358 163
359 517
360 582
361 430
362 195
363 140
364 118
365 225
366 290
367 38
368 302
369 265
370 492
371 42
372 562
373 132
374 257
375 413
376 173
377 524
378 322
379 432
380 220
381 618
382 196
383 23
384 171
385 122
386 501
387 257
388 409
389 392
390 513
391 440
392 471
393 319
394 495
395 158
396 223
397 21
398 553
399 38
400 38
401 440
402 96
403 200
404 507
405 580
406 326
407 499
408 175
409 254
410 334
411 69
412 512
413 179
414 246
415 109
416 605
417 613
418 303
419 402
420 187
421 527
422 299
423 219
424 410
425 18
426 368
427 175
428 198
429 246
430 433
431 382
432 256
433 109
434 372
435 411
436 524
437 326
438 420
439 165
440 589
441 433
442 302
443 415
444 506
445 451
446 151
447 249
448 560
449 161
450 47
451 71
452 550
453 13
454 221
455 100
456 275
457 501
458 610
459 201
460 422
461 592
462 45
463 305
464 392
465 368
466 433
467 69
468 21
469 272
470 563
471 276
472 266
473 367
474 238
475 249
476 261
477 610
478 507
479 270
480 525
481 396
482 4
483 116
484 93
485 197
486 206
487 422
488 408
489 179
490 299
491 184
492 20
493 128
494 411
495 239
496 262
497 405
498 214
499 466
500 350
501 417
502 166
503 510
504 613
505 85
506 420
507 172
508 406
509 315
510 145
511 139
512 371
513 220
514 239
515 623
516 393
517 547
518 595
519 510
520 113
521 294
522 608
523 430
524 528
525 200
526 461
527 16
528 418
529 58
530 95
531 590
532 576
533 610
534 208
535 315
536 621
537 218
538 577
539 508
540 557
541 286
542 527
543 283
544 617
545 98
546 79
547 16
548 116
549 319
550 363
551 469
552 541
553 52
554 63
555 471
556 269
557 442
558 325
559 455
560 328
561 438
562 27
563 183
564 104
565 49
566 533
567 138
568 70
569 415
570 494
571 38
572 501
573 602
574 102
575 615
576 177
577 559
578 381
579 159
580 520
581 438
582 434
583 278
584 95
585 300
586 439
587 258
588 483
589 546
590 54
591 370
592 285
593 449
594 298
595 590
596 78
597 430
598 175
599 200
600 152
601 587
602 84
603 446
604 83
605 426
606 192
607 448
608 455
609 488
610 150
611 44
612 138
613 171
614 363
615 191
616 551
617 527
618 455
619 556
620 524
621 538
622 275
623 36
624 564
0 577
1 516
2 294
3 384
4 205
5 330
6 103
7 198
8 403
9 612
10 537
11 121
12 23
13 575
14 278
15 510
16 8
17 187
18 79
19 76
20 570
21 488
22 269
23 353
24 225
25 35
26 518
27 305
28 421
29 492
30 272
31 465
32 210
33 556
34 433
35 598
36 47
37 537
38 307
39 0
40 363
41 385
42 464
43 328
44 347
45 55
46 431
47 19
48 262
49 549
50 84
51 85
52 527
53 579
54 157
55 229
56 587
57 333
58 379
59 613
60 15
61 557
62 239
63 338
64 556
65 193
66 265
67 562
68 6
69 576
70 28
71 176
72 59
73 88
74 372
75 353
76 156
77 246
78 231
79 82
80 514
81 413
82 576
83 206
84 217
85 363
86 422
87 136
88 274
89 585
90 254
91 274
92 372
93 152
94 350
95 543
96 447
97 359
98 606
99 215
100 456
101 225
102 130
103 540
104 544
105 374
106 222
107 250
108 260
109 502
110 384
111 494
112 227
113 619
114 172
115 618
116 64
117 51
118 239
119 438
120 471
121 523
122 162
123 246
124 324
125 348
126 478
127 114
128 263
129 241
130 532
131 340
132 589
133 425
134 333
135 397
136 72
137 196
138 150
139 49
140 45
141 141
142 314
143 528
144 551
145 543
146 372
147 31
148 332
149 319
150 36
151 53
152 593
153 329
154 7
155 452
156 281
157 588
158 77
159 527
160 151
161 503
162 471
163 308
164 326
165 347
166 483
167 398
168 350
169 91
170 618
171 232
172 56
173 208
174 77
175 34
176 58
177 84
178 124
179 529
180 372
181 116
182 598
183 495
184 207
185 159
186 516
187 618
188 277
189 246
190 408
191 386
192 409
193 191
194 129
195 569
196 369
197 168
198 74
199 624
200 124
201 518
202 148
203 5
204 267
205 105
206 208
207 395
208 446
209 162
210 196
211 71
212 35
213 611
214 240
215 563
216 66
217 378
218 365
219 64
220 323
221 81
222 342
223 37
224 428
225 206
226 460
227 334
228 441
229 529
230 327
231 528
232 110
233 159
234 433
235 473
236 181
237 608
238 107
239 210
240 200
241 376
242 366
243 285
244 275
245 104
246 30
247 96
248 101
249 504
250 486
251 554
252 174
253 424
254 311
255 179
256 4
257 71
258 333
259 369
260 288
261 251
262 584
263 516
264 120
265 606
266 149
267 164
268 135
269 511
270 502
271 189
272 517
273 545
274 509
275 589
276 460
277 169
278 359
279 217
280 486
281 56
282 519
283 603
284 523
285 608
286 592
287 316
288 44
289 510
290 179
291 514
292 5
293 508
294 205
295 365
296 85
297 133
298 422
299 372
300 136
301 198
302 273
303 571
304 561
305 190
306 577
307 591
308 382
309 305
310 553
311 362
312 292
313 421
314 198
315 381
316 496
317 282
318 161
319 546
320 197
321 552
322 387
323 412
324 570
325 360
326 314
327 361
328 527
329 534
330 193
331 439
332 546
333 416
334 423
335 71
336 161
337 49
338 617
339 600
340 465
341 22
342 580
343 356
344 235
345 37
346 333
347 102
348 574
349 552
350 519
351 163
352 41
353 183
354 231
355 169
356 437
357 284
358 97
359 125
360 582
361 430
362 195
363 215
364 118
365 330
366 379
367 159
368 348
369 265
370 74
371 42
372 568
373 357
374 257
375 258
376 150
377 524
378 558
379 432
380 593
381 618
382 196
383 23
384 11
385 122
386 501
387 467
388 409
389 6
390 513
391 266
392 53
393 422
394 495
395 509
396 223
397 21
398 618
399 126
400 38
401 205
402 96
403 579
404 507
405 130
406 343
407 184
408 175
409 254
410 391
411 69
412 448
413 249
414 246
415 340
416 492
417 302
418 303
419 214
420 187
421 421
422 299
423 190
424 559
425 18
426 76
427 175
428 589
429 246
430 394
431 382
432 96
433 109
434 372
435 100
436 394
437 483
438 420
439 320
440 589
441 433
442 524
443 415
444 188
445 525
446 88
447 249
448 478
449 140
450 47
451 164
452 550
453 13
454 349
455 100
456 103
457 202
458 610
459 201
460 220
461 592
462 45
463 231
464 427
465 4
466 586
467 16
468 488
469 524
470 452
471 14
472 277
473 22
474 238
475 95
476 261
477 610
478 44
479 270
480 525
481 374
482 503
483 116
484 5
485 72
486 113
487 331
488 412
489 321
490 299
491 63
492 157
493 128
494 411
495 79
496 581
497 405
498 214
499 616
500 340
501 385
502 166
503 480
504 337
505 582
506 420
507 172
508 355
509 315
510 102
511 139
512 440
513 260
514 239
515 345
516 393
517 547
518 469
519 152
520 113
521 275
522 336
523 430
524 131
525 293
526 53
527 209
528 565
529 472
530 385
531 133
532 576
533 274
534 150
535 315
536 549
537 236
538 577
539 190
540 51
541 286
542 595
543 283
544 617
545 98
546 529
547 402
548 116
549 45
550 101
551 410
552 541
553 575
554 63
555 471
556 161
557 501
558 325
559 163
560 99
561 622
562 51
563 532
564 1
565 75
566 533
567 138
568 70
569 415
570 263
571 38
572 570
573 340
574 602
575 615
576 177
577 154
578 381
579 439
580 114
581 438
582 523
583 373
584 548
585 390
586 181
587 48
588 483
589 622
590 401
591 149
592 285
593 449
594 107
595 590
596 78
597 341
598 470
599 200
600 55
601 587
602 84
603 446
604 439
605 426
606 192
607 343
608 455
609 488
610 150
611 560
612 449
613 476
614 344
615 191
616 517
617 48
618 166
619 329
620 524
621 511
622 94
623 45
624 202
