0 174
1 397
2 431
3 384
4 349
5 449
6 426
7 366
8 81
9 170
10 285
11 54
12 341
13 59
14 555
15 78
16 595
17 107
18 153
19 430
20 122
21 584
22 401
23 599
24 317
25 88
26 526
27 136
28 570
29 249
30 475
31 191
32 356
33 436
34 182
35 444
36 217
37 123
38 574
39 116
40 33
41 206
42 269
43 449
44 494
45 525
46 270
47 267
48 507
49 548
50 178
51 163
52 411
53 16
54 277
55 448
56 47
57 176
58 432
59 157
60 365
61 238
62 115
63 240
64 470
65 584
66 572
67 518
68 1
69 429
70 598
71 543
72 416
73 425
74 553
75 139
76 224
77 552
78 119
79 14
80 539
81 468
82 560
83 9
84 144
85 273
86 273
87 616
88 574
89 98
90 227
91 207
92 73
93 499
94 32
95 421
96 576
97 136
98 187
99 485
100 453
101 286
102 267
103 330
104 461
105 204
106 151
107 182
108 355
109 619
110 170
111 42
112 526
113 416
114 163
115 88
116 96
117 505
118 470
119 344
120 497
121 558
122 106
123 509
124 436
125 330
126 475
127 574
128 492
129 618
130 112
131 613
132 558
133 123
134 122
135 295
136 164
137 449
138 608
139 228
140 340
141 550
142 122
143 181
144 444
145 499
146 121
147 234
148 98
149 515
150 201
151 607
152 44
153 474
154 145
155 139
156 61
157 258
158 302
159 30
160 97
161 377
162 66
163 18
164 567
165 220
166 160
167 328
168 585
169 155
170 121
171 256
172 104
173 255
174 611
175 10
176 92
177 19
178 318
179 393
180 601
181 457
182 485
183 486
184 143
185 442
186 386
187 114
188 374
189 400
190 12
191 585
192 80
193 490
194 64
195 317
196 129
197 267
198 89
199 291
200 59
201 606
202 446
203 162
204 45
205 54
206 78
207 413
208 353
209 313
210 285
211 42
212 389
213 274
214 1
215 593
216 318
217 127
218 537
219 76
220 481
221 607
222 234
223 161
224 302
225 486
226 617
227 159
228 209
229 223
230 379
231 330
232 302
233 543
234 114
235 103
236 242
237 543
238 451
239 366
240 600
241 346
242 417
243 414
244 204
245 376
246 561
247 376
248 602
249 117
250 55
251 375
252 157
253 356
254 289
255 11
256 36
257 55
258 526
259 185
260 559
261 287
262 170
263 142
264 565
265 430
266 456
267 364
268 610
269 452
270 538
271 364
272 355
273 89
274 71
275 75
276 624
277 392
278 92
279 375
280 524
281 254
282 425
283 573
284 108
285 83
286 407
287 397
288 83
289 614
290 515
291 500
292 297
293 255
294 310
295 523
296 406
297 410
298 71
299 199
300 327
301 103
302 193
303 155
304 82
305 478
306 306
307 315
308 98
309 175
310 171
311 469
312 43
313 215
314 363
315 550
316 443
317 597
318 227
319 177
320 134
321 216
322 423
323 18
324 248
325 218
326 409
327 335
328 182
329 38
330 508
331 621
332 48
333 116
334 302
335 106
336 182
337 524
338 551
339 335
340 586
341 233
342 134
343 325
344 106
345 341
346 194
347 392
348 367
349 560
350 505
351 57
352 403
353 267
354 148
355 345
356 520
357 223
358 562
359 152
360 67
361 597
362 106
363 176
364 238
365 22
366 10
367 202
368 417
369 84
370 447
371 512
372 359
373 54
374 127
375 592
376 419
377 576
378 410
379 218
380 166
381 72
382 272
383 329
384 326
385 169
386 455
387 559
388 275
389 74
390 503
391 569
392 513
393 216
394 35
395 208
396 252
397 208
398 527
399 307
400 155
401 111
402 557
403 296
404 116
405 124
406 86
407 264
408 35
409 311
410 55
411 363
412 384
413 102
414 0
415 610
416 50
417 449
418 49
419 37
420 21
421 387
422 448
423 296
424 526
425 424
426 503
427 405
428 278
429 108
430 154
431 32
432 64
433 201
434 17
435 418
436 428
437 384
438 431
439 327
440 171
441 27
442 608
443 476
444 437
445 568
446 321
447 76
448 425
449 519
450 500
451 484
452 613
453 4
454 619
455 384
456 165
457 563
458 109
459 620
460 267
461 185
462 297
463 112
464 384
465 104
466 422
467 484
468 89
469 347
470 97
471 443
472 9
473 301
474 37
475 339
476 456
477 496
478 456
479 506
480 339
481 172
482 512
483 301
484 604
485 489
486 373
487 565
488 371
489 121
490 181
491 252
492 243
493 139
494 472
495 94
496 505
497 460
498 331
499 492
500 295
501 457
502 465
503 165
504 96
505 505
506 337
507 110
508 449
509 582
510 547
511 54
512 293
513 57
514 399
515 307
516 189
517 588
518 366
519 573
520 489
521 480
522 559
523 458
524 350
525 405
526 233
527 349
528 355
529 202
530 8
531 173
532 187
533 77
534 234
535 213
536 274
537 238
538 166
539 340
540 31
541 514
542 213
543 325
544 176
545 126
546 106
547 349
548 309
549 317
550 577
551 412
552 281
553 393
554 454
555 565
556 267
557 137
558 4
559 318
560 482
561 12
562 361
563 363
564 556
565 570
566 557
567 334
568 526
569 393
570 523
571 546
572 394
573 452
574 355
575 507
576 502
577 373
578 530
579 1
580 572
581 21
582 1
583 82
584 84
585 3
586 483
587 499
588 379
589 317
590 536
591 493
592 224
593 255
594 548
595 111
596 582
597 389
598 271
599 217
600 527
601 307
602 12
603 87
604 160
605 223
606 526
607 389
608 548
609 303
610 149
611 509
612 319
613 238
614 8
615 375
616 73
617 540
618 276
619 6
620 588
621 123
622 67
623 460
624 294
0 174
1 52
2 5
3 384
4 572
5 364
6 334
7 366
8 91
9 170
10 285
11 54
12 45
13 236
14 595
15 78
16 451
17 107
18 153
19 494
20 44
21 584
22 401
23 355
24 317
25 237
26 526
27 440
28 570
29 249
30 428
31 191
32 158
33 593
34 182
35 415
36 217
37 578
38 390
39 523
40 180
41 33
42 392
43 449
44 81
45 525
46 270
47 267
48 507
49 548
50 178
51 406
52 193
53 310
54 277
55 448
56 47
57 176
58 556
59 87
60 20
61 239
62 421
63 611
64 470
65 584
66 572
67 518
68 1
69 125
70 195
71 543
72 416
73 425
74 99
75 210
76 224
77 71
78 7
79 14
80 539
81 468
82 560
83 9
84 530
85 273
86 273
87 614
88 170
89 98
90 227
91 0
92 323
93 108
94 32
95 421
96 576
97 398
98 438
99 279
100 583
101 286
102 494
103 330
104 461
105 490
106 33
107 182
108 355
109 619
110 170
111 42
112 595
113 412
114 163
115 460
116 96
117 298
118 126
119 217
120 497
121 380
122 502
123 509
124 436
125 126
126 251
127 574
128 262
129 618
130 347
131 204
132 350
133 123
134 364
135 482
136 164
137 554
138 608
139 475
140 340
141 520
142 372
143 181
144 91
145 127
146 252
147 234
148 98
149 220
150 395
151 579
152 344
153 554
154 145
155 319
156 61
157 31
158 229
159 316
160 362
161 385
162 66
163 71
164 231
165 220
166 369
167 328
168 585
169 155
170 207
171 256
172 220
173 255
174 39
175 10
176 532
177 19
178 180
179 393
180 208
181 549
182 363
183 344
184 143
185 442
186 276
187 114
188 40
189 499
190 120
191 624
192 140
193 65
194 406
195 317
196 129
197 267
198 89
199 28
200 401
201 422
202 446
203 162
204 347
205 54
206 78
207 440
208 622
209 601
210 593
211 49
212 307
213 369
214 1
215 262
216 5
217 284
218 587
219 76
220 249
221 148
222 571
223 268
224 302
225 486
226 89
227 151
228 209
229 467
230 379
231 243
232 39
233 543
234 343
235 103
236 346
237 398
238 451
239 366
240 600
241 619
242 51
243 414
244 204
245 376
246 239
247 162
248 602
249 369
250 55
251 445
252 157
253 45
254 289
255 11
256 258
257 203
258 614
259 185
260 559
261 382
262 178
263 142
264 565
265 381
266 456
267 364
268 610
269 452
270 538
271 364
272 355
273 332
274 506
275 529
276 579
277 392
278 483
279 371
280 53
281 275
282 239
283 573
284 297
285 83
286 407
287 603
288 83
289 292
290 597
291 281
292 297
293 186
294 128
295 523
296 339
297 267
298 550
299 199
300 401
301 322
302 133
303 441
304 82
305 406
306 219
307 501
308 163
309 106
310 289
311 334
312 43
313 446
314 152
315 550
316 443
317 597
318 227
319 52
320 23
321 251
322 423
323 481
324 112
325 218
326 409
327 591
328 182
329 3
330 508
331 621
332 159
333 115
334 302
335 86
336 182
337 438
338 609
339 590
340 346
341 233
342 45
343 325
344 106
345 341
346 194
347 81
348 550
349 560
350 29
351 394
352 341
353 503
354 105
355 345
356 365
357 223
358 562
359 152
360 322
361 597
362 106
363 451
364 586
365 22
366 10
367 202
368 417
369 84
370 447
371 497
372 359
373 375
374 182
375 586
376 419
377 434
378 410
379 218
380 27
381 72
382 578
383 503
384 526
385 169
386 348
387 559
388 275
389 43
390 503
391 569
392 513
393 354
394 260
395 208
396 157
397 208
398 527
399 180
400 155
401 260
402 266
403 296
404 389
405 79
406 86
407 333
408 26
409 390
410 309
411 1
412 424
413 579
414 0
415 610
416 244
417 449
418 545
419 37
420 328
421 387
422 448
423 324
424 226
425 424
426 12
427 405
428 278
429 108
430 319
431 32
432 64
433 201
434 17
435 418
436 428
437 384
438 257
439 327
440 171
441 27
442 598
443 476
444 437
445 568
446 25
447 555
448 425
449 519
450 316
451 484
452 55
453 383
454 561
455 384
456 125
457 93
458 75
459 601
460 267
461 455
462 377
463 27
464 100
465 104
466 276
467 484
468 89
469 583
470 25
471 443
472 9
473 328
474 348
475 339
476 456
477 118
478 456
479 506
480 339
481 172
482 156
483 301
484 92
485 161
486 202
487 17
488 385
489 121
490 181
491 450
492 243
493 543
494 225
495 94
496 505
497 149
498 198
499 492
500 295
501 560
502 465
503 165
504 466
505 512
506 337
507 422
508 406
509 582
510 599
511 248
512 397
513 312
514 58
515 579
516 189
517 588
518 366
519 521
520 336
521 289
522 559
523 458
524 350
525 435
526 0
527 554
528 355
529 467
530 536
531 173
532 187
533 77
534 503
535 213
536 485
537 462
538 461
539 340
540 31
541 514
542 213
543 325
544 176
545 165
546 244
547 6
548 309
549 317
550 179
551 412
552 375
553 393
554 141
555 565
556 267
557 137
558 360
559 318
560 20
561 257
562 361
563 363
564 140
565 570
566 569
567 504
568 526
569 623
570 317
571 153
572 283
573 379
574 465
575 507
576 502
577 601
578 159
579 222
580 35
581 21
582 1
583 495
584 84
585 529
586 483
587 499
588 379
589 428
590 536
591 499
592 532
593 452
594 548
595 170
596 35
597 480
598 271
599 43
600 399
601 307
602 620
603 87
604 160
605 557
606 526
607 389
608 548
609 620
610 70
611 509
612 28
613 296
614 8
615 375
616 241
617 38
618 379
619 372
620 18
621 123
622 67
623 460
624 294
