0 120
1 15
2 35
3 37
4 488
5 163
6 306
7 321
8 157
9 287
10 352
11 530
12 75
13 201
14 127
15 588
16 227
17 526
18 377
19 476
20 617
21 475
22 333
23 215
24 273
25 231
26 165
27 339
28 558
29 183
30 489
31 269
32 497
33 300
34 281
35 169
36 480
37 393
38 231
39 356
40 480
41 393
42 165
43 31
44 153
45 470
46 153
47 579
48 208
49 55
50 487
51 345
52 505
53 63
54 534
55 364
56 396
57 223
58 525
59 608
60 166
61 583
62 42
63 439
64 329
65 616
66 493
67 39
68 222
69 13
70 14
71 364
72 487
73 453
74 530
75 146
76 65
77 319
78 242
79 414
80 564
81 593
82 589
83 189
84 538
85 230
86 198
87 429
88 121
89 221
90 134
91 575
92 217
93 439
94 133
95 275
96 280
97 109
98 427
99 613
100 104
101 400
102 585
103 513
104 322
105 241
106 397
107 274
108 559
109 230
110 76
111 269
112 165
113 113
114 577
115 401
116 288
117 142
118 263
119 441
120 499
121 380
122 396
123 101
124 483
125 319
126 207
127 491
128 275
129 537
130 192
131 365
132 257
133 359
134 482
135 353
136 391
137 333
138 218
139 42
140 378
141 484
142 615
143 494
144 327
145 293
146 176
147 236
148 15
149 121
150 430
151 315
152 252
153 596
154 181
155 605
156 607
157 294
158 291
159 437
160 67
161 528
162 159
163 404
164 188
165 499
166 382
167 369
168 398
169 480
170 555
171 180
172 84
173 42
174 304
175 543
176 326
177 486
178 518
179 451
180 372
181 376
182 306
183 110
184 515
185 21
186 237
187 341
188 488
189 165
190 520
191 200
192 417
193 403
194 218
195 144
196 202
197 473
198 430
199 307
200 468
201 380
202 291
203 577
204 118
205 608
206 559
207 34
208 39
209 575
210 122
211 57
212 347
213 589
214 539
215 298
216 615
217 303
218 552
219 532
220 383
221 120
222 443
223 614
224 191
225 462
226 142
227 308
228 140
229 241
230 430
231 118
232 128
233 20
234 449
235 234
236 107
237 583
238 62
239 133
240 146
241 299
242 272
243 445
244 405
245 433
246 19
247 166
248 182
249 497
250 293
251 234
252 268
253 374
254 170
255 259
256 533
257 59
258 624
259 206
260 145
261 126
262 323
263 412
264 603
265 477
266 177
267 417
268 174
269 186
270 388
271 595
272 90
273 95
274 228
275 231
276 13
277 458
278 451
279 53
280 527
281 525
282 568
283 318
284 335
285 171
286 448
287 265
288 133
289 115
290 487
291 69
292 181
293 398
294 185
295 121
296 182
297 15
298 524
299 238
300 94
301 518
302 376
303 328
304 507
305 104
306 514
307 236
308 167
309 132
310 615
311 328
312 446
313 245
314 567
315 439
316 98
317 329
318 435
319 215
320 577
321 431
322 457
323 54
324 60
325 330
326 45
327 125
328 300
329 509
330 466
331 99
332 601
333 464
334 359
335 396
336 28
337 402
338 368
339 381
340 261
341 538
342 603
343 313
344 158
345 545
346 117
347 305
348 554
349 296
350 6
351 48
352 569
353 123
354 230
355 23
356 134
357 121
358 353
359 495
360 210
361 121
362 257
363 20
364 334
365 539
366 231
367 617
368 501
369 105
370 550
371 620
372 321
373 301
374 211
375 216
376 524
377 286
378 595
379 410
380 247
381 154
382 575
383 255
384 229
385 130
386 517
387 415
388 0
389 586
390 58
391 593
392 589
393 454
394 274
395 408
396 552
397 119
398 95
399 123
400 577
401 460
402 278
403 507
404 93
405 383
406 96
407 385
408 63
409 34
410 616
411 280
412 83
413 311
414 279
415 249
416 414
417 371
418 414
419 300
420 519
421 198
422 401
423 389
424 438
425 604
426 130
427 486
428 277
429 300
430 394
431 375
432 27
433 537
434 381
435 421
436 176
437 219
438 571
439 337
440 298
441 142
442 82
443 602
444 116
445 420
446 193
447 400
448 326
449 126
450 517
451 572
452 574
453 191
454 411
455 202
456 516
457 403
458 540
459 134
460 245
461 515
462 107
463 131
464 500
465 255
466 430
467 109
468 513
469 533
470 417
471 607
472 513
473 123
474 527
475 450
476 357
477 36
478 515
479 115
480 313
481 59
482 147
483 411
484 56
485 106
486 522
487 350
488 156
489 463
490 157
491 168
492 78
493 623
494 92
495 452
496 213
497 98
498 247
499 369
500 481
501 236
502 22
503 451
504 455
505 367
506 441
507 573
508 55
509 220
510 611
511 390
512 534
513 434
514 178
515 155
516 424
517 45
518 42
519 115
520 74
521 291
522 321
523 277
524 44
525 480
526 445
527 180
528 423
529 10
530 265
531 219
532 49
533 585
534 269
535 34
536 568
537 441
538 493
539 618
540 206
541 274
542 307
543 360
544 151
545 139
546 281
547 381
548 39
549 354
550 287
551 18
552 307
553 167
554 83
555 580
556 547
557 194
558 285
559 295
560 518
561 530
562 433
563 239
564 287
565 456
566 276
567 7
568 203
569 448
570 204
571 330
572 35
573 133
574 17
575 10
576 180
577 496
578 425
579 64
580 528
581 56
582 353
583 96
584 506
585 152
586 578
587 520
588 502
589 356
590 246
591 397
592 296
593 394
594 125
595 226
596 618
597 352
598 356
599 337
600 468
601 598
602 322
603 551
604 307
605 248
606 155
607 561
608 33
609 590
610 622
611 15
612 448
613 22
614 536
615 47
616 283
617 317
618 534
619 139
620 271
621 539
622 228
623 246
624 441
0 120
1 37
2 387
3 37
4 488
5 163
6 306
7 321
8 157
9 147
10 284
11 530
12 576
13 614
14 189
15 280
16 227
17 128
18 118
19 476
20 234
21 475
22 152
23 588
24 614
25 284
26 308
27 517
28 604
29 563
30 489
31 463
32 497
33 136
34 4
35 537
36 121
37 118
38 231
39 356
40 480
41 393
42 165
43 318
44 278
45 470
46 153
47 285
48 208
49 32
50 262
51 345
52 97
53 63
54 67
55 364
56 396
57 373
58 525
59 382
60 279
61 281
62 42
63 223
64 329
65 55
66 590
67 39
68 578
69 13
70 136
71 364
72 171
73 331
74 11
75 485
76 401
77 465
78 571
79 373
80 564
81 593
82 589
83 162
84 538
85 538
86 269
87 459
88 226
89 476
90 134
91 337
92 217
93 502
94 133
95 275
96 280
97 109
98 196
99 392
100 104
101 583
102 24
103 186
104 531
105 241
106 397
107 208
108 559
109 230
110 76
111 617
112 348
113 113
114 577
115 120
116 434
117 599
118 263
119 246
120 499
121 380
122 334
123 101
124 258
125 80
126 401
127 491
128 275
129 537
130 228
131 365
132 574
133 306
134 172
135 593
136 170
137 137
138 620
139 279
140 77
141 467
142 615
143 494
144 302
145 293
146 16
147 103
148 15
149 121
150 430
151 315
152 252
153 596
154 181
155 211
156 607
157 75
158 291
159 430
160 67
161 528
162 624
163 404
164 462
165 499
166 382
167 364
168 398
169 480
170 520
171 180
172 505
173 42
174 304
175 543
176 326
177 271
178 518
179 451
180 119
181 136
182 140
183 110
184 515
185 207
186 237
187 181
188 70
189 233
190 520
191 595
192 368
193 403
194 218
195 144
196 306
197 473
198 430
199 332
200 468
201 374
202 545
203 605
204 118
205 608
206 559
207 34
208 78
209 501
210 230
211 558
212 347
213 143
214 539
215 229
216 533
217 403
218 623
219 532
220 422
221 273
222 329
223 614
224 160
225 462
226 353
227 441
228 140
229 433
230 474
231 197
232 128
233 20
234 449
235 141
236 420
237 191
238 307
239 133
240 536
241 601
242 212
243 445
244 405
245 309
246 19
247 166
248 602
249 252
250 293
251 234
252 139
253 512
254 312
255 542
256 152
257 328
258 624
259 206
260 73
261 566
262 59
263 151
264 603
265 477
266 177
267 417
268 174
269 186
270 109
271 595
272 140
273 486
274 228
275 607
276 64
277 458
278 338
279 53
280 176
281 393
282 568
283 318
284 225
285 558
286 448
287 255
288 105
289 579
290 28
291 584
292 37
293 373
294 369
295 103
296 268
297 12
298 389
299 238
300 84
301 84
302 376
303 420
304 507
305 104
306 370
307 236
308 120
309 78
310 615
311 328
312 114
313 221
314 567
315 290
316 98
317 329
318 84
319 215
320 577
321 431
322 457
323 594
324 64
325 330
326 45
327 125
328 319
329 509
330 466
331 155
332 506
333 291
334 184
335 494
336 389
337 575
338 368
339 609
340 263
341 495
342 603
343 313
344 158
345 545
346 217
347 64
348 167
349 324
350 6
351 73
352 569
353 123
354 486
355 23
356 563
357 218
358 582
359 479
360 210
361 483
362 257
363 20
364 336
365 539
366 231
367 617
368 501
369 105
370 498
371 309
372 208
373 567
374 578
375 397
376 524
377 382
378 595
379 410
380 247
381 608
382 568
383 255
384 239
385 250
386 517
387 133
388 0
389 256
390 459
391 593
392 385
393 467
394 274
395 505
396 453
397 597
398 487
399 621
400 577
401 460
402 485
403 507
404 93
405 269
406 96
407 385
408 295
409 34
410 418
411 280
412 572
413 105
414 158
415 249
416 414
417 160
418 549
419 300
420 519
421 201
422 401
423 501
424 329
425 59
426 130
427 68
428 394
429 264
430 214
431 375
432 27
433 537
434 381
435 550
436 176
437 534
438 279
439 98
440 290
441 184
442 106
443 602
444 144
445 420
446 193
447 61
448 225
449 126
450 350
451 46
452 162
453 191
454 69
455 406
456 516
457 403
458 45
459 514
460 149
461 324
462 159
463 129
464 500
465 255
466 619
467 616
468 513
469 533
470 369
471 582
472 513
473 102
474 77
475 450
476 607
477 562
478 359
479 203
480 526
481 59
482 147
483 527
484 51
485 106
486 522
487 350
488 190
489 146
490 223
491 417
492 332
493 623
494 92
495 452
496 213
497 484
498 247
499 224
500 481
501 236
502 582
503 451
504 455
505 404
506 441
507 45
508 9
509 220
510 555
511 434
512 10
513 531
514 178
515 155
516 424
517 45
518 117
519 571
520 580
521 422
522 321
523 486
524 196
525 480
526 203
527 532
528 350
529 10
530 265
531 219
532 49
533 436
534 269
535 34
536 550
537 381
538 538
539 285
540 206
541 274
542 195
543 275
544 151
545 139
546 281
547 381
548 407
549 354
550 287
551 18
552 307
553 139
554 226
555 376
556 115
557 194
558 285
559 247
560 557
561 530
562 520
563 100
564 356
565 456
566 570
567 557
568 364
569 297
570 299
571 505
572 35
573 57
574 487
575 10
576 180
577 496
578 425
579 64
580 268
581 56
582 4
583 425
584 27
585 594
586 49
587 520
588 605
589 356
590 246
591 397
592 296
593 394
594 247
595 226
596 618
597 352
598 557
599 201
600 568
601 598
602 80
603 551
604 445
605 248
606 497
607 294
608 33
609 590
610 622
611 15
612 448
613 122
614 536
615 47
616 283
617 317
618 304
619 169
620 308
621 375
622 228
623 246
624 441
