0 427
1 238
2 235
3 438
4 172
5 390
6 185
7 365
8 578
9 381
10 402
11 349
12 116
13 306
14 370
15 326
16 561
17 396
18 513
19 282
20 174
21 442
22 222
23 17
24 316
25 332
26 368
27 442
28 373
29 150
30 554
31 260
32 157
33 318
34 12
35 250
36 487
37 365
38 336
39 497
40 297
41 548
42 554
43 315
44 491
45 582
46 558
47 521
48 277
49 128
50 20
51 606
52 553
53 101
54 531
55 401
56 149
57 251
58 142
59 288
60 10
61 403
62 92
63 135
64 309
65 315
66 367
67 200
68 401
69 409
70 515
71 277
72 146
73 191
74 304
75 240
76 125
77 189
78 285
79 443
80 114
81 233
82 443
83 241
84 586
85 228
86 254
87 8
88 413
89 538
90 330
91 539
92 53
93 575
94 425
95 261
96 165
97 148
98 198
99 368
100 155
101 85
102 165
103 331
104 252
105 32
106 587
107 351
108 132
109 374
110 317
111 389
112 64
113 553
114 66
115 562
116 546
117 471
118 539
119 360
120 241
121 207
122 328
123 425
124 59
125 376
126 281
127 440
128 522
129 163
130 248
131 459
132 143
133 250
134 397
135 11
136 190
137 156
138 505
139 530
140 270
141 493
142 508
143 345
144 275
145 14
146 597
147 513
148 318
149 490
150 619
151 543
152 543
153 169
154 280
155 530
156 303
157 258
158 492
159 192
160 130
161 623
162 238
163 187
164 50
165 58
166 36
167 80
168 208
169 166
170 21
171 205
172 227
173 558
174 607
175 488
176 94
177 459
178 290
179 311
180 148
181 563
182 96
183 532
184 89
185 183
186 586
187 245
188 77
189 22
190 384
191 126
192 605
193 374
194 501
195 520
196 295
197 319
198 448
199 564
200 614
201 238
202 366
203 185
204 259
205 450
206 579
207 599
208 49
209 98
210 443
211 439
212 586
213 137
214 18
215 26
216 183
217 139
218 298
219 244
220 392
221 137
222 126
223 191
224 100
225 350
226 263
227 433
228 623
229 536
230 378
231 539
232 186
233 507
234 132
235 541
236 340
237 288
238 337
239 163
240 189
241 290
242 571
243 623
244 93
245 326
246 132
247 334
248 401
249 384
250 47
251 593
252 37
253 253
254 133
255 377
256 7
257 285
258 504
259 517
260 586
261 225
262 461
263 235
264 180
265 433
266 20
267 586
268 193
269 127
270 22
271 365
272 539
273 81
274 161
275 157
276 518
277 458
278 410
279 239
280 188
281 340
282 544
283 10
284 512
285 589
286 400
287 583
288 615
289 283
290 156
291 3
292 484
293 527
294 363
295 296
296 142
297 425
298 89
299 155
300 130
301 296
302 493
303 483
304 56
305 555
306 87
307 365
308 310
309 77
310 182
311 167
312 587
313 497
314 82
315 243
316 260
317 324
318 287
319 319
320 142
321 505
322 232
323 204
324 257
325 604
326 351
327 132
328 531
329 229
330 366
331 507
332 307
333 564
334 220
335 67
336 276
337 410
338 35
339 543
340 34
341 290
342 364
343 67
344 27
345 333
346 455
347 161
348 476
349 130
350 242
351 104
352 387
353 547
354 96
355 201
356 321
357 52
358 380
359 166
360 550
361 226
362 623
363 497
364 383
365 347
366 520
367 324
368 113
369 335
370 399
371 472
372 191
373 212
374 324
375 343
376 93
377 313
378 220
379 537
380 309
381 302
382 54
383 391
384 278
385 131
386 593
387 475
388 278
389 533
390 0
391 91
392 380
393 465
394 245
395 369
396 320
397 222
398 549
399 372
400 568
401 250
402 311
403 398
404 273
405 463
406 88
407 166
408 195
409 453
410 110
411 611
412 98
413 361
414 359
415 509
416 158
417 360
418 389
419 204
420 495
421 594
422 493
423 161
424 218
425 298
426 216
427 148
428 536
429 251
430 20
431 460
432 260
433 162
434 474
435 81
436 172
437 428
438 597
439 367
440 382
441 229
442 328
443 268
444 24
445 70
446 37
447 353
448 122
449 362
450 81
451 563
452 355
453 282
454 257
455 584
456 6
457 152
458 574
459 449
460 239
461 120
462 210
463 332
464 215
465 315
466 45
467 558
468 209
469 343
470 311
471 430
472 338
473 367
474 370
475 475
476 594
477 538
478 416
479 92
480 526
481 191
482 305
483 19
484 198
485 83
486 33
487 172
488 76
489 525
490 322
491 609
492 485
493 32
494 227
495 560
496 113
497 95
498 499
499 207
500 389
501 87
502 409
503 182
504 93
505 613
506 306
507 402
508 404
509 350
510 538
511 508
512 352
513 543
514 266
515 248
516 465
517 439
518 459
519 504
520 326
521 403
522 614
523 621
524 240
525 487
526 311
527 89
528 258
529 616
530 513
531 140
532 160
533 615
534 458
535 380
536 210
537 526
538 199
539 188
540 236
541 555
542 608
543 534
544 27
545 243
546 311
547 351
548 441
549 88
550 326
551 451
552 294
553 523
554 608
555 92
556 420
557 422
558 334
559 355
560 362
561 318
562 409
563 111
564 476
565 449
566 255
567 365
568 13
569 603
570 452
571 369
572 565
573 398
574 600
575 232
576 441
577 94
578 84
579 141
580 166
581 123
582 202
583 172
584 108
585 286
586 289
587 116
588 226
589 346
590 456
591 381
592 219
593 199
594 200
595 109
596 28
597 379
598 262
599 575
600 534
601 351
602 474
603 300
604 73
605 173
606 351
607 559
608 172
609 203
610 560
611 435
612 317
613 106
614 619
615 606
616 306
617 290
618 515
619 55
620 483
621 347
622 393
623 561
624 623
0 334
1 238
2 235
3 438
4 172
5 390
6 185
7 33
8 578
9 381
10 402
11 349
12 110
13 306
14 518
15 326
16 561
17 396
18 216
19 620
20 174
21 258
22 222
23 82
24 189
25 332
26 368
27 87
28 341
29 420
30 52
31 260
32 157
33 72
34 12
35 250
36 519
37 365
38 443
39 225
40 281
41 378
42 554
43 164
44 354
45 582
46 379
47 521
48 277
49 161
50 20
51 102
52 553
53 101
54 469
55 230
56 443
57 368
58 60
59 288
60 45
61 265
62 586
63 361
64 309
65 107
66 367
67 178
68 462
69 409
70 58
71 67
72 146
73 191
74 40
75 543
76 221
77 130
78 112
79 235
80 114
81 510
82 443
83 80
84 586
85 228
86 254
87 8
88 61
89 306
90 191
91 539
92 468
93 578
94 551
95 34
96 165
97 148
98 220
99 368
100 155
101 287
102 601
103 447
104 393
105 353
106 334
107 351
108 606
109 216
110 605
111 37
112 94
113 528
114 66
115 50
116 336
117 326
118 286
119 70
120 300
121 331
122 328
123 347
124 59
125 319
126 166
127 284
128 522
129 163
130 248
131 459
132 52
133 250
134 129
135 11
136 190
137 274
138 505
139 599
140 473
141 493
142 434
143 582
144 275
145 14
146 597
147 87
148 331
149 490
150 54
151 458
152 542
153 169
154 323
155 530
156 303
157 300
158 492
159 192
160 130
161 623
162 337
163 351
164 50
165 423
166 377
167 251
168 16
169 450
170 503
171 249
172 79
173 558
174 607
175 587
176 342
177 467
178 290
179 96
180 148
181 75
182 502
183 550
184 497
185 100
186 586
187 245
188 77
189 553
190 384
191 233
192 528
193 92
194 553
195 136
196 295
197 319
198 448
199 481
200 614
201 238
202 366
203 553
204 259
205 450
206 579
207 144
208 175
209 98
210 337
211 45
212 553
213 215
214 269
215 127
216 183
217 139
218 603
219 244
220 392
221 269
222 225
223 276
224 187
225 14
226 82
227 433
228 623
229 461
230 459
231 539
232 186
233 507
234 132
235 303
236 341
237 414
238 337
239 404
240 281
241 290
242 571
243 623
244 93
245 79
246 407
247 623
248 20
249 384
250 47
251 593
252 37
253 591
254 133
255 265
256 7
257 189
258 540
259 569
260 82
261 225
262 427
263 235
264 163
265 433
266 20
267 83
268 193
269 127
270 415
271 360
272 581
273 613
274 226
275 578
276 36
277 176
278 410
279 239
280 188
281 50
282 544
283 10
284 117
285 184
286 400
287 181
288 615
289 44
290 156
291 3
292 155
293 406
294 363
295 296
296 142
297 95
298 89
299 519
300 502
301 296
302 186
303 148
304 56
305 555
306 87
307 179
308 23
309 173
310 429
311 34
312 487
313 396
314 135
315 243
316 183
317 369
318 287
319 319
320 280
321 505
322 597
323 274
324 257
325 604
326 180
327 154
328 531
329 229
330 366
331 334
332 479
333 423
334 22
335 67
336 276
337 410
338 35
339 543
340 519
341 405
342 364
343 611
344 296
345 333
346 247
347 114
348 7
349 130
350 242
351 104
352 602
353 547
354 96
355 534
356 591
357 254
358 380
359 166
360 550
361 226
362 508
363 342
364 281
365 347
366 393
367 324
368 164
369 396
370 399
371 472
372 191
373 225
374 531
375 232
376 93
377 313
378 220
379 537
380 309
381 273
382 54
383 391
384 278
385 131
386 593
387 403
388 62
389 533
390 0
391 363
392 570
393 465
394 245
395 434
396 111
397 222
398 549
399 40
400 624
401 250
402 217
403 449
404 273
405 463
406 88
407 280
408 195
409 29
410 590
411 15
412 480
413 457
414 130
415 429
416 422
417 360
418 301
419 204
420 541
421 428
422 345
423 161
424 218
425 344
426 184
427 148
428 67
429 251
430 20
431 398
432 260
433 399
434 467
435 81
436 172
437 363
438 597
439 367
440 382
441 168
442 328
443 164
444 548
445 70
446 37
447 353
448 122
449 142
450 538
451 496
452 355
453 97
454 257
455 348
456 6
457 152
458 324
459 449
460 149
461 189
462 98
463 332
464 9
465 26
466 45
467 6
468 107
469 377
470 311
471 430
472 338
473 367
474 282
475 508
476 255
477 105
478 125
479 92
480 526
481 517
482 501
483 39
484 210
485 83
486 60
487 229
488 520
489 462
490 322
491 609
492 327
493 122
494 7
495 370
496 113
497 174
498 499
499 71
500 389
501 614
502 409
503 182
504 116
505 234
506 306
507 160
508 404
509 114
510 538
511 508
512 186
513 489
514 203
515 616
516 35
517 190
518 459
519 382
520 326
521 267
522 614
523 621
524 240
525 487
526 311
527 322
528 258
529 299
530 21
531 140
532 160
533 554
534 116
535 357
536 210
537 386
538 489
539 188
540 214
541 555
542 13
543 118
544 27
545 243
546 311
547 351
548 441
549 306
550 326
551 451
552 192
553 523
554 608
555 48
556 502
557 422
558 354
559 355
560 296
561 344
562 409
563 111
564 388
565 496
566 255
567 294
568 306
569 549
570 583
571 369
572 38
573 398
574 600
575 446
576 441
577 94
578 84
579 141
580 166
581 243
582 460
583 169
584 538
585 169
586 502
587 116
588 226
589 352
590 331
591 381
592 166
593 199
594 104
595 109
596 484
597 379
598 262
599 575
600 276
601 351
602 94
603 300
604 45
605 179
606 468
607 36
608 321
609 267
610 389
611 435
612 317
613 403
614 619
615 180
616 22
617 450
618 515
619 193
620 483
621 384
622 589
623 552
624 306
