0 23
1 402
2 146
3 337
4 587
5 476
6 297
7 323
8 330
9 363
10 538
11 86
12 148
13 203
14 370
15 206
16 336
17 413
18 272
19 132
20 264
21 443
22 308
23 171
24 238
25 191
26 547
27 331
28 586
29 585
30 90
31 387
32 286
33 92
34 596
35 194
36 123
37 564
38 383
39 56
40 378
41 227
42 306
43 30
44 331
45 221
46 267
47 558
48 305
49 329
50 196
51 237
52 122
53 486
54 319
55 230
56 171
57 287
58 177
59 152
60 384
61 103
62 624
63 332
64 219
65 305
66 486
67 256
68 93
69 410
70 440
71 527
72 338
73 575
74 377
75 550
76 471
77 178
78 11
79 567
80 514
81 230
82 569
83 19
84 431
85 350
86 403
87 425
88 347
89 554
90 475
91 28
92 164
93 225
94 235
95 367
96 453
97 562
98 145
99 60
100 146
101 548
102 73
103 441
104 580
105 353
106 61
107 514
108 519
109 14
110 10
111 567
112 609
113 32
114 256
115 210
116 355
117 255
118 3
119 36
120 618
121 475
122 483
123 327
124 45
125 229
126 529
127 498
128 447
129 312
130 273
131 588
132 380
133 258
134 511
135 220
136 478
137 69
138 382
139 394
140 300
141 411
142 13
143 200
144 65
145 271
146 456
147 104
148 416
149 498
150 517
151 253
152 34
153 589
154 483
155 351
156 141
157 422
158 482
159 35
160 285
161 203
162 266
163 165
164 194
165 582
166 300
167 280
168 294
169 139
170 490
171 587
172 107
173 539
174 348
175 164
176 297
177 81
178 108
179 162
180 220
181 583
182 245
183 392
184 484
185 339
186 507
187 562
188 400
189 467
190 109
191 539
192 189
193 348
194 532
195 220
196 522
197 459
198 257
199 218
200 526
201 20
202 151
203 243
204 308
205 494
206 5
207 16
208 5
209 367
210 507
211 459
212 353
213 86
214 498
215 107
216 117
217 306
218 284
219 205
220 384
221 274
222 112
223 543
224 559
225 371
226 159
227 471
228 219
229 138
230 159
231 155
232 414
233 421
234 101
235 603
236 304
237 256
238 406
239 597
240 312
241 440
242 362
243 363
244 444
245 473
246 541
247 55
248 521
249 108
250 584
251 203
252 597
253 62
254 130
255 449
256 103
257 512
258 70
259 618
260 175
261 104
262 188
263 447
264 128
265 178
266 71
267 238
268 495
269 545
270 400
271 75
272 472
273 537
274 590
275 444
276 332
277 315
278 418
279 61
280 424
281 175
282 328
283 30
284 498
285 457
286 151
287 385
288 69
289 408
290 328
291 344
292 344
293 135
294 497
295 334
296 474
297 17
298 496
299 299
300 77
301 303
302 332
303 604
304 290
305 374
306 463
307 163
308 50
309 598
310 422
311 427
312 132
313 42
314 469
315 205
316 371
317 204
318 192
319 543
320 620
321 65
322 482
323 402
324 228
325 202
326 262
327 291
328 548
329 273
330 246
331 393
332 610
333 67
334 519
335 241
336 149
337 557
338 513
339 287
340 278
341 213
342 419
343 88
344 35
345 268
346 20
347 578
348 178
349 28
350 508
351 77
352 274
353 412
354 330
355 143
356 458
357 269
358 263
359 151
360 145
361 358
362 104
363 177
364 613
365 564
366 74
367 213
368 123
369 624
370 166
371 261
372 45
373 42
374 225
375 118
376 530
377 207
378 282
379 197
380 115
381 107
382 410
383 390
384 623
385 4
386 594
387 374
388 45
389 202
390 199
391 517
392 101
393 141
394 217
395 299
396 299
397 388
398 279
399 602
400 604
401 259
402 36
403 84
404 600
405 364
406 553
407 340
408 305
409 35
410 41
411 201
412 580
413 37
414 49
415 589
416 80
417 427
418 49
419 50
420 367
421 522
422 276
423 106
424 180
425 555
426 507
427 311
428 454
429 153
430 447
431 501
432 538
433 14
434 346
435 127
436 284
437 449
438 325
439 301
440 111
441 617
442 369
443 280
444 361
445 460
446 421
447 366
448 350
449 266
450 174
451 412
452 482
453 241
454 407
455 38
456 414
457 492
458 407
459 522
460 622
461 556
462 114
463 482
464 468
465 30
466 495
467 582
468 390
469 360
470 409
471 576
472 449
473 414
474 300
475 302
476 213
477 527
478 244
479 196
480 543
481 473
482 168
483 134
484 611
485 599
486 186
487 445
488 323
489 470
490 320
491 183
492 354
493 74
494 450
495 593
496 269
497 289
498 581
499 489
500 32
501 108
502 86
503 150
504 605
505 482
506 417
507 31
508 25
509 313
510 113
511 404
512 536
513 208
514 565
515 49
516 430
517 104
518 184
519 416
520 411
521 264
522 34
523 90
524 204
525 583
526 319
527 252
528 112
529 318
530 196
531 588
532 268
533 516
534 300
535 447
536 405
537 487
538 343
539 486
540 406
541 29
542 404
543 77
544 191
545 596
546 233
547 380
548 159
549 146
550 286
551 28
552 516
553 263
554 430
555 159
556 545
557 174
558 24
559 222
560 43
561 453
562 185
563 545
564 422
565 203
566 510
567 443
568 579
569 253
570 116
571 267
572 85
573 61
574 2
575 439
576 525
577 10
578 169
579 548
580 292
581 0
582 279
583 356
584 0
585 303
586 168
587 556
588 542
589 356
590 169
591 257
592 399
593 195
594 142
595 138
596 280
597 497
598 578
599 34
600 102
601 198
602 459
603 216
604 364
605 497
606 254
607 590
608 137
609 163
610 98
611 68
612 33
613 552
614 268
615 123
616 230
617 613
618 26
619 503
620 9
621 322
622 42
623 39
624 210
0 575
1 99
2 146
3 337
4 377
5 476
6 297
7 424
8 261
9 363
10 538
11 86
12 317
13 357
14 367
15 118
16 150
17 202
18 272
19 132
20 77
21 443
22 374
23 171
24 349
25 191
26 547
27 331
28 586
29 585
30 90
31 506
32 150
33 78
34 264
35 194
36 94
37 147
38 230
39 56
40 378
41 13
42 177
43 30
44 156
45 221
46 267
47 558
48 511
49 62
50 174
51 160
52 122
53 517
54 393
55 230
56 171
57 389
58 177
59 152
60 384
61 103
62 278
63 60
64 219
65 430
66 356
67 452
68 93
69 410
70 533
71 527
72 338
73 575
74 377
75 544
76 471
77 178
78 11
79 567
80 514
81 458
82 275
83 613
84 523
85 350
86 543
87 160
88 347
89 398
90 475
91 28
92 227
93 248
94 343
95 367
96 453
97 395
98 167
99 60
100 620
101 368
102 73
103 40
104 280
105 353
106 61
107 276
108 519
109 543
110 180
111 567
112 609
113 32
114 256
115 210
116 617
117 255
118 3
119 25
120 186
121 475
122 179
123 95
124 475
125 229
126 544
127 241
128 451
129 36
130 525
131 318
132 444
133 258
134 427
135 530
136 65
137 393
138 382
139 177
140 372
141 411
142 204
143 200
144 65
145 271
146 456
147 104
148 416
149 74
150 320
151 512
152 34
153 391
154 483
155 351
156 471
157 136
158 418
159 35
160 285
161 449
162 266
163 480
164 80
165 233
166 598
167 259
168 350
169 95
170 502
171 126
172 107
173 178
174 586
175 164
176 297
177 359
178 386
179 162
180 220
181 549
182 245
183 475
184 584
185 339
186 333
187 562
188 224
189 467
190 549
191 376
192 306
193 588
194 532
195 364
196 256
197 163
198 367
199 183
200 155
201 20
202 151
203 487
204 308
205 183
206 5
207 16
208 452
209 367
210 507
211 459
212 574
213 476
214 498
215 249
216 117
217 526
218 284
219 365
220 384
221 484
222 121
223 543
224 559
225 324
226 365
227 398
228 219
229 109
230 159
231 155
232 300
233 421
234 237
235 603
236 431
237 334
238 196
239 419
240 505
241 440
242 129
243 202
244 310
245 252
246 541
247 357
248 608
249 108
250 118
251 203
252 169
253 24
254 353
255 556
256 103
257 512
258 70
259 107
260 175
261 123
262 516
263 607
264 69
265 396
266 71
267 238
268 124
269 415
270 80
271 75
272 472
273 537
274 139
275 199
276 551
277 125
278 67
279 61
280 275
281 175
282 127
283 523
284 498
285 222
286 151
287 385
288 69
289 337
290 328
291 375
292 514
293 437
294 45
295 191
296 308
297 304
298 42
299 501
300 129
301 166
302 409
303 617
304 290
305 227
306 426
307 499
308 50
309 314
310 422
311 528
312 246
313 244
314 547
315 494
316 595
317 207
318 74
319 56
320 160
321 158
322 482
323 402
324 228
325 379
326 275
327 500
328 334
329 391
330 246
331 399
332 610
333 67
334 519
335 530
336 470
337 557
338 513
339 615
340 524
341 174
342 122
343 88
344 35
345 268
346 393
347 578
348 178
349 386
350 290
351 34
352 538
353 412
354 240
355 143
356 386
357 269
358 440
359 409
360 374
361 577
362 273
363 177
364 199
365 564
366 407
367 334
368 418
369 624
370 166
371 539
372 45
373 42
374 171
375 605
376 413
377 207
378 282
379 197
380 77
381 107
382 410
383 311
384 477
385 104
386 594
387 34
388 45
389 202
390 199
391 517
392 101
393 279
394 217
395 299
396 439
397 349
398 279
399 602
400 604
401 444
402 36
403 84
404 600
405 364
406 79
407 531
408 144
409 35
410 539
411 201
412 170
413 37
414 273
415 474
416 80
417 342
418 607
419 449
420 482
421 567
422 617
423 106
424 180
425 555
426 539
427 439
428 415
429 153
430 447
431 68
432 126
433 14
434 346
435 127
436 361
437 449
438 325
439 546
440 491
441 617
442 369
443 280
444 361
445 597
446 225
447 573
448 350
449 266
450 596
451 477
452 367
453 241
454 249
455 38
456 425
457 492
458 427
459 522
460 622
461 556
462 109
463 618
464 468
465 181
466 495
467 52
468 390
469 360
470 409
471 607
472 607
473 529
474 300
475 451
476 213
477 527
478 569
479 196
480 233
481 473
482 61
483 518
484 363
485 599
486 186
487 445
488 415
489 329
490 320
491 183
492 86
493 74
494 450
495 593
496 269
497 220
498 581
499 489
500 32
501 47
502 280
503 150
504 347
505 482
506 417
507 187
508 25
509 401
510 136
511 567
512 536
513 79
514 565
515 346
516 430
517 524
518 184
519 103
520 411
521 210
522 378
523 80
524 381
525 583
526 280
527 252
528 127
529 318
530 147
531 274
532 271
533 516
534 300
535 447
536 300
537 487
538 14
539 94
540 482
541 29
542 429
543 77
544 374
545 301
546 231
547 178
548 159
549 13
550 612
551 28
552 274
553 543
554 231
555 159
556 276
557 174
558 24
559 222
560 43
561 453
562 290
563 365
564 433
565 55
566 510
567 443
568 244
569 362
570 95
571 492
572 85
573 61
574 2
575 439
576 525
577 10
578 442
579 548
580 292
581 0
582 279
583 133
584 0
585 353
586 210
587 295
588 542
589 566
590 169
591 179
592 399
593 195
594 142
595 583
596 280
597 497
598 166
599 385
600 102
601 321
602 459
603 216
604 217
605 423
606 254
607 590
608 137
609 79
610 98
611 68
612 33
613 552
614 147
615 593
616 230
617 73
618 26
619 503
620 9
621 322
622 549
623 562
624 131
