0 163
1 276
2 519
3 403
4 258
5 169
6 179
7 228
8 532
9 230
10 553
11 470
12 546
13 12
14 547
15 613
16 555
17 560
18 537
19 333
20 305
21 330
22 3
23 331
24 68
25 295
26 343
27 521
28 582
29 536
30 466
31 286
32 248
33 153
34 403
35 375
36 191
37 433
38 318
39 390
40 293
41 98
42 45
43 416
44 142
45 478
46 144
47 624
48 217
49 106
50 139
51 68
52 510
53 503
54 402
55 578
56 592
57 456
58 575
59 20
60 539
61 478
62 232
63 596
64 108
65 62
66 214
67 361
68 391
69 334
70 67
71 600
72 264
73 21
74 0
75 280
76 593
77 20
78 299
79 527
80 41
81 547
82 316
83 343
84 4
85 42
86 408
87 331
88 477
89 11
90 413
91 47
92 72
93 448
94 384
95 23
96 566
97 341
98 412
99 481
100 184
101 92
102 498
103 264
104 604
105 88
106 342
107 367
108 199
109 516
110 9
111 457
112 216
113 517
114 332
115 30
116 562
117 168
118 323
119 113
120 552
121 622
122 137
123 344
124 116
125 247
126 180
127 196
128 104
129 29
130 362
131 122
132 252
133 297
134 619
135 555
136 498
137 44
138 258
139 48
140 212
141 408
142 333
143 259
144 433
145 516
146 483
147 115
148 167
149 330
150 112
151 414
152 162
153 32
154 42
155 170
156 319
157 303
158 233
159 52
160 183
161 554
162 291
163 341
164 514
165 211
166 78
167 589
168 291
169 593
170 603
171 43
172 144
173 329
174 518
175 51
176 161
177 474
178 504
179 583
180 245
181 301
182 348
183 1
184 101
185 166
186 354
187 462
188 267
189 21
190 39
191 403
192 574
193 75
194 475
195 47
196 355
197 163
198 130
199 339
200 488
201 116
202 29
203 437
204 262
205 193
206 147
207 67
208 589
209 281
210 484
211 327
212 23
213 325
214 191
215 559
216 560
217 299
218 145
219 414
220 218
221 586
222 540
223 594
224 501
225 268
226 484
227 363
228 112
229 480
230 508
231 509
232 439
233 288
234 343
235 452
236 491
237 606
238 341
239 47
240 258
241 289
242 432
243 416
244 546
245 361
246 166
247 72
248 5
249 306
250 373
251 54
252 207
253 494
254 321
255 432
256 74
257 577
258 356
259 568
260 622
261 614
262 142
263 525
264 219
265 161
266 600
267 526
268 169
269 233
270 606
271 80
272 315
273 270
274 476
275 198
276 420
277 508
278 615
279 596
280 363
281 377
282 225
283 583
284 611
285 22
286 536
287 305
288 241
289 333
290 238
291 589
292 140
293 505
294 408
295 620
296 16
297 510
298 10
299 358
300 337
301 554
302 167
303 248
304 21
305 616
306 197
307 433
308 399
309 378
310 34
311 182
312 358
313 148
314 466
315 208
316 293
317 7
318 587
319 572
320 59
321 182
322 321
323 18
324 587
325 385
326 497
327 421
328 125
329 205
330 298
331 619
332 477
333 622
334 94
335 248
336 210
337 118
338 482
339 514
340 376
341 168
342 289
343 382
344 298
345 82
346 151
347 64
348 426
349 412
350 66
351 136
352 74
353 605
354 595
355 617
356 90
357 36
358 473
359 621
360 553
361 550
362 453
363 567
364 261
365 98
366 590
367 64
368 297
369 179
370 406
371 575
372 43
373 218
374 7
375 547
376 485
377 567
378 417
379 597
380 610
381 437
382 514
383 558
384 26
385 130
386 306
387 276
388 114
389 598
390 184
391 599
392 451
393 172
394 534
395 510
396 600
397 214
398 132
399 13
400 383
401 389
402 251
403 307
404 362
405 492
406 489
407 463
408 110
409 553
410 15
411 48
412 211
413 320
414 371
415 576
416 568
417 192
418 51
419 159
420 13
421 185
422 302
423 246
424 210
425 441
426 325
427 557
428 588
429 453
430 34
431 150
432 103
433 148
434 342
435 298
436 496
437 482
438 554
439 589
440 353
441 63
442 521
443 7
444 338
445 346
446 279
447 217
448 530
449 405
450 534
451 464
452 309
453 501
454 55
455 609
456 245
457 257
458 545
459 24
460 351
461 317
462 451
463 142
464 372
465 173
466 31
467 591
468 94
469 480
470 56
471 608
472 582
473 426
474 431
475 422
476 169
477 178
478 297
479 0
480 468
481 203
482 541
483 364
484 208
485 34
486 91
487 260
488 623
489 433
490 234
491 585
492 15
493 27
494 371
495 115
496 419
497 109
498 342
499 289
500 382
501 566
502 243
503 578
504 14
505 588
506 487
507 542
508 178
509 59
510 131
511 190
512 438
513 479
514 466
515 368
516 255
517 285
518 558
519 460
520 332
521 358
522 229
523 370
524 576
525 398
526 17
527 74
528 319
529 273
530 550
531 151
532 60
533 574
534 394
535 106
536 511
537 394
538 398
539 76
540 243
541 146
542 16
543 222
544 401
545 103
546 153
547 125
548 607
549 447
550 520
551 298
552 177
553 108
554 233
555 358
556 131
557 264
558 237
559 594
560 518
561 264
562 123
563 533
564 297
565 521
566 97
567 39
568 148
569 444
570 578
571 528
572 419
573 141
574 86
575 174
576 159
577 10
578 432
579 207
580 115
581 609
582 308
583 131
584 453
585 320
586 450
587 546
588 130
589 412
590 172
591 41
592 390
593 91
594 6
595 279
596 320
597 266
598 411
599 256
600 93
601 275
602 212
603 134
604 308
605 193
606 125
607 548
608 89
609 398
610 74
611 575
612 253
613 292
614 391
615 33
616 482
617 560
618 527
619 169
620 428
621 393
622 478
623 598
624 437
0 163
1 33
2 519
3 403
4 118
5 624
6 179
7 228
8 532
9 230
10 245
11 190
12 546
13 12
14 73
15 613
16 204
17 560
18 537
19 373
20 423
21 330
22 168
23 331
24 205
25 193
26 591
27 521
28 219
29 400
30 279
31 286
32 618
33 61
34 551
35 375
36 223
37 433
38 318
39 251
40 571
41 98
42 45
43 128
44 142
45 493
46 144
47 427
48 217
49 106
50 321
51 536
52 510
53 225
54 322
55 578
56 325
57 517
58 432
59 438
60 20
61 478
62 354
63 596
64 108
65 195
66 436
67 522
68 391
69 238
70 67
71 601
72 264
73 21
74 0
75 280
76 316
77 20
78 206
79 527
80 41
81 402
82 248
83 157
84 562
85 549
86 555
87 559
88 133
89 245
90 33
91 436
92 327
93 448
94 384
95 23
96 566
97 341
98 412
99 49
100 34
101 65
102 498
103 363
104 604
105 210
106 342
107 367
108 199
109 516
110 499
111 73
112 319
113 168
114 113
115 554
116 562
117 11
118 52
119 209
120 552
121 622
122 218
123 195
124 511
125 410
126 622
127 118
128 85
129 344
130 338
131 122
132 200
133 55
134 619
135 555
136 498
137 200
138 258
139 48
140 212
141 408
142 397
143 524
144 427
145 516
146 153
147 226
148 167
149 131
150 112
151 532
152 162
153 463
154 79
155 170
156 451
157 396
158 233
159 52
160 446
161 554
162 450
163 341
164 130
165 211
166 78
167 347
168 410
169 593
170 281
171 174
172 514
173 329
174 518
175 545
176 161
177 237
178 349
179 583
180 245
181 408
182 101
183 1
184 101
185 182
186 354
187 556
188 213
189 21
190 39
191 2
192 59
193 75
194 235
195 47
196 192
197 173
198 540
199 511
200 488
201 201
202 4
203 351
204 286
205 193
206 147
207 38
208 2
209 281
210 484
211 94
212 23
213 325
214 278
215 559
216 365
217 299
218 145
219 569
220 218
221 232
222 198
223 594
224 577
225 268
226 120
227 363
228 430
229 210
230 323
231 509
232 327
233 288
234 197
235 273
236 409
237 606
238 341
239 505
240 426
241 289
242 432
243 419
244 479
245 361
246 50
247 72
248 281
249 261
250 259
251 54
252 207
253 487
254 521
255 432
256 74
257 426
258 84
259 179
260 411
261 121
262 142
263 525
264 219
265 349
266 478
267 526
268 577
269 66
270 471
271 528
272 513
273 498
274 534
275 198
276 510
277 508
278 161
279 596
280 363
281 149
282 225
283 456
284 611
285 231
286 536
287 226
288 241
289 486
290 27
291 398
292 168
293 505
294 511
295 620
296 391
297 48
298 61
299 168
300 232
301 553
302 167
303 10
304 364
305 616
306 499
307 105
308 209
309 378
310 606
311 1
312 381
313 357
314 447
315 464
316 293
317 300
318 25
319 572
320 59
321 182
322 611
323 18
324 54
325 619
326 497
327 427
328 99
329 569
330 298
331 619
332 477
333 622
334 222
335 584
336 233
337 477
338 482
339 514
340 376
341 168
342 289
343 382
344 487
345 82
346 219
347 459
348 426
349 412
350 157
351 136
352 589
353 75
354 314
355 125
356 187
357 102
358 473
359 621
360 553
361 106
362 226
363 44
364 261
365 98
366 590
367 64
368 442
369 420
370 559
371 575
372 391
373 129
374 7
375 448
376 311
377 567
378 378
379 620
380 325
381 336
382 514
383 558
384 41
385 375
386 621
387 276
388 114
389 598
390 433
391 599
392 451
393 528
394 412
395 69
396 600
397 214
398 132
399 13
400 29
401 389
402 305
403 147
404 618
405 273
406 372
407 515
408 380
409 84
410 15
411 298
412 339
413 320
414 371
415 576
416 590
417 192
418 306
419 159
420 13
421 365
422 343
423 295
424 153
425 349
426 508
427 557
428 98
429 453
430 119
431 255
432 600
433 401
434 342
435 137
436 496
437 482
438 554
439 589
440 353
441 457
442 521
443 7
444 206
445 346
446 279
447 217
448 440
449 405
450 534
451 48
452 309
453 426
454 203
455 609
456 159
457 257
458 556
459 407
460 323
461 317
462 451
463 142
464 327
465 173
466 31
467 395
468 94
469 480
470 56
471 608
472 582
473 426
474 431
475 422
476 169
477 178
478 367
479 0
480 194
481 10
482 541
483 364
484 208
485 34
486 476
487 161
488 166
489 433
490 234
491 585
492 23
493 27
494 30
495 115
496 356
497 403
498 342
499 289
500 123
501 475
502 243
503 441
504 14
505 272
506 138
507 535
508 77
509 107
510 350
511 190
512 473
513 495
514 18
515 498
516 486
517 201
518 183
519 460
520 332
521 87
522 347
523 370
524 423
525 398
526 17
527 567
528 319
529 489
530 550
531 151
532 445
533 273
534 475
535 289
536 511
537 530
538 398
539 15
540 243
541 340
542 340
543 90
544 401
545 103
546 153
547 125
548 22
549 447
550 520
551 298
552 84
553 108
554 585
555 358
556 204
557 140
558 615
559 594
560 254
561 264
562 123
563 533
564 297
565 521
566 97
567 388
568 148
569 444
570 578
571 56
572 419
573 543
574 86
575 168
576 113
577 10
578 144
579 207
580 115
581 28
582 308
583 74
584 453
585 320
586 265
587 575
588 304
589 281
590 128
591 446
592 329
593 568
594 6
595 461
596 320
597 181
598 29
599 477
600 507
601 275
602 212
603 544
604 464
605 51
606 567
607 388
608 89
609 213
610 349
611 575
612 253
613 292
614 391
615 342
616 12
617 383
618 589
619 169
620 340
621 393
622 478
623 598
624 177
