0 143
1 114
2 100
3 123
4 18
5 138
6 82
7 113
8 106
9 15
10 88
11 136
12 72
13 14
14 14
15 81
16 147
17 41
18 108
19 9
20 75
21 89
22 168
23 50
24 158
25 77
26 73
27 82
28 158
29 0
30 97
31 91
32 59
33 126
34 150
35 101
36 133
37 12
38 148
39 138
40 151
41 70
42 118
43 26
44 50
45 138
46 164
47 52
48 19
49 122
50 114
51 102
52 28
53 131
54 144
55 162
56 68
57 164
58 4
59 119
60 85
61 155
62 109
63 99
64 122
65 122
66 145
67 67
68 31
69 7
70 28
71 88
72 82
73 38
74 148
75 132
76 46
77 143
78 108
79 122
80 21
81 70
82 17
83 53
84 141
85 10
86 20
87 57
88 85
89 128
90 23
91 111
92 160
93 79
94 156
95 22
96 35
97 44
98 7
99 71
100 129
101 124
102 55
103 123
104 115
105 119
106 25
107 23
108 152
109 159
110 71
111 149
112 88
113 96
114 25
115 31
116 148
117 144
118 18
119 84
120 59
121 87
122 41
123 114
124 164
125 64
126 12
127 161
128 31
129 168
130 75
131 147
132 132
133 9
134 145
135 75
136 42
137 15
138 50
139 136
140 170
141 57
142 151
143 169
144 99
145 30
146 134
147 35
148 28
149 123
150 102
151 32
152 24
153 155
154 141
155 92
156 147
157 50
158 126
159 161
160 133
161 114
162 100
163 25
164 41
165 95
166 43
167 95
168 8
169 24
170 122
171 23
172 163
0 143
1 117
2 36
3 123
4 18
5 138
6 74
7 111
8 106
9 163
10 91
11 2
12 72
13 14
14 14
15 81
16 90
17 41
18 159
19 9
20 41
21 89
22 147
23 50
24 158
25 77
26 73
27 35
28 158
29 0
30 7
31 164
32 36
33 121
34 104
35 101
36 115
37 105
38 148
39 148
40 162
41 10
42 89
43 26
44 166
45 138
46 8
47 55
48 19
49 122
50 114
51 51
52 112
53 48
54 144
55 162
56 62
57 111
58 4
59 43
60 131
61 35
62 111
63 99
64 62
65 122
66 95
67 67
68 31
69 69
70 28
71 43
72 145
73 38
74 148
75 132
76 46
77 43
78 108
79 122
80 51
81 12
82 17
83 53
84 68
85 71
86 20
87 28
88 56
89 128
90 23
91 103
92 160
93 79
94 61
95 22
96 150
97 44
98 7
99 32
100 129
101 73
102 55
103 102
104 115
105 80
106 25
107 23
108 152
109 137
110 71
111 149
112 169
113 96
114 25
115 62
116 19
117 144
118 18
119 84
120 59
121 166
122 41
123 167
124 164
125 64
126 12
127 161
128 31
129 146
130 46
131 147
132 132
133 9
134 145
135 8
136 161
137 15
138 50
139 151
140 120
141 39
142 151
143 160
144 59
145 30
146 134
147 70
148 28
149 78
150 102
151 32
152 24
153 155
154 141
155 25
156 76
157 156
158 16
159 128
160 133
161 98
162 100
163 129
164 41
165 95
166 57
167 95
168 8
169 163
170 13
171 23
172 163
