0 146
1 166
2 130
3 147
4 158
5 68
6 133
7 68
8 32
9 26
10 75
11 25
12 129
13 9
14 8
15 24
16 98
17 144
18 61
19 126
20 2
21 108
22 163
23 44
24 12
25 7
26 54
27 92
28 7
29 69
30 61
31 119
32 93
33 145
34 27
35 28
36 94
37 15
38 133
39 3
40 61
41 84
42 81
43 137
44 72
45 118
46 1
47 109
48 140
49 35
50 29
51 161
52 111
53 153
54 65
55 155
56 139
57 26
58 88
59 84
60 143
61 53
62 23
63 17
64 100
65 0
66 68
67 54
68 139
69 108
70 130
71 16
72 106
73 62
74 73
75 85
76 85
77 82
78 154
79 30
80 172
81 77
82 4
83 68
84 143
85 85
86 170
87 113
88 81
89 60
90 63
91 138
92 154
93 129
94 5
95 53
96 148
97 71
98 140
99 60
100 48
101 16
102 57
103 27
104 167
105 29
106 53
107 67
108 20
109 56
110 10
111 119
112 48
113 171
114 115
115 19
116 19
117 11
118 93
119 140
120 45
121 106
122 28
123 126
124 59
125 149
126 134
127 149
128 12
129 130
130 51
131 58
132 141
133 74
134 30
135 23
136 2
137 28
138 121
139 98
140 124
141 170
142 56
143 165
144 101
145 88
146 59
147 140
148 48
149 149
150 120
151 101
152 44
153 124
154 25
155 140
156 34
157 90
158 13
159 112
160 33
161 145
162 54
163 146
164 152
165 120
166 18
167 76
168 112
169 155
170 84
171 51
172 52
0 146
1 98
2 85
3 147
4 158
5 142
6 133
7 68
8 129
9 26
10 65
11 129
12 97
13 38
14 41
15 161
16 98
17 163
18 61
19 126
20 135
21 114
22 136
23 44
24 12
25 7
26 54
27 24
28 132
29 72
30 142
31 119
32 116
33 145
34 57
35 28
36 94
37 15
38 133
39 9
40 165
41 84
42 81
43 32
44 72
45 118
46 98
47 148
48 140
49 154
50 106
51 102
52 111
53 153
54 65
55 124
56 139
57 26
58 65
59 87
60 88
61 53
62 115
63 17
64 100
65 0
66 12
67 16
68 139
69 108
70 130
71 42
72 106
73 112
74 55
75 7
76 36
77 80
78 52
79 30
80 172
81 77
82 4
83 67
84 143
85 85
86 170
87 3
88 128
89 60
90 63
91 1
92 154
93 129
94 5
95 53
96 138
97 71
98 126
99 60
100 48
101 159
102 60
103 27
104 167
105 127
106 67
107 67
108 20
109 56
110 24
111 2
112 29
113 7
114 21
115 19
116 156
117 168
118 93
119 140
120 45
121 106
122 28
123 21
124 63
125 149
126 58
127 149
128 90
129 130
130 51
131 120
132 51
133 74
134 17
135 23
136 2
137 28
138 121
139 98
140 103
141 139
142 75
143 22
144 101
145 104
146 164
147 140
148 116
149 88
150 36
151 48
152 39
153 122
154 25
155 140
156 34
157 160
158 13
159 22
160 33
161 145
162 54
163 167
164 152
165 120
166 122
167 76
168 112
169 162
170 84
171 51
172 52
