0 53
1 66
2 64
3 82
4 95
5 157
6 105
7 78
8 19
9 25
10 41
11 124
12 153
13 121
14 41
15 49
16 164
17 152
18 109
19 11
20 67
21 81
22 5
23 78
24 122
25 159
26 110
27 60
28 24
29 160
30 96
31 130
32 139
33 125
34 96
35 97
36 135
37 8
38 95
39 124
40 19
41 107
42 163
43 168
44 125
45 14
46 145
47 23
48 30
49 144
50 152
51 10
52 44
53 138
54 19
55 53
56 11
57 14
58 41
59 41
60 137
61 168
62 38
63 141
64 148
65 12
66 93
67 171
68 105
69 63
70 9
71 36
72 6
73 91
74 134
75 121
76 98
77 139
78 80
79 111
80 12
81 17
82 63
83 96
84 42
85 46
86 88
87 114
88 102
89 167
90 94
91 59
92 158
93 169
94 158
95 94
96 39
97 158
98 3
99 6
100 47
101 152
102 21
103 12
104 166
105 92
106 31
107 129
108 72
109 104
110 115
111 16
112 139
113 169
114 168
115 61
116 135
117 21
118 133
119 126
120 146
121 111
122 82
123 91
124 27
125 123
126 152
127 57
128 14
129 129
130 81
131 164
132 29
133 93
134 65
135 60
136 82
137 5
138 42
139 95
140 88
141 0
142 8
143 171
144 158
145 98
146 148
147 79
148 116
149 79
150 45
151 81
152 95
153 40
154 99
155 29
156 11
157 57
158 41
159 40
160 154
161 120
162 146
163 97
164 57
165 43
166 115
167 57
168 65
169 18
170 122
171 64
172 36
0 92
1 169
2 64
3 43
4 122
5 157
6 105
7 78
8 130
9 102
10 41
11 124
12 153
13 121
14 97
15 49
16 0
17 136
18 167
19 11
20 126
21 81
22 12
23 78
24 122
25 159
26 110
27 60
28 24
29 15
30 96
31 130
32 139
33 125
34 21
35 97
36 135
37 118
38 166
39 85
40 68
41 80
42 163
43 168
44 125
45 14
46 158
47 23
48 30
49 144
50 152
51 10
52 166
53 154
54 172
55 53
56 11
57 46
58 164
59 41
60 62
61 123
62 38
63 23
64 148
65 12
66 143
67 171
68 105
69 63
70 9
71 145
72 6
73 13
74 134
75 121
76 98
77 108
78 94
79 111
80 12
81 107
82 63
83 140
84 80
85 46
86 163
87 80
88 151
89 96
90 88
91 59
92 125
93 134
94 79
95 53
96 84
97 158
98 3
99 6
100 167
101 152
102 11
103 140
104 166
105 21
106 20
107 129
108 72
109 111
110 33
111 35
112 90
113 169
114 168
115 9
116 135
117 21
118 55
119 142
120 146
121 22
122 82
123 56
124 57
125 123
126 36
127 57
128 171
129 94
130 132
131 12
132 29
133 93
134 65
135 102
136 82
137 5
138 40
139 41
140 94
141 0
142 8
143 74
144 77
145 171
146 134
147 79
148 139
149 79
150 120
151 23
152 84
153 1
154 99
155 162
156 95
157 121
158 41
159 147
160 154
161 44
162 22
163 126
164 142
165 122
166 12
167 159
168 65
169 109
170 119
171 31
172 36
