0 7
1 168
2 124
3 82
4 121
5 128
6 28
7 86
8 54
9 159
10 8
11 96
12 4
13 139
14 0
15 36
16 31
17 152
18 50
19 46
20 155
21 111
22 64
23 24
24 110
25 12
26 157
27 43
28 96
29 140
30 111
31 44
32 104
33 23
34 66
35 7
36 133
37 0
38 2
39 57
40 9
41 160
42 50
43 98
44 122
45 85
46 93
47 120
48 35
49 156
50 150
51 57
52 59
53 63
54 139
55 84
56 132
57 117
58 70
59 138
60 27
61 70
62 131
63 61
64 151
65 46
66 91
67 54
68 52
69 58
70 13
71 55
72 7
73 166
74 147
75 30
76 109
77 124
78 0
79 148
80 116
81 107
82 137
83 97
84 38
85 110
86 100
87 67
88 19
89 1
90 158
91 67
92 146
93 112
94 131
95 7
96 10
97 59
98 21
99 6
100 1
101 100
102 13
103 68
104 107
105 149
106 135
107 57
108 162
109 165
110 141
111 47
112 26
113 70
114 71
115 71
116 41
117 138
118 157
119 129
120 89
121 134
122 126
123 144
124 74
125 157
126 14
127 139
128 100
129 97
130 161
131 15
132 141
133 57
134 140
135 134
136 14
137 109
138 125
139 6
140 131
141 97
142 130
143 89
144 110
145 136
146 11
147 116
148 18
149 31
150 104
151 3
152 170
153 32
154 53
155 60
156 7
157 142
158 4
159 133
160 9
161 127
162 62
163 86
164 4
165 0
166 113
167 147
168 79
169 89
170 69
171 168
172 1
0 20
1 146
2 124
3 82
4 121
5 128
6 28
7 5
8 54
9 159
10 8
11 96
12 111
13 138
14 0
15 36
16 31
17 152
18 30
19 46
20 155
21 82
22 64
23 41
24 110
25 12
26 158
27 26
28 96
29 14
30 111
31 32
32 61
33 23
34 6
35 7
36 3
37 57
38 2
39 57
40 102
41 117
42 50
43 63
44 122
45 85
46 105
47 120
48 20
49 168
50 92
51 57
52 99
53 75
54 139
55 31
56 132
57 117
58 83
59 142
60 27
61 70
62 131
63 61
64 168
65 86
66 91
67 142
68 52
69 58
70 110
71 55
72 121
73 94
74 147
75 5
76 109
77 84
78 0
79 148
80 116
81 107
82 137
83 14
84 33
85 110
86 100
87 130
88 19
89 1
90 158
91 67
92 146
93 112
94 131
95 138
96 10
97 59
98 153
99 6
100 1
101 42
102 93
103 48
104 107
105 30
106 92
107 57
108 126
109 165
110 141
111 47
112 26
113 116
114 48
115 67
116 41
117 19
118 157
119 129
120 89
121 55
122 54
123 120
124 165
125 6
126 66
127 12
128 35
129 163
130 161
131 15
132 118
133 57
134 140
135 90
136 14
137 14
138 40
139 86
140 131
141 97
142 60
143 11
144 11
145 8
146 11
147 13
148 18
149 168
150 104
151 3
152 163
153 32
154 53
155 60
156 7
157 111
158 155
159 134
160 9
161 59
162 98
163 56
164 4
165 114
166 113
167 147
168 79
169 151
170 36
171 168
172 1
