0 115
1 162
2 19
3 138
4 60
5 62
6 110
7 28
8 149
9 15
10 71
11 63
12 119
13 12
14 138
15 96
16 62
17 37
18 102
19 57
20 82
21 53
22 105
23 8
24 30
25 103
26 104
27 50
28 162
29 104
30 129
31 164
32 128
33 109
34 32
35 118
36 49
37 57
38 28
39 58
40 98
41 144
42 130
43 23
44 2
45 77
46 107
47 3
48 62
49 113
50 5
51 94
52 151
53 73
54 168
55 18
56 70
57 95
58 97
59 44
60 18
61 126
62 113
63 105
64 112
65 94
66 106
67 42
68 101
69 3
70 147
71 122
72 115
73 50
74 84
75 75
76 130
77 99
78 147
79 20
80 71
81 136
82 17
83 98
84 30
85 12
86 106
87 27
88 148
89 67
90 141
91 136
92 162
93 75
94 92
95 170
96 120
97 141
98 142
99 139
100 17
101 80
102 164
103 47
104 5
105 116
106 141
107 157
108 24
109 147
110 31
111 11
112 147
113 56
114 70
115 159
116 7
117 165
118 17
119 156
120 129
121 113
122 22
123 68
124 137
125 120
126 89
127 169
128 73
129 17
130 86
131 45
132 3
133 58
134 18
135 119
136 84
137 170
138 60
139 124
140 100
141 95
142 115
143 83
144 134
145 82
146 61
147 117
148 79
149 92
150 101
151 74
152 171
153 30
154 26
155 146
156 122
157 154
158 150
159 171
160 172
161 43
162 71
163 64
164 40
165 125
166 15
167 56
168 107
169 83
170 67
171 143
172 107
0 166
1 27
2 138
3 2
4 60
5 62
6 110
7 28
8 146
9 98
10 78
11 128
12 65
13 41
14 138
15 96
16 73
17 37
18 102
19 139
20 171
21 90
22 105
23 8
24 30
25 103
26 104
27 50
28 150
29 104
30 1
31 28
32 128
33 10
34 11
35 118
36 66
37 171
38 66
39 109
40 114
41 144
42 40
43 23
44 2
45 8
46 107
47 85
48 29
49 80
50 5
51 62
52 86
53 73
54 168
55 18
56 127
57 95
58 97
59 57
60 119
61 126
62 113
63 37
64 112
65 94
66 106
67 25
68 101
69 3
70 24
71 122
72 115
73 53
74 9
75 80
76 121
77 15
78 122
79 70
80 7
81 167
82 17
83 170
84 30
85 12
86 106
87 169
88 148
89 67
90 141
91 95
92 162
93 97
94 79
95 170
96 150
97 35
98 142
99 139
100 17
101 80
102 164
103 139
104 5
105 116
106 141
107 157
108 24
109 162
110 172
111 11
112 111
113 56
114 70
115 15
116 7
117 22
118 17
119 50
120 129
121 113
122 22
123 68
124 137
125 65
126 89
127 145
128 73
129 17
130 86
131 45
132 4
133 59
134 15
135 119
136 148
137 170
138 60
139 50
140 100
141 95
142 42
143 135
144 81
145 70
146 59
147 66
148 79
149 83
150 101
151 62
152 171
153 51
154 52
155 146
156 122
157 155
158 98
159 171
160 8
161 43
162 71
163 143
164 42
165 81
166 15
167 7
168 73
169 141
170 67
171 143
172 144
