0 88
1 83
2 21
3 15
4 131
5 47
6 44
7 36
8 6
9 16
10 42
11 156
12 88
13 163
14 77
15 153
16 2
17 74
18 41
19 162
20 63
21 38
22 59
23 32
24 53
25 108
26 170
27 85
28 104
29 165
30 45
31 88
32 154
33 28
34 1
35 134
36 26
37 128
38 92
39 164
40 32
41 120
42 170
43 23
44 75
45 145
46 13
47 69
48 103
49 84
50 73
51 109
52 68
53 103
54 79
55 149
56 137
57 104
58 123
59 117
60 4
61 153
62 57
63 100
64 51
65 163
66 145
67 111
68 122
69 149
70 90
71 47
72 44
73 57
74 116
75 125
76 168
77 158
78 99
79 80
80 166
81 13
82 121
83 98
84 20
85 3
86 169
87 126
88 62
89 25
90 132
91 125
92 39
93 9
94 36
95 30
96 53
97 122
98 73
99 172
100 64
101 70
102 19
103 62
104 113
105 88
106 100
107 155
108 87
109 161
110 92
111 63
112 106
113 5
114 60
115 112
116 55
117 168
118 130
119 86
120 9
121 24
122 9
123 37
124 56
125 26
126 73
127 60
128 19
129 151
130 165
131 36
132 24
133 11
134 79
135 54
136 94
137 32
138 52
139 34
140 156
141 80
142 81
143 155
144 56
145 39
146 85
147 122
148 12
149 89
150 121
151 33
152 119
153 158
154 171
155 117
156 127
157 10
158 82
159 15
160 106
161 149
162 65
163 165
164 45
165 127
166 166
167 53
168 169
169 20
170 153
171 104
172 53
0 76
1 53
2 18
3 15
4 46
5 47
6 56
7 106
8 11
9 42
10 111
11 34
12 88
13 38
14 77
15 108
16 112
17 74
18 143
19 32
20 166
21 38
22 92
23 32
24 53
25 110
26 118
27 85
28 104
29 101
30 10
31 48
32 95
33 84
34 1
35 44
36 26
37 43
38 128
39 164
40 172
41 120
42 143
43 136
44 75
45 76
46 16
47 69
48 132
49 84
50 136
51 68
52 85
53 103
54 134
55 20
56 50
57 80
58 85
59 91
60 4
61 153
62 57
63 100
64 103
65 163
66 145
67 9
68 122
69 149
70 126
71 123
72 43
73 83
74 78
75 38
76 16
77 116
78 99
79 70
80 14
81 21
82 7
83 122
84 20
85 127
86 58
87 126
88 143
89 25
90 110
91 71
92 170
93 9
94 97
95 30
96 53
97 122
98 65
99 97
100 82
101 70
102 127
103 7
104 79
105 38
106 100
107 77
108 87
109 83
110 92
111 103
112 8
113 5
114 15
115 140
116 31
117 117
118 130
119 86
120 9
121 168
122 45
123 37
124 56
125 101
126 73
127 60
128 28
129 151
130 133
131 30
132 24
133 11
134 140
135 54
136 94
137 24
138 143
139 34
140 1
141 80
142 44
143 155
144 56
145 39
146 4
147 122
148 12
149 15
150 119
151 30
152 7
153 49
154 128
155 74
156 127
157 115
158 82
159 64
160 169
161 149
162 65
163 111
164 45
165 127
166 95
167 53
168 169
169 20
170 153
171 104
172 53
