0 50
1 53
2 127
3 160
4 148
5 111
6 65
7 101
8 132
9 50
10 130
11 129
12 14
13 44
14 164
15 7
16 49
17 111
18 157
19 165
20 128
21 135
22 75
23 88
24 113
25 84
26 112
27 100
28 51
29 128
30 51
31 87
32 129
33 55
34 76
35 117
36 43
37 5
38 125
39 139
40 164
41 89
42 35
43 115
44 124
45 132
46 25
47 88
48 162
49 76
50 9
51 148
52 80
53 164
54 40
55 112
56 90
57 150
58 82
59 93
60 10
61 158
62 138
63 110
64 117
65 75
66 160
67 167
68 109
69 55
70 138
71 73
72 135
73 120
74 4
75 74
76 153
77 38
78 114
79 102
80 27
81 78
82 138
83 72
84 73
85 2
86 139
87 4
88 15
89 165
90 12
91 95
92 32
93 88
94 12
95 132
96 21
97 146
98 121
99 107
100 116
101 166
102 118
103 144
104 147
105 40
106 142
107 80
108 31
109 160
110 59
111 151
112 100
113 34
114 87
115 23
116 12
117 139
118 15
119 11
120 151
121 132
122 61
123 106
124 144
125 157
126 157
127 1
128 68
129 37
130 52
131 110
132 18
133 34
134 44
135 119
136 141
137 110
138 48
139 102
140 119
141 100
142 110
143 3
144 123
145 25
146 167
147 48
148 89
149 73
150 117
151 158
152 50
153 71
154 75
155 51
156 65
157 148
158 83
159 25
160 54
161 132
162 43
163 49
164 167
165 71
166 165
167 72
168 145
169 12
170 112
171 155
172 55
0 99
1 64
2 73
3 66
4 148
5 111
6 164
7 101
8 80
9 64
10 167
11 129
12 63
13 44
14 164
15 7
16 49
17 52
18 15
19 41
20 122
21 61
22 144
23 94
24 79
25 52
26 113
27 100
28 108
29 128
30 132
31 87
32 43
33 55
34 92
35 78
36 43
37 148
38 9
39 139
40 164
41 89
42 35
43 115
44 0
45 132
46 25
47 88
48 137
49 76
50 9
51 148
52 99
53 164
54 125
55 112
56 90
57 43
58 82
59 93
60 53
61 158
62 138
63 110
64 117
65 4
66 160
67 21
68 109
69 109
70 95
71 111
72 131
73 144
74 4
75 74
76 153
77 38
78 11
79 102
80 169
81 78
82 138
83 31
84 73
85 2
86 139
87 4
88 82
89 49
90 12
91 95
92 32
93 144
94 92
95 132
96 132
97 140
98 121
99 21
100 116
101 166
102 118
103 72
104 116
105 154
106 142
107 117
108 31
109 160
110 61
111 151
112 100
113 145
114 87
115 23
116 12
117 139
118 126
119 55
120 151
121 132
122 61
123 106
124 148
125 66
126 157
127 139
128 68
129 37
130 52
131 105
132 122
133 34
134 44
135 119
136 141
137 110
138 25
139 102
140 94
141 130
142 110
143 3
144 123
145 72
146 167
147 13
148 165
149 73
150 117
151 9
152 50
153 71
154 75
155 10
156 65
157 148
158 118
159 9
160 94
161 132
162 6
163 56
164 122
165 71
166 1
167 150
168 159
169 8
170 141
171 155
172 140
