0 103
1 138
2 16
3 104
4 76
5 169
6 166
7 65
8 60
9 75
10 14
11 68
12 89
13 29
14 88
15 50
16 62
17 50
18 34
19 59
20 140
21 142
22 78
23 103
24 103
25 70
26 164
27 106
28 128
29 60
30 38
31 25
32 24
33 28
34 53
35 25
36 65
37 38
38 25
39 151
40 155
41 125
42 7
43 116
44 56
45 119
46 126
47 76
48 59
49 148
50 3
51 12
52 146
53 86
54 164
55 89
56 85
57 67
58 85
59 26
60 149
61 17
62 149
63 39
64 35
65 141
66 71
67 163
68 74
69 5
70 138
71 128
72 9
73 171
74 167
75 148
76 142
77 56
78 171
79 150
80 78
81 69
82 61
83 153
84 145
85 56
86 94
87 100
88 88
89 9
90 138
91 127
92 68
93 63
94 54
95 48
96 53
97 21
98 165
99 16
100 13
101 11
102 83
103 1
104 156
105 9
106 162
107 125
108 76
109 144
110 155
111 142
112 106
113 166
114 35
115 12
116 50
117 57
118 48
119 149
120 163
121 124
122 85
123 150
124 114
125 63
126 103
127 75
128 7
129 146
130 1
131 159
132 22
133 149
134 35
135 22
136 139
137 24
138 170
139 45
140 120
141 65
142 107
143 117
144 70
145 100
146 9
147 164
148 166
149 76
150 14
151 10
152 45
153 24
154 127
155 142
156 110
157 81
158 21
159 130
160 38
161 36
162 118
163 82
164 39
165 49
166 60
167 23
168 34
169 81
170 65
171 102
172 137
0 103
1 138
2 16
3 39
4 35
5 169
6 166
7 59
8 60
9 75
10 14
11 68
12 89
13 29
14 25
15 50
16 58
17 16
18 34
19 59
20 140
21 123
22 103
23 103
24 103
25 172
26 164
27 106
28 17
29 114
30 109
31 25
32 24
33 28
34 20
35 31
36 65
37 4
38 40
39 120
40 72
41 125
42 15
43 116
44 92
45 119
46 43
47 18
48 99
49 34
50 78
51 153
52 146
53 86
54 164
55 149
56 85
57 67
58 109
59 2
60 149
61 17
62 55
63 39
64 97
65 141
66 25
67 4
68 145
69 5
70 111
71 128
72 9
73 115
74 167
75 148
76 9
77 140
78 171
79 150
80 2
81 113
82 139
83 153
84 82
85 56
86 94
87 100
88 88
89 69
90 138
91 127
92 68
93 63
94 61
95 116
96 53
97 21
98 165
99 16
100 154
101 11
102 83
103 170
104 112
105 131
106 172
107 125
108 76
109 74
110 155
111 142
112 106
113 88
114 35
115 12
116 152
117 89
118 48
119 149
120 23
121 124
122 108
123 33
124 114
125 149
126 77
127 75
128 7
129 64
130 148
131 159
132 116
133 149
134 51
135 8
136 139
137 129
138 44
139 15
140 29
141 83
142 107
143 117
144 70
145 100
146 9
147 164
148 166
149 76
150 0
151 157
152 45
153 62
154 93
155 156
156 5
157 119
158 71
159 130
160 38
161 155
162 94
163 82
164 39
165 49
166 57
167 30
168 34
169 81
170 65
171 141
172 138
