0 54
1 107
2 114
3 73
4 114
5 144
6 104
7 105
8 140
9 127
10 56
11 49
12 23
13 64
14 69
15 46
16 62
17 13
18 49
19 112
20 27
21 55
22 56
23 68
24 15
25 69
26 159
27 30
28 25
29 87
30 54
31 70
32 142
33 109
34 131
35 20
36 172
37 158
38 45
39 114
40 24
41 120
42 165
43 86
44 67
45 109
46 168
47 64
48 154
49 92
50 100
51 13
52 162
53 120
54 147
55 33
56 0
57 50
58 118
59 69
60 168
61 127
62 110
63 87
64 43
65 58
66 2
67 47
68 34
69 119
70 124
71 41
72 103
73 110
74 138
75 55
76 102
77 50
78 59
79 42
80 67
81 113
82 108
83 53
84 122
85 158
86 39
87 74
88 107
89 102
90 100
91 46
92 100
93 158
94 165
95 151
96 25
97 106
98 60
99 161
100 87
101 93
102 85
103 157
104 170
105 62
106 137
107 29
108 111
109 1
110 64
111 153
112 5
113 127
114 57
115 20
116 2
117 31
118 160
119 9
120 96
121 9
122 113
123 45
124 9
125 39
126 86
127 127
128 87
129 82
130 112
131 51
132 154
133 118
134 133
135 132
136 148
137 154
138 91
139 112
140 171
141 138
142 162
143 89
144 78
145 13
146 147
147 137
148 124
149 17
150 79
151 90
152 10
153 80
154 36
155 104
156 79
157 155
158 37
159 122
160 66
161 119
162 68
163 11
164 45
165 14
166 27
167 0
168 167
169 129
170 109
171 77
172 104
0 54
1 100
2 63
3 51
4 37
5 58
6 104
7 105
8 25
9 127
10 21
11 49
12 23
13 64
14 69
15 46
16 62
17 13
18 49
19 135
20 27
21 55
22 15
23 119
24 15
25 159
26 2
27 39
28 130
29 63
30 54
31 70
32 142
33 109
34 131
35 20
36 172
37 158
38 45
39 114
40 4
41 60
42 165
43 37
44 123
45 109
46 128
47 45
48 83
49 92
50 100
51 13
52 158
53 120
54 147
55 33
56 0
57 11
58 65
59 154
60 168
61 26
62 133
63 87
64 124
65 58
66 129
67 47
68 34
69 119
70 124
71 134
72 103
73 154
74 138
75 55
76 71
77 3
78 54
79 107
80 67
81 140
82 98
83 18
84 69
85 158
86 152
87 74
88 21
89 36
90 71
91 46
92 54
93 158
94 165
95 151
96 81
97 45
98 46
99 161
100 87
101 93
102 146
103 157
104 170
105 73
106 27
107 98
108 111
109 1
110 78
111 153
112 5
113 127
114 57
115 101
116 2
117 31
118 160
119 6
120 96
121 77
122 113
123 45
124 167
125 87
126 86
127 83
128 20
129 128
130 106
131 129
132 7
133 118
134 5
135 132
136 148
137 154
138 63
139 112
140 21
141 138
142 86
143 90
144 78
145 13
146 107
147 137
148 124
149 28
150 79
151 90
152 124
153 80
154 36
155 42
156 117
157 155
158 114
159 122
160 113
161 59
162 129
163 122
164 45
165 73
166 156
167 0
168 167
169 117
170 109
171 41
172 132
