0 94
1 168
2 127
3 72
4 44
5 150
6 114
7 50
8 133
9 57
10 83
11 108
12 151
13 143
14 162
15 155
16 66
17 54
18 56
19 42
20 32
21 71
22 162
23 68
24 53
25 89
26 8
27 48
28 118
29 152
30 128
31 104
32 44
33 135
34 109
35 139
36 152
37 34
38 141
39 57
40 118
41 76
42 72
43 108
44 122
45 152
46 14
47 68
48 154
49 74
50 133
51 74
52 138
53 36
54 29
55 140
56 93
57 105
58 27
59 125
60 109
61 54
62 123
63 17
64 21
65 147
66 87
67 86
68 110
69 24
70 158
71 36
72 135
73 155
74 15
75 73
76 47
77 28
78 1
79 119
80 119
81 16
82 81
83 71
84 69
85 58
86 146
87 165
88 126
89 149
90 103
91 129
92 73
93 134
94 19
95 33
96 113
97 151
98 48
99 136
100 110
101 74
102 62
103 152
104 73
105 17
106 97
107 101
108 24
109 119
110 2
111 147
112 47
113 22
114 161
115 7
116 48
117 73
118 137
119 49
120 129
121 153
122 146
123 143
124 136
125 57
126 123
127 72
128 7
129 56
130 15
131 123
132 109
133 86
134 122
135 57
136 9
137 172
138 20
139 53
140 61
141 80
142 58
143 34
144 150
145 84
146 56
147 92
148 159
149 12
150 30
151 141
152 10
153 38
154 51
155 48
156 107
157 43
158 146
159 0
160 37
161 72
162 0
163 91
164 140
165 85
166 99
167 51
168 77
169 92
170 6
171 170
172 170
0 147
1 168
2 66
3 35
4 44
5 87
6 114
7 50
8 12
9 75
10 83
11 108
12 15
13 24
14 101
15 19
16 131
17 54
18 167
19 42
20 32
21 71
22 162
23 68
24 53
25 106
26 8
27 48
28 118
29 98
30 143
31 170
32 160
33 28
34 109
35 139
36 152
37 91
38 50
39 57
40 118
41 143
42 72
43 108
44 5
45 129
46 14
47 68
48 154
49 74
50 133
51 121
52 25
53 36
54 29
55 140
56 91
57 105
58 27
59 125
60 109
61 131
62 123
63 17
64 21
65 169
66 41
67 45
68 40
69 24
70 158
71 74
72 155
73 24
74 15
75 36
76 78
77 28
78 1
79 170
80 119
81 16
82 81
83 71
84 69
85 95
86 146
87 165
88 171
89 110
90 88
91 7
92 73
93 134
94 19
95 22
96 113
97 21
98 48
99 136
100 110
101 74
102 62
103 79
104 25
105 17
106 97
107 88
108 24
109 119
110 2
111 72
112 47
113 84
114 161
115 98
116 48
117 74
118 172
119 171
120 39
121 153
122 146
123 48
124 59
125 57
126 15
127 52
128 7
129 56
130 15
131 123
132 109
133 92
134 120
135 22
136 18
137 172
138 33
139 88
140 155
141 80
142 58
143 34
144 5
145 84
146 56
147 92
148 157
149 12
150 30
151 100
152 135
153 38
154 51
155 107
156 107
157 111
158 146
159 0
160 81
161 34
162 4
163 135
164 108
165 122
166 156
167 51
168 77
169 92
170 6
171 170
172 170
