0 7
1 106
2 25
3 20
4 225
5 93
6 297
7 216
8 275
9 36
10 242
11 252
12 125
13 82
14 258
15 33
16 206
17 281
18 132
19 257
20 57
21 242
22 49
23 129
24 31
25 0
26 92
27 124
28 277
29 91
30 257
31 29
32 271
33 308
34 51
35 99
36 180
37 50
38 79
39 176
40 49
41 52
42 86
43 15
44 305
45 205
46 68
47 6
48 219
49 253
50 211
51 33
52 98
53 9
54 202
55 195
56 270
57 222
58 295
59 44
60 221
61 96
62 8
63 36
64 150
65 255
66 216
67 179
68 237
69 140
70 99
71 288
72 75
73 124
74 184
75 99
76 286
77 33
78 122
79 303
80 117
81 136
82 134
83 296
84 267
85 235
86 160
87 59
88 33
89 125
90 75
91 51
92 67
93 117
94 3
95 154
96 33
97 80
98 134
99 79
100 100
101 100
102 257
103 35
104 109
105 52
106 123
107 79
108 303
109 109
110 107
111 26
112 271
113 149
114 227
115 41
116 285
117 222
118 163
119 25
120 141
121 5
122 21
123 26
124 253
125 63
126 57
127 148
128 104
129 243
130 170
131 170
132 80
133 202
134 252
135 135
136 9
137 81
138 203
139 186
140 279
141 201
142 153
143 252
144 233
145 284
146 278
147 31
148 88
149 298
150 147
151 132
152 162
153 255
154 257
155 79
156 156
157 40
158 301
159 294
160 9
161 281
162 193
163 151
164 152
165 239
166 241
167 304
168 190
169 152
170 2
171 275
172 73
173 211
174 199
175 126
176 93
177 80
178 297
179 157
180 250
181 156
182 125
183 176
184 167
185 11
186 34
187 213
188 242
189 179
190 110
191 290
192 60
193 262
194 70
195 51
196 24
197 73
198 122
199 132
200 277
201 285
202 152
203 59
204 150
205 156
206 34
207 96
208 68
209 195
210 194
211 47
212 211
213 307
214 164
215 215
216 163
217 279
218 228
219 299
220 62
221 278
222 219
223 253
224 52
225 227
226 17
227 265
228 215
229 272
230 150
231 52
232 122
233 262
234 253
235 26
236 65
237 166
238 232
239 239
240 18
241 196
242 65
243 278
244 60
245 87
246 49
247 160
248 20
249 93
250 10
251 90
252 129
253 246
254 32
255 5
256 40
257 120
258 203
259 46
260 121
261 291
262 135
263 294
264 202
265 168
266 115
267 101
268 92
269 208
270 68
271 123
272 101
273 295
274 110
275 211
276 69
277 9
278 205
279 227
280 81
281 99
282 50
283 264
284 261
285 13
286 152
287 187
288 262
289 87
290 136
291 18
292 193
293 220
294 197
295 123
296 90
297 267
298 60
299 132
300 279
301 79
302 162
303 13
304 239
305 88
306 67
307 205
308 235
309 189
0 244
1 106
2 53
3 20
4 225
5 93
6 297
7 216
8 96
9 36
10 242
11 25
12 125
13 82
14 258
15 180
16 206
17 281
18 132
19 257
20 6
21 242
22 34
23 31
24 31
25 61
26 266
27 124
28 168
29 91
30 245
31 29
32 267
33 308
34 51
35 224
36 180
37 50
38 101
39 125
40 49
41 2
42 56
43 15
44 140
45 205
46 68
47 238
48 219
49 253
50 211
51 33
52 8
53 9
54 202
55 195
56 106
57 222
58 256
59 44
60 221
61 241
62 53
63 195
64 92
65 11
66 253
67 179
68 237
69 244
70 99
71 179
72 258
73 154
74 184
75 287
76 304
77 111
78 122
79 303
80 308
81 187
82 201
83 268
84 307
85 235
86 241
87 59
88 33
89 75
90 72
91 51
92 190
93 196
94 65
95 154
96 33
97 270
98 134
99 106
100 100
101 100
102 300
103 35
104 270
105 52
106 123
107 158
108 239
109 109
110 115
111 26
112 271
113 94
114 15
115 41
116 1
117 222
118 244
119 25
120 233
121 113
122 39
123 26
124 74
125 63
126 57
127 166
128 104
129 276
130 170
131 208
132 80
133 202
134 252
135 135
136 9
137 81
138 203
139 80
140 178
141 128
142 17
143 252
144 233
145 14
146 278
147 69
148 88
149 298
150 147
151 132
152 162
153 255
154 219
155 257
156 156
157 15
158 48
159 294
160 9
161 284
162 193
163 151
164 289
165 240
166 241
167 152
168 190
169 134
170 170
171 55
172 99
173 211
174 38
175 126
176 93
177 80
178 297
179 280
180 209
181 28
182 197
183 189
184 167
185 11
186 202
187 261
188 135
189 179
190 110
191 290
192 60
193 262
194 76
195 51
196 24
197 169
198 290
199 87
200 41
201 285
202 152
203 51
204 34
205 156
206 275
207 91
208 216
209 195
210 135
211 168
212 211
213 237
214 164
215 160
216 163
217 279
218 193
219 299
220 62
221 6
222 91
223 253
224 52
225 150
226 254
227 309
228 39
229 87
230 59
231 52
232 246
233 163
234 253
235 26
236 121
237 160
238 232
239 102
240 84
241 86
242 266
243 278
244 93
245 279
246 75
247 160
248 20
249 66
250 153
251 90
252 129
253 110
254 186
255 5
256 40
257 260
258 281
259 46
260 30
261 153
262 157
263 1
264 181
265 278
266 168
267 151
268 92
269 208
270 68
271 183
272 101
273 244
274 282
275 299
276 69
277 242
278 205
279 227
280 81
281 99
282 304
283 264
284 261
285 13
286 152
287 130
288 262
289 87
290 203
291 38
292 193
293 210
294 197
295 103
296 149
297 267
298 60
299 67
300 279
301 79
302 97
303 307
304 14
305 158
306 2
307 0
308 235
309 268
