0 168
1 221
2 139
3 162
4 103
5 122
6 169
7 7
8 300
9 123
10 137
11 66
12 277
13 100
14 169
15 68
16 214
17 230
18 285
19 30
20 90
21 307
22 17
23 267
24 100
25 113
26 232
27 43
28 201
29 41
30 220
31 283
32 19
33 40
34 187
35 222
36 76
37 129
38 256
39 37
40 195
41 47
42 11
43 301
44 174
45 265
46 221
47 203
48 229
49 28
50 168
51 214
52 205
53 275
54 143
55 55
56 170
57 246
58 4
59 194
60 274
61 122
62 152
63 230
64 32
65 137
66 199
67 280
68 238
69 43
70 49
71 83
72 1
73 293
74 170
75 299
76 275
77 44
78 169
79 235
80 194
81 144
82 281
83 149
84 123
85 266
86 264
87 187
88 309
89 242
90 77
91 242
92 149
93 254
94 9
95 149
96 100
97 24
98 41
99 231
100 74
101 75
102 256
103 246
104 114
105 12
106 123
107 169
108 85
109 0
110 231
111 282
112 279
113 186
114 115
115 161
116 233
117 248
118 294
119 192
120 34
121 164
122 61
123 138
124 168
125 209
126 115
127 111
128 247
129 266
130 167
131 220
132 227
133 252
134 296
135 43
136 145
137 190
138 271
139 159
140 158
141 284
142 132
143 150
144 195
145 190
146 76
147 17
148 53
149 180
150 157
151 103
152 269
153 91
154 232
155 200
156 297
157 19
158 169
159 39
160 194
161 76
162 6
163 253
164 121
165 234
166 176
167 144
168 154
169 206
170 6
171 9
172 50
173 263
174 36
175 165
176 215
177 46
178 178
179 14
180 2
181 189
182 75
183 246
184 276
185 207
186 298
187 266
188 78
189 256
190 21
191 142
192 45
193 117
194 185
195 75
196 63
197 24
198 57
199 284
200 228
201 271
202 190
203 11
204 100
205 54
206 298
207 296
208 113
209 108
210 23
211 142
212 87
213 250
214 214
215 102
216 57
217 51
218 232
219 298
220 128
221 53
222 284
223 189
224 2
225 290
226 9
227 104
228 50
229 185
230 269
231 135
232 133
233 304
234 49
235 293
236 107
237 275
238 153
239 239
240 303
241 3
242 144
243 228
244 146
245 232
246 13
247 65
248 56
249 72
250 143
251 124
252 9
253 76
254 199
255 90
256 107
257 186
258 206
259 195
260 207
261 239
262 86
263 38
264 184
265 13
266 267
267 62
268 170
269 194
270 179
271 68
272 35
273 280
274 201
275 46
276 51
277 96
278 29
279 92
280 98
281 295
282 291
283 98
284 169
285 92
286 184
287 179
288 38
289 190
290 52
291 116
292 188
293 224
294 131
295 199
296 239
297 260
298 180
299 134
300 39
301 165
302 119
303 152
304 80
305 67
306 82
307 82
308 109
309 200
0 80
1 89
2 152
3 230
4 20
5 122
6 303
7 305
8 300
9 123
10 260
11 80
12 277
13 100
14 155
15 68
16 293
17 217
18 285
19 246
20 252
21 184
22 122
23 267
24 100
25 188
26 232
27 103
28 201
29 176
30 263
31 281
32 250
33 40
34 187
35 77
36 76
37 129
38 9
39 6
40 195
41 139
42 11
43 302
44 174
45 254
46 308
47 203
48 229
49 140
50 14
51 214
52 151
53 252
54 116
55 55
56 265
57 187
58 145
59 226
60 274
61 122
62 152
63 250
64 32
65 137
66 199
67 208
68 260
69 280
70 49
71 171
72 103
73 293
74 170
75 299
76 275
77 2
78 32
79 73
80 194
81 144
82 281
83 149
84 105
85 262
86 260
87 125
88 309
89 184
90 300
91 242
92 226
93 254
94 15
95 202
96 100
97 24
98 41
99 231
100 52
101 9
102 256
103 246
104 86
105 12
106 88
107 47
108 85
109 280
110 231
111 235
112 279
113 186
114 71
115 161
116 95
117 248
118 168
119 83
120 34
121 127
122 61
123 271
124 168
125 209
126 115
127 258
128 247
129 123
130 302
131 220
132 227
133 252
134 167
135 43
136 145
137 117
138 25
139 240
140 255
141 284
142 138
143 150
144 111
145 147
146 76
147 17
148 245
149 225
150 103
151 103
152 75
153 91
154 275
155 0
156 178
157 44
158 169
159 39
160 58
161 6
162 6
163 231
164 145
165 71
166 176
167 116
168 154
169 112
170 267
171 274
172 162
173 263
174 36
175 97
176 215
177 46
178 178
179 14
180 237
181 98
182 130
183 244
184 276
185 207
186 298
187 266
188 300
189 256
190 21
191 142
192 198
193 117
194 168
195 227
196 63
197 146
198 57
199 284
200 228
201 271
202 190
203 37
204 100
205 240
206 298
207 130
208 154
209 172
210 18
211 283
212 241
213 154
214 7
215 22
216 218
217 48
218 168
219 298
220 7
221 264
222 284
223 83
224 155
225 290
226 9
227 89
228 248
229 185
230 269
231 155
232 232
233 50
234 49
235 293
236 107
237 26
238 294
239 239
240 292
241 145
242 93
243 228
244 146
245 161
246 149
247 28
248 56
249 86
250 247
251 124
252 181
253 76
254 294
255 244
256 181
257 115
258 206
259 273
260 207
261 121
262 86
263 172
264 68
265 13
266 161
267 111
268 170
269 194
270 277
271 68
272 35
273 280
274 224
275 121
276 51
277 96
278 114
279 136
280 98
281 295
282 74
283 166
284 152
285 92
286 184
287 165
288 38
289 44
290 272
291 102
292 207
293 138
294 89
295 193
296 239
297 69
298 180
299 224
300 39
301 286
302 119
303 152
304 7
305 258
306 26
307 82
308 109
309 200
