0 23
1 277
2 92
3 94
4 65
5 71
6 297
7 257
8 128
9 214
10 172
11 9
12 42
13 131
14 169
15 193
16 163
17 233
18 158
19 161
20 253
21 241
22 171
23 152
24 226
25 215
26 106
27 55
28 190
29 15
30 262
31 71
32 23
33 39
34 174
35 26
36 187
37 220
38 239
39 219
40 2
41 169
42 53
43 174
44 282
45 133
46 65
47 287
48 164
49 161
50 68
51 9
52 150
53 266
54 155
55 264
56 2
57 188
58 219
59 90
60 108
61 192
62 168
63 182
64 205
65 103
66 42
67 12
68 37
69 166
70 253
71 108
72 300
73 219
74 215
75 149
76 231
77 235
78 32
79 8
80 238
81 71
82 73
83 177
84 226
85 81
86 32
87 51
88 155
89 240
90 238
91 147
92 139
93 41
94 242
95 174
96 5
97 285
98 281
99 83
100 241
101 53
102 220
103 167
104 96
105 194
106 221
107 180
108 221
109 270
110 145
111 125
112 236
113 173
114 306
115 198
116 138
117 234
118 94
119 83
120 44
121 273
122 138
123 300
124 141
125 141
126 63
127 67
128 152
129 156
130 90
131 186
132 63
133 56
134 205
135 299
136 96
137 146
138 305
139 163
140 295
141 275
142 58
143 33
144 276
145 27
146 243
147 32
148 161
149 291
150 9
151 91
152 55
153 196
154 73
155 21
156 19
157 241
158 40
159 185
160 77
161 255
162 295
163 107
164 3
165 47
166 134
167 133
168 79
169 283
170 34
171 217
172 105
173 289
174 181
175 52
176 262
177 35
178 297
179 297
180 75
181 0
182 292
183 89
184 104
185 132
186 300
187 126
188 295
189 298
190 176
191 64
192 257
193 286
194 295
195 169
196 277
197 183
198 98
199 21
200 8
201 58
202 198
203 88
204 69
205 66
206 111
207 4
208 291
209 75
210 25
211 190
212 263
213 200
214 30
215 295
216 252
217 30
218 230
219 92
220 12
221 273
222 103
223 241
224 174
225 9
226 308
227 122
228 197
229 152
230 292
231 154
232 62
233 210
234 114
235 268
236 245
237 47
238 190
239 216
240 149
241 15
242 33
243 274
244 112
245 163
246 154
247 147
248 108
249 222
250 209
251 123
252 96
253 270
254 50
255 155
256 204
257 51
258 43
259 26
260 21
261 124
262 38
263 147
264 170
265 7
266 249
267 284
268 141
269 124
270 123
271 29
272 68
273 11
274 242
275 85
276 173
277 104
278 113
279 228
280 14
281 232
282 242
283 59
284 305
285 264
286 76
287 21
288 184
289 217
290 152
291 154
292 40
293 6
294 62
295 58
296 271
297 118
298 44
299 74
300 121
301 145
302 26
303 108
304 252
305 154
306 218
307 86
308 239
309 241
0 23
1 277
2 92
3 24
4 65
5 237
6 31
7 217
8 128
9 103
10 65
11 139
12 10
13 98
14 294
15 275
16 126
17 103
18 236
19 27
20 253
21 45
22 73
23 0
24 191
25 215
26 309
27 17
28 30
29 149
30 262
31 71
32 163
33 47
34 154
35 26
36 187
37 206
38 43
39 125
40 203
41 169
42 10
43 174
44 301
45 110
46 164
47 287
48 15
49 161
50 68
51 211
52 40
53 278
54 258
55 264
56 2
57 180
58 302
59 90
60 108
61 218
62 168
63 0
64 133
65 298
66 297
67 12
68 75
69 174
70 253
71 108
72 300
73 210
74 202
75 161
76 1
77 107
78 32
79 280
80 238
81 269
82 298
83 177
84 226
85 91
86 32
87 191
88 265
89 240
90 210
91 147
92 218
93 205
94 237
95 174
96 19
97 127
98 226
99 83
100 277
101 53
102 123
103 167
104 289
105 194
106 4
107 180
108 290
109 270
110 74
111 175
112 189
113 173
114 306
115 198
116 229
117 234
118 94
119 83
120 180
121 273
122 180
123 72
124 141
125 141
126 22
127 238
128 6
129 270
130 163
131 52
132 63
133 56
134 205
135 299
136 259
137 294
138 305
139 85
140 223
141 275
142 58
143 126
144 276
145 20
146 145
147 83
148 109
149 291
150 9
151 38
152 64
153 196
154 117
155 21
156 288
157 299
158 40
159 185
160 297
161 85
162 295
163 129
164 3
165 191
166 139
167 309
168 74
169 283
170 34
171 267
172 15
173 91
174 179
175 122
176 262
177 35
178 184
179 61
180 273
181 0
182 292
183 280
184 264
185 132
186 300
187 126
188 87
189 298
190 176
191 206
192 108
193 286
194 184
195 150
196 207
197 183
198 98
199 3
200 295
201 58
202 20
203 88
204 69
205 66
206 73
207 4
208 276
209 96
210 25
211 21
212 207
213 200
214 52
215 295
216 141
217 162
218 230
219 58
220 12
221 273
222 148
223 183
224 174
225 208
226 198
227 303
228 244
229 150
230 122
231 154
232 183
233 210
234 153
235 292
236 245
237 153
238 190
239 97
240 288
241 15
242 33
243 12
244 42
245 169
246 154
247 245
248 216
249 222
250 33
251 201
252 96
253 284
254 26
255 155
256 193
257 51
258 178
259 26
260 21
261 124
262 276
263 147
264 170
265 7
266 278
267 30
268 141
269 23
270 190
271 29
272 179
273 12
274 15
275 85
276 75
277 233
278 49
279 218
280 14
281 131
282 242
283 59
284 153
285 264
286 76
287 231
288 224
289 217
290 249
291 154
292 40
293 6
294 62
295 41
296 245
297 294
298 44
299 210
300 121
301 125
302 26
303 161
304 252
305 154
306 218
307 274
308 239
309 241
