0 271
1 169
2 69
3 148
4 163
5 23
6 268
7 234
8 200
9 167
10 137
11 236
12 193
13 50
14 213
15 276
16 148
17 189
18 189
19 309
20 148
21 228
22 11
23 10
24 258
25 139
26 294
27 123
28 48
29 264
30 56
31 297
32 34
33 217
34 153
35 197
36 266
37 15
38 283
39 157
40 283
41 242
42 163
43 250
44 45
45 50
46 139
47 172
48 246
49 134
50 228
51 270
52 294
53 23
54 48
55 137
56 24
57 45
58 288
59 79
60 25
61 87
62 305
63 202
64 260
65 128
66 170
67 60
68 260
69 100
70 145
71 225
72 243
73 144
74 74
75 231
76 86
77 298
78 161
79 293
80 140
81 290
82 230
83 245
84 248
85 219
86 138
87 304
88 31
89 304
90 55
91 256
92 158
93 4
94 122
95 159
96 180
97 40
98 292
99 293
100 193
101 309
102 259
103 97
104 123
105 85
106 91
107 130
108 238
109 0
110 150
111 208
112 20
113 167
114 237
115 42
116 216
117 309
118 192
119 283
120 40
121 143
122 172
123 281
124 59
125 235
126 292
127 161
128 73
129 211
130 233
131 60
132 147
133 69
134 40
135 190
136 151
137 143
138 148
139 293
140 225
141 96
142 91
143 278
144 83
145 184
146 133
147 87
148 229
149 165
150 291
151 14
152 122
153 139
154 244
155 262
156 116
157 263
158 47
159 85
160 23
161 234
162 164
163 131
164 293
165 247
166 53
167 280
168 286
169 293
170 300
171 263
172 258
173 76
174 151
175 24
176 108
177 38
178 41
179 252
180 186
181 143
182 235
183 307
184 118
185 9
186 186
187 278
188 160
189 56
190 108
191 111
192 279
193 230
194 27
195 302
196 6
197 72
198 285
199 289
200 193
201 28
202 73
203 135
204 66
205 232
206 21
207 269
208 211
209 160
210 186
211 94
212 257
213 224
214 145
215 84
216 96
217 83
218 111
219 207
220 166
221 76
222 6
223 274
224 128
225 81
226 91
227 118
228 173
229 131
230 46
231 74
232 36
233 101
234 186
235 136
236 168
237 29
238 99
239 146
240 241
241 99
242 62
243 253
244 172
245 100
246 124
247 98
248 106
249 103
250 251
251 285
252 284
253 291
254 1
255 286
256 75
257 156
258 3
259 151
260 302
261 94
262 88
263 209
264 207
265 120
266 34
267 297
268 145
269 215
270 14
271 304
272 103
273 16
274 28
275 164
276 18
277 38
278 153
279 122
280 289
281 170
282 65
283 116
284 207
285 274
286 219
287 276
288 159
289 173
290 82
291 280
292 138
293 134
294 107
295 295
296 37
297 151
298 13
299 226
300 182
301 230
302 109
303 150
304 72
305 54
306 141
307 121
308 85
309 84
0 205
1 35
2 69
3 122
4 163
5 23
6 112
7 234
8 200
9 167
10 137
11 236
12 193
13 73
14 257
15 276
16 181
17 128
18 189
19 309
20 148
21 228
22 111
23 10
24 94
25 74
26 44
27 123
28 48
29 264
30 51
31 57
32 34
33 217
34 153
35 197
36 266
37 189
38 283
39 157
40 299
41 242
42 179
43 250
44 207
45 179
46 139
47 172
48 250
49 134
50 85
51 270
52 154
53 38
54 271
55 137
56 308
57 101
58 87
59 79
60 207
61 193
62 305
63 223
64 260
65 57
66 170
67 60
68 260
69 270
70 36
71 274
72 195
73 144
74 27
75 231
76 38
77 182
78 161
79 293
80 140
81 234
82 230
83 2
84 248
85 258
86 307
87 121
88 31
89 304
90 1
91 168
92 158
93 4
94 122
95 159
96 160
97 244
98 292
99 293
100 162
101 309
102 259
103 201
104 161
105 85
106 70
107 151
108 286
109 0
110 306
111 208
112 20
113 157
114 44
115 32
116 19
117 231
118 192
119 283
120 105
121 183
122 172
123 281
124 192
125 235
126 292
127 119
128 73
129 211
130 233
131 60
132 39
133 102
134 40
135 262
136 117
137 79
138 148
139 293
140 242
141 96
142 89
143 20
144 83
145 206
146 144
147 87
148 229
149 165
150 291
151 164
152 216
153 139
154 197
155 262
156 116
157 215
158 47
159 144
160 239
161 33
162 164
163 188
164 122
165 247
166 171
167 49
168 286
169 289
170 234
171 231
172 258
173 76
174 189
175 12
176 238
177 38
178 174
179 71
180 186
181 143
182 170
183 96
184 118
185 9
186 186
187 159
188 160
189 56
190 108
191 111
192 279
193 250
194 27
195 302
196 74
197 72
198 235
199 289
200 193
201 28
202 161
203 284
204 66
205 161
206 303
207 30
208 81
209 84
210 186
211 94
212 131
213 224
214 145
215 84
216 23
217 288
218 229
219 207
220 250
221 76
222 6
223 274
224 280
225 81
226 32
227 162
228 246
229 98
230 46
231 38
232 36
233 101
234 85
235 30
236 15
237 143
238 99
239 146
240 241
241 225
242 62
243 126
244 226
245 100
246 124
247 116
248 251
249 103
250 235
251 110
252 284
253 291
254 30
255 291
256 134
257 156
258 3
259 181
260 302
261 94
262 163
263 288
264 207
265 120
266 250
267 23
268 284
269 26
270 44
271 304
272 212
273 68
274 163
275 32
276 100
277 38
278 153
279 20
280 289
281 170
282 65
283 116
284 207
285 250
286 219
287 292
288 300
289 269
290 82
291 103
292 96
293 134
294 180
295 141
296 37
297 89
298 280
299 226
300 182
301 38
302 153
303 150
304 113
305 247
306 141
307 23
308 85
309 84
