0 4
1 200
2 60
3 263
4 146
5 136
6 101
7 42
8 190
9 160
10 300
11 29
12 298
13 2
14 119
15 298
16 46
17 30
18 97
19 10
20 294
21 309
22 309
23 46
24 49
25 106
26 121
27 306
28 202
29 127
30 269
31 300
32 194
33 293
34 73
35 172
36 211
37 160
38 9
39 175
40 241
41 185
42 287
43 195
44 138
45 138
46 152
47 87
48 198
49 41
50 40
51 168
52 244
53 300
54 269
55 301
56 61
57 65
58 240
59 44
60 86
61 239
62 224
63 167
64 249
65 192
66 298
67 66
68 104
69 251
70 171
71 306
72 51
73 95
74 277
75 95
76 189
77 35
78 278
79 76
80 248
81 102
82 257
83 145
84 110
85 261
86 290
87 117
88 114
89 218
90 304
91 217
92 59
93 236
94 170
95 134
96 23
97 225
98 83
99 174
100 77
101 137
102 155
103 172
104 71
105 23
106 254
107 120
108 256
109 27
110 185
111 131
112 57
113 301
114 163
115 263
116 254
117 144
118 218
119 221
120 30
121 104
122 134
123 10
124 40
125 204
126 157
127 275
128 77
129 130
130 254
131 112
132 211
133 155
134 117
135 33
136 288
137 5
138 194
139 179
140 200
141 100
142 144
143 39
144 146
145 171
146 69
147 188
148 306
149 255
150 66
151 291
152 281
153 58
154 30
155 183
156 252
157 160
158 171
159 286
160 60
161 68
162 127
163 187
164 227
165 159
166 143
167 182
168 263
169 78
170 53
171 243
172 3
173 8
174 107
175 177
176 104
177 96
178 82
179 111
180 51
181 139
182 94
183 223
184 166
185 255
186 33
187 120
188 126
189 303
190 81
191 99
192 174
193 147
194 200
195 187
196 273
197 165
198 47
199 118
200 217
201 79
202 63
203 259
204 173
205 80
206 94
207 269
208 97
209 260
210 41
211 93
212 49
213 120
214 24
215 220
216 184
217 185
218 156
219 191
220 163
221 60
222 293
223 161
224 266
225 246
226 35
227 106
228 22
229 291
230 126
231 293
232 59
233 254
234 161
235 16
236 301
237 200
238 230
239 68
240 72
241 91
242 0
243 233
244 197
245 298
246 231
247 215
248 23
249 283
250 11
251 58
252 178
253 110
254 178
255 133
256 23
257 174
258 306
259 79
260 10
261 137
262 279
263 261
264 53
265 103
266 255
267 227
268 169
269 230
270 275
271 42
272 226
273 108
274 50
275 105
276 19
277 2
278 234
279 261
280 83
281 55
282 127
283 72
284 166
285 142
286 105
287 123
288 154
289 81
290 0
291 306
292 193
293 128
294 159
295 274
296 185
297 277
298 96
299 23
300 13
301 260
302 51
303 241
304 101
305 195
306 228
307 33
308 68
309 59
0 273
1 26
2 179
3 3
4 252
5 136
6 147
7 29
8 190
9 154
10 300
11 29
12 298
13 24
14 284
15 165
16 46
17 30
18 97
19 10
20 214
21 57
22 295
23 46
24 49
25 106
26 175
27 306
28 306
29 113
30 269
31 300
32 53
33 293
34 2
35 172
36 117
37 160
38 9
39 240
40 241
41 211
42 287
43 195
44 131
45 138
46 196
47 207
48 198
49 41
50 40
51 240
52 55
53 300
54 20
55 29
56 281
57 65
58 223
59 44
60 86
61 239
62 224
63 11
64 82
65 147
66 21
67 96
68 104
69 126
70 171
71 306
72 7
73 57
74 209
75 7
76 189
77 167
78 19
79 195
80 248
81 102
82 257
83 145
84 110
85 261
86 182
87 190
88 250
89 218
90 178
91 287
92 59
93 236
94 259
95 90
96 204
97 225
98 83
99 11
100 133
101 204
102 155
103 172
104 71
105 215
106 254
107 187
108 4
109 27
110 171
111 131
112 62
113 292
114 252
115 104
116 56
117 144
118 306
119 221
120 30
121 104
122 110
123 10
124 40
125 43
126 157
127 51
128 77
129 297
130 254
131 199
132 211
133 155
134 50
135 189
136 288
137 116
138 194
139 283
140 44
141 100
142 105
143 39
144 146
145 181
146 69
147 188
148 8
149 211
150 66
151 291
152 93
153 58
154 30
155 183
156 252
157 160
158 78
159 178
160 60
161 301
162 127
163 187
164 40
165 159
166 143
167 23
168 161
169 78
170 53
171 243
172 3
173 8
174 55
175 174
176 186
177 96
178 82
179 170
180 51
181 98
182 247
183 250
184 149
185 243
186 267
187 120
188 113
189 123
190 146
191 92
192 11
193 147
194 209
195 91
196 273
197 165
198 47
199 118
200 273
201 79
202 63
203 110
204 109
205 80
206 94
207 269
208 90
209 211
210 8
211 93
212 67
213 115
214 37
215 89
216 184
217 185
218 302
219 204
220 163
221 142
222 58
223 286
224 86
225 117
226 35
227 104
228 82
229 291
230 289
231 169
232 59
233 280
234 209
235 233
236 18
237 200
238 303
239 249
240 72
241 91
242 105
243 233
244 211
245 298
246 214
247 240
248 268
249 156
250 11
251 58
252 178
253 110
254 178
255 133
256 53
257 174
258 244
259 217
260 10
261 62
262 279
263 127
264 53
265 47
266 86
267 112
268 21
269 249
270 148
271 9
272 250
273 108
274 216
275 105
276 19
277 137
278 53
279 261
280 70
281 55
282 238
283 72
284 166
285 142
286 105
287 123
288 176
289 186
290 0
291 79
292 193
293 244
294 159
295 133
296 288
297 193
298 131
299 257
300 213
301 286
302 51
303 79
304 124
305 64
306 186
307 159
308 68
309 150
