0 281
1 266
2 141
3 238
4 31
5 71
6 125
7 224
8 210
9 10
10 297
11 36
12 80
13 148
14 129
15 164
16 143
17 290
18 285
19 214
20 130
21 270
22 202
23 245
24 296
25 116
26 301
27 217
28 137
29 113
30 143
31 275
32 208
33 197
34 208
35 83
36 248
37 70
38 210
39 154
40 54
41 122
42 53
43 307
44 91
45 32
46 124
47 132
48 231
49 35
50 99
51 277
52 40
53 219
54 234
55 199
56 122
57 107
58 226
59 11
60 280
61 136
62 215
63 85
64 82
65 226
66 81
67 40
68 57
69 276
70 34
71 85
72 277
73 149
74 304
75 196
76 247
77 158
78 36
79 92
80 153
81 236
82 287
83 53
84 94
85 50
86 175
87 262
88 220
89 151
90 119
91 141
92 38
93 287
94 152
95 87
96 76
97 49
98 61
99 24
100 89
101 151
102 167
103 100
104 77
105 263
106 6
107 296
108 256
109 249
110 237
111 157
112 69
113 262
114 127
115 246
116 32
117 301
118 98
119 232
120 288
121 244
122 185
123 100
124 236
125 260
126 196
127 71
128 268
129 138
130 70
131 210
132 73
133 278
134 141
135 37
136 147
137 273
138 180
139 154
140 128
141 9
142 51
143 72
144 246
145 297
146 36
147 79
148 75
149 300
150 41
151 308
152 185
153 10
154 97
155 307
156 29
157 41
158 142
159 132
160 258
161 222
162 175
163 286
164 52
165 45
166 72
167 17
168 218
169 117
170 195
171 246
172 14
173 187
174 61
175 292
176 19
177 103
178 283
179 287
180 161
181 192
182 15
183 232
184 256
185 29
186 305
187 130
188 90
189 223
190 232
191 178
192 205
193 256
194 177
195 188
196 99
197 212
198 97
199 1
200 183
201 159
202 53
203 152
204 273
205 195
206 220
207 159
208 52
209 29
210 293
211 236
212 182
213 257
214 14
215 102
216 88
217 267
218 189
219 187
220 105
221 180
222 164
223 203
224 103
225 103
226 230
227 140
228 22
229 80
230 46
231 51
232 121
233 25
234 47
235 194
236 131
237 75
238 104
239 65
240 160
241 162
242 86
243 200
244 305
245 276
246 190
247 295
248 127
249 14
250 37
251 135
252 77
253 44
254 253
255 238
256 2
257 215
258 188
259 79
260 76
261 269
262 54
263 252
264 224
265 50
266 77
267 270
268 126
269 250
270 90
271 304
272 203
273 125
274 19
275 237
276 88
277 170
278 252
279 32
280 67
281 278
282 227
283 157
284 111
285 117
286 165
287 303
288 39
289 202
290 190
291 98
292 248
293 234
294 118
295 226
296 235
297 52
298 20
299 3
300 285
301 115
302 162
303 284
304 239
305 256
306 22
307 204
308 152
309 22
0 284
1 88
2 301
3 159
4 31
5 139
6 125
7 285
8 210
9 128
10 58
11 133
12 80
13 293
14 129
15 164
16 286
17 290
18 15
19 98
20 234
21 87
22 218
23 245
24 296
25 172
26 301
27 217
28 90
29 140
30 143
31 211
32 208
33 197
34 42
35 83
36 248
37 70
38 210
39 154
40 54
41 122
42 117
43 253
44 306
45 32
46 37
47 57
48 231
49 111
50 136
51 277
52 40
53 50
54 272
55 199
56 122
57 178
58 123
59 88
60 280
61 129
62 204
63 85
64 58
65 280
66 174
67 138
68 57
69 44
70 81
71 294
72 277
73 149
74 41
75 67
76 247
77 158
78 36
79 273
80 31
81 300
82 283
83 239
84 37
85 50
86 242
87 197
88 2
89 151
90 182
91 233
92 38
93 287
94 148
95 92
96 76
97 26
98 267
99 24
100 89
101 151
102 167
103 258
104 124
105 263
106 6
107 287
108 241
109 271
110 237
111 104
112 273
113 262
114 127
115 11
116 298
117 301
118 106
119 40
120 288
121 244
122 137
123 109
124 283
125 284
126 174
127 84
128 268
129 174
130 70
131 265
132 73
133 278
134 141
135 292
136 147
137 225
138 189
139 38
140 128
141 120
142 35
143 199
144 278
145 15
146 284
147 79
148 290
149 173
150 41
151 16
152 95
153 10
154 97
155 252
156 36
157 107
158 142
159 132
160 251
161 222
162 27
163 17
164 52
165 45
166 88
167 153
168 218
169 117
170 195
171 147
172 288
173 204
174 152
175 18
176 145
177 103
178 283
179 287
180 161
181 192
182 77
183 232
184 41
185 29
186 170
187 130
188 277
189 94
190 232
191 199
192 5
193 133
194 4
195 63
196 50
197 212
198 97
199 1
200 183
201 159
202 53
203 304
204 234
205 304
206 220
207 254
208 52
209 179
210 186
211 236
212 236
213 211
214 301
215 84
216 88
217 267
218 72
219 187
220 105
221 180
222 164
223 203
224 225
225 85
226 230
227 284
228 274
229 80
230 212
231 51
232 194
233 262
234 126
235 203
236 258
237 81
238 104
239 68
240 160
241 162
242 196
243 154
244 305
245 276
246 176
247 46
248 86
249 80
250 145
251 135
252 5
253 136
254 253
255 30
256 45
257 290
258 132
259 79
260 239
261 269
262 195
263 252
264 224
265 147
266 10
267 23
268 126
269 250
270 90
271 243
272 203
273 274
274 19
275 122
276 88
277 300
278 69
279 32
280 67
281 175
282 304
283 157
284 75
285 258
286 101
287 131
288 293
289 102
290 179
291 98
292 5
293 246
294 132
295 191
296 292
297 222
298 218
299 309
300 15
301 281
302 162
303 208
304 241
305 136
306 22
307 141
308 158
309 85
