0 158
1 88
2 152
3 177
4 52
5 252
6 49
7 183
8 150
9 255
10 18
11 206
12 295
13 257
14 164
15 166
16 97
17 226
18 14
19 81
20 51
21 300
22 191
23 139
24 57
25 204
26 130
27 207
28 157
29 200
30 112
31 76
32 118
33 67
34 219
35 67
36 306
37 69
38 252
39 26
40 95
41 82
42 262
43 107
44 192
45 93
46 259
47 195
48 59
49 89
50 34
51 235
52 150
53 58
54 57
55 227
56 200
57 190
58 124
59 172
60 153
61 285
62 87
63 147
64 234
65 92
66 82
67 282
68 243
69 200
70 156
71 47
72 259
73 210
74 20
75 257
76 272
77 291
78 159
79 28
80 216
81 29
82 184
83 124
84 127
85 52
86 271
87 44
88 280
89 158
90 266
91 183
92 82
93 197
94 31
95 215
96 216
97 69
98 306
99 17
100 263
101 235
102 121
103 204
104 204
105 44
106 226
107 223
108 297
109 218
110 147
111 194
112 192
113 39
114 258
115 98
116 20
117 131
118 157
119 210
120 80
121 220
122 36
123 57
124 212
125 9
126 201
127 74
128 99
129 218
130 20
131 31
132 137
133 76
134 174
135 252
136 227
137 305
138 180
139 152
140 259
141 36
142 286
143 265
144 25
145 64
146 193
147 116
148 233
149 89
150 118
151 23
152 136
153 67
154 79
155 261
156 45
157 291
158 257
159 243
160 275
161 220
162 157
163 288
164 42
165 8
166 12
167 204
168 139
169 18
170 24
171 205
172 262
173 18
174 50
175 262
176 142
177 197
178 110
179 171
180 215
181 264
182 227
183 261
184 34
185 111
186 76
187 109
188 177
189 172
190 302
191 25
192 287
193 103
194 69
195 101
196 258
197 136
198 304
199 264
200 214
201 187
202 205
203 89
204 106
205 137
206 56
207 88
208 109
209 244
210 284
211 256
212 225
213 212
214 121
215 45
216 274
217 168
218 228
219 63
220 271
221 31
222 129
223 270
224 40
225 151
226 160
227 252
228 256
229 121
230 257
231 104
232 21
233 241
234 251
235 166
236 242
237 294
238 147
239 216
240 296
241 15
242 1
243 304
244 224
245 57
246 306
247 82
248 231
249 70
250 280
251 145
252 81
253 7
254 159
255 287
256 172
257 168
258 74
259 37
260 19
261 256
262 191
263 304
264 264
265 124
266 163
267 221
268 178
269 131
270 37
271 225
272 135
273 208
274 94
275 217
276 256
277 284
278 4
279 276
280 202
281 1
282 164
283 241
284 208
285 63
286 140
287 181
288 111
289 227
290 64
291 194
292 305
293 304
294 10
295 124
296 102
297 253
298 150
299 263
300 113
301 173
302 140
303 104
304 169
305 239
306 41
307 218
308 134
309 266
0 198
1 88
2 152
3 217
4 52
5 252
6 11
7 210
8 191
9 255
10 303
11 206
12 122
13 257
14 125
15 166
16 97
17 226
18 14
19 81
20 51
21 90
22 37
23 139
24 57
25 207
26 90
27 81
28 157
29 37
30 240
31 109
32 127
33 137
34 303
35 192
36 278
37 69
38 190
39 26
40 285
41 107
42 133
43 292
44 258
45 93
46 259
47 153
48 67
49 166
50 92
51 167
52 121
53 58
54 57
55 31
56 60
57 190
58 274
59 134
60 153
61 285
62 263
63 258
64 226
65 92
66 207
67 197
68 26
69 7
70 156
71 47
72 189
73 210
74 20
75 136
76 272
77 62
78 204
79 28
80 108
81 31
82 184
83 124
84 135
85 52
86 62
87 44
88 280
89 283
90 266
91 106
92 82
93 197
94 31
95 215
96 216
97 69
98 306
99 226
100 116
101 68
102 276
103 204
104 76
105 265
106 181
107 223
108 297
109 218
110 174
111 194
112 192
113 39
114 180
115 98
116 167
117 211
118 230
119 68
120 80
121 102
122 36
123 276
124 212
125 9
126 201
127 132
128 137
129 245
130 239
131 31
132 229
133 113
134 194
135 252
136 227
137 305
138 222
139 206
140 178
141 36
142 286
143 265
144 25
145 64
146 75
147 218
148 221
149 225
150 65
151 23
152 47
153 19
154 79
155 33
156 91
157 139
158 257
159 245
160 275
161 220
162 64
163 203
164 258
165 102
166 12
167 292
168 285
169 164
170 24
171 205
172 123
173 18
174 198
175 262
176 142
177 239
178 110
179 238
180 82
181 303
182 258
183 221
184 34
185 111
186 76
187 109
188 177
189 115
190 302
191 25
192 287
193 194
194 13
195 303
196 258
197 136
198 110
199 239
200 129
201 165
202 227
203 71
204 282
205 137
206 206
207 255
208 42
209 141
210 74
211 256
212 225
213 212
214 121
215 148
216 274
217 168
218 245
219 63
220 107
221 249
222 282
223 0
224 62
225 48
226 160
227 52
228 256
229 211
230 257
231 104
232 60
233 94
234 94
235 166
236 54
237 216
238 147
239 216
240 296
241 27
242 1
243 304
244 263
245 57
246 31
247 240
248 216
249 70
250 138
251 145
252 75
253 38
254 205
255 287
256 172
257 35
258 74
259 152
260 170
261 165
262 230
263 171
264 43
265 216
266 163
267 38
268 113
269 131
270 37
271 197
272 3
273 295
274 94
275 217
276 259
277 116
278 4
279 276
280 124
281 196
282 8
283 254
284 96
285 234
286 140
287 181
288 180
289 227
290 64
291 194
292 305
293 183
294 10
295 124
296 102
297 253
298 233
299 224
300 113
301 173
302 199
303 16
304 305
305 170
306 41
307 218
308 134
309 266
