0 256
1 115
2 47
3 161
4 105
5 144
6 153
7 224
8 218
9 14
10 134
11 38
12 259
13 81
14 123
15 156
16 154
17 278
18 163
19 5
20 233
21 249
22 67
23 106
24 102
25 192
26 120
27 129
28 256
29 158
30 21
31 299
32 285
33 242
34 215
35 117
36 282
37 25
38 154
39 79
40 112
41 291
42 10
43 206
44 23
45 250
46 296
47 60
48 290
49 264
50 50
51 122
52 56
53 235
54 222
55 173
56 207
57 61
58 105
59 213
60 47
61 54
62 286
63 307
64 14
65 267
66 295
67 63
68 76
69 6
70 128
71 165
72 236
73 97
74 175
75 181
76 251
77 199
78 44
79 208
80 118
81 101
82 206
83 306
84 254
85 27
86 304
87 301
88 235
89 287
90 170
91 215
92 159
93 8
94 37
95 110
96 111
97 248
98 57
99 99
100 246
101 96
102 21
103 297
104 228
105 59
106 229
107 204
108 146
109 295
110 166
111 126
112 124
113 85
114 65
115 215
116 286
117 289
118 154
119 60
120 83
121 16
122 217
123 200
124 229
125 43
126 159
127 144
128 129
129 43
130 257
131 276
132 156
133 171
134 31
135 14
136 193
137 272
138 159
139 219
140 136
141 37
142 34
143 245
144 101
145 40
146 172
147 20
148 240
149 125
150 94
151 176
152 106
153 74
154 249
155 103
156 85
157 15
158 228
159 259
160 6
161 300
162 234
163 127
164 102
165 55
166 26
167 260
168 41
169 189
170 297
171 112
172 269
173 136
174 14
175 91
176 78
177 171
178 215
179 159
180 309
181 176
182 223
183 37
184 210
185 218
186 92
187 291
188 37
189 91
190 230
191 34
192 148
193 279
194 124
195 114
196 46
197 24
198 208
199 238
200 182
201 124
202 34
203 49
204 115
205 271
206 69
207 46
208 273
209 118
210 305
211 223
212 242
213 116
214 211
215 293
216 163
217 251
218 177
219 230
220 8
221 300
222 257
223 240
224 136
225 3
226 10
227 181
228 236
229 40
230 81
231 149
232 169
233 246
234 223
235 14
236 302
237 230
238 87
239 272
240 155
241 217
242 260
243 11
244 177
245 60
246 58
247 266
248 60
249 141
250 109
251 100
252 23
253 276
254 50
255 21
256 17
257 25
258 111
259 37
260 29
261 112
262 258
263 92
264 307
265 111
266 85
267 75
268 46
269 204
270 262
271 67
272 93
273 301
274 262
275 219
276 117
277 213
278 142
279 38
280 81
281 35
282 152
283 263
284 224
285 221
286 143
287 230
288 88
289 78
290 209
291 185
292 5
293 32
294 54
295 86
296 257
297 243
298 291
299 141
300 215
301 79
302 153
303 147
304 97
305 89
306 147
307 277
308 171
309 53
0 256
1 115
2 224
3 161
4 223
5 199
6 286
7 224
8 309
9 14
10 134
11 18
12 160
13 81
14 123
15 159
16 154
17 278
18 163
19 5
20 233
21 163
22 67
23 58
24 187
25 194
26 210
27 129
28 256
29 158
30 21
31 263
32 285
33 224
34 207
35 173
36 282
37 25
38 216
39 58
40 158
41 159
42 293
43 206
44 275
45 142
46 296
47 241
48 202
49 264
50 115
51 122
52 56
53 88
54 106
55 195
56 207
57 152
58 105
59 171
60 47
61 19
62 286
63 67
64 14
65 267
66 295
67 63
68 198
69 239
70 155
71 283
72 108
73 97
74 175
75 95
76 251
77 199
78 280
79 270
80 118
81 101
82 206
83 306
84 57
85 59
86 20
87 68
88 235
89 287
90 110
91 122
92 159
93 8
94 37
95 110
96 191
97 207
98 39
99 99
100 246
101 28
102 174
103 297
104 228
105 192
106 14
107 204
108 146
109 295
110 166
111 126
112 124
113 85
114 65
115 72
116 286
117 289
118 154
119 58
120 83
121 16
122 4
123 200
124 52
125 51
126 243
127 144
128 129
129 1
130 257
131 276
132 156
133 299
134 288
135 14
136 117
137 195
138 14
139 219
140 67
141 306
142 34
143 216
144 44
145 29
146 161
147 20
148 129
149 125
150 217
151 131
152 146
153 74
154 249
155 161
156 95
157 136
158 228
159 26
160 6
161 164
162 234
163 127
164 251
165 55
166 26
167 213
168 41
169 189
170 297
171 97
172 269
173 265
174 14
175 91
176 281
177 23
178 215
179 241
180 94
181 162
182 243
183 37
184 210
185 218
186 173
187 291
188 37
189 90
190 230
191 34
192 132
193 279
194 124
195 225
196 46
197 225
198 208
199 238
200 116
201 124
202 34
203 49
204 115
205 234
206 94
207 160
208 66
209 246
210 289
211 125
212 242
213 124
214 40
215 301
216 151
217 167
218 177
219 30
220 127
221 300
222 287
223 274
224 136
225 202
226 15
227 181
228 236
229 180
230 135
231 149
232 231
233 257
234 125
235 68
236 302
237 230
238 242
239 114
240 62
241 154
242 144
243 11
244 180
245 116
246 220
247 266
248 26
249 145
250 39
251 100
252 114
253 276
254 129
255 134
256 21
257 256
258 246
259 204
260 29
261 112
262 6
263 92
264 36
265 95
266 85
267 183
268 151
269 71
270 262
271 254
272 93
273 62
274 262
275 156
276 167
277 86
278 142
279 38
280 151
281 35
282 143
283 84
284 232
285 94
286 174
287 108
288 86
289 100
290 243
291 185
292 258
293 32
294 54
295 86
296 257
297 243
298 291
299 78
300 215
301 102
302 153
303 147
304 181
305 266
306 56
307 216
308 171
309 53
