0 45
1 252
2 276
3 299
4 309
5 185
6 255
7 6
8 263
9 131
10 296
11 280
12 73
13 164
14 238
15 102
16 74
17 220
18 294
19 111
20 125
21 201
22 258
23 287
24 156
25 228
26 172
27 228
28 115
29 266
30 129
31 141
32 226
33 81
34 87
35 217
36 115
37 212
38 32
39 166
40 60
41 132
42 102
43 99
44 142
45 126
46 130
47 248
48 120
49 308
50 279
51 60
52 258
53 68
54 301
55 243
56 55
57 144
58 269
59 172
60 187
61 309
62 148
63 237
64 210
65 157
66 154
67 155
68 306
69 50
70 184
71 150
72 182
73 266
74 133
75 32
76 101
77 244
78 183
79 154
80 159
81 243
82 148
83 91
84 210
85 22
86 102
87 69
88 53
89 236
90 290
91 10
92 228
93 68
94 187
95 241
96 48
97 101
98 67
99 44
100 280
101 224
102 10
103 37
104 146
105 44
106 38
107 66
108 98
109 195
110 280
111 127
112 167
113 215
114 107
115 60
116 234
117 290
118 178
119 240
120 199
121 20
122 24
123 157
124 43
125 116
126 9
127 61
128 82
129 259
130 221
131 277
132 228
133 277
134 45
135 45
136 42
137 197
138 208
139 205
140 139
141 188
142 178
143 290
144 172
145 251
146 31
147 253
148 41
149 38
150 190
151 200
152 199
153 70
154 48
155 135
156 4
157 39
158 238
159 291
160 190
161 100
162 292
163 98
164 189
165 302
166 17
167 290
168 45
169 1
170 98
171 121
172 278
173 169
174 47
175 144
176 77
177 40
178 230
179 230
180 235
181 143
182 28
183 268
184 95
185 282
186 256
187 128
188 89
189 225
190 37
191 199
192 223
193 266
194 212
195 10
196 11
197 99
198 6
199 245
200 208
201 212
202 161
203 176
204 95
205 210
206 177
207 73
208 53
209 279
210 290
211 79
212 119
213 166
214 34
215 168
216 44
217 175
218 123
219 233
220 48
221 221
222 70
223 8
224 257
225 117
226 208
227 284
228 54
229 218
230 97
231 201
232 230
233 69
234 46
235 193
236 12
237 65
238 37
239 106
240 29
241 154
242 33
243 224
244 122
245 203
246 186
247 132
248 26
249 60
250 143
251 4
252 192
253 87
254 53
255 249
256 225
257 55
258 241
259 82
260 91
261 172
262 228
263 144
264 161
265 212
266 305
267 218
268 147
269 82
270 189
271 260
272 279
273 174
274 116
275 57
276 296
277 279
278 171
279 59
280 249
281 259
282 245
283 84
284 180
285 197
286 243
287 40
288 171
289 151
290 267
291 115
292 49
293 45
294 245
295 14
296 200
297 269
298 235
299 302
300 236
301 250
302 276
303 33
304 159
305 222
306 70
307 124
308 185
309 160
0 45
1 280
2 140
3 299
4 78
5 203
6 255
7 230
8 263
9 192
10 309
11 280
12 193
13 109
14 42
15 4
16 48
17 220
18 286
19 111
20 125
21 287
22 258
23 155
24 156
25 228
26 100
27 41
28 135
29 228
30 129
31 153
32 130
33 23
34 113
35 217
36 115
37 273
38 98
39 166
40 161
41 201
42 138
43 99
44 296
45 126
46 249
47 211
48 120
49 308
50 78
51 30
52 308
53 68
54 246
55 243
56 137
57 144
58 24
59 172
60 129
61 172
62 148
63 191
64 287
65 111
66 154
67 15
68 169
69 175
70 184
71 150
72 282
73 266
74 133
75 285
76 101
77 254
78 3
79 154
80 28
81 164
82 169
83 91
84 210
85 22
86 175
87 115
88 293
89 239
90 290
91 228
92 228
93 68
94 232
95 273
96 48
97 15
98 67
99 44
100 102
101 253
102 258
103 280
104 165
105 2
106 122
107 66
108 98
109 195
110 284
111 283
112 211
113 215
114 107
115 60
116 64
117 144
118 191
119 240
120 199
121 240
122 24
123 301
124 43
125 288
126 9
127 192
128 36
129 259
130 221
131 277
132 21
133 177
134 38
135 227
136 42
137 197
138 287
139 205
140 227
141 188
142 97
143 222
144 172
145 209
146 31
147 253
148 241
149 38
150 237
151 37
152 107
153 70
154 236
155 135
156 4
157 39
158 238
159 94
160 190
161 138
162 55
163 75
164 189
165 302
166 142
167 290
168 45
169 217
170 191
171 8
172 278
173 281
174 47
175 268
176 206
177 40
178 230
179 272
180 301
181 234
182 63
183 268
184 101
185 206
186 256
187 19
188 89
189 225
190 304
191 199
192 215
193 102
194 220
195 290
196 11
197 105
198 6
199 159
200 122
201 232
202 142
203 176
204 11
205 210
206 108
207 73
208 178
209 160
210 61
211 73
212 119
213 166
214 34
215 168
216 254
217 175
218 23
219 233
220 144
221 221
222 70
223 272
224 257
225 117
226 203
227 284
228 54
229 218
230 189
231 201
232 230
233 121
234 61
235 17
236 11
237 65
238 37
239 151
240 195
241 125
242 33
243 224
244 4
245 203
246 225
247 212
248 26
249 60
250 231
251 278
252 267
253 87
254 120
255 193
256 283
257 222
258 241
259 289
260 100
261 284
262 28
263 144
264 164
265 212
266 305
267 166
268 147
269 236
270 83
271 260
272 273
273 174
274 116
275 139
276 296
277 279
278 237
279 59
280 177
281 162
282 184
283 282
284 180
285 197
286 243
287 40
288 93
289 151
290 267
291 29
292 117
293 45
294 81
295 14
296 200
297 123
298 112
299 302
300 236
301 297
302 276
303 33
304 161
305 202
306 70
307 124
308 19
309 160
