0 149
1 173
2 177
3 74
4 138
5 190
6 232
7 224
8 99
9 229
10 211
11 9
12 195
13 7
14 149
15 307
16 291
17 141
18 196
19 294
20 36
21 126
22 77
23 292
24 123
25 25
26 76
27 78
28 212
29 278
30 290
31 30
32 87
33 11
34 40
35 282
36 233
37 63
38 298
39 122
40 223
41 296
42 309
43 222
44 125
45 126
46 25
47 223
48 24
49 297
50 250
51 26
52 298
53 287
54 79
55 16
56 83
57 179
58 295
59 190
60 69
61 70
62 192
63 70
64 139
65 127
66 70
67 64
68 175
69 90
70 156
71 296
72 123
73 103
74 16
75 30
76 295
77 151
78 161
79 72
80 240
81 84
82 55
83 111
84 306
85 51
86 234
87 71
88 131
89 285
90 174
91 235
92 278
93 48
94 260
95 125
96 236
97 51
98 196
99 280
100 234
101 250
102 70
103 159
104 196
105 243
106 236
107 95
108 112
109 134
110 239
111 24
112 52
113 108
114 104
115 201
116 304
117 150
118 4
119 254
120 236
121 77
122 248
123 188
124 171
125 0
126 263
127 258
128 195
129 190
130 138
131 76
132 9
133 158
134 119
135 261
136 233
137 152
138 16
139 100
140 60
141 273
142 113
143 197
144 220
145 304
146 22
147 272
148 8
149 176
150 301
151 97
152 218
153 101
154 235
155 171
156 97
157 304
158 30
159 119
160 202
161 130
162 99
163 183
164 157
165 111
166 281
167 178
168 39
169 219
170 245
171 36
172 246
173 300
174 164
175 71
176 242
177 281
178 171
179 37
180 12
181 241
182 114
183 128
184 64
185 38
186 236
187 11
188 294
189 283
190 211
191 87
192 174
193 126
194 210
195 252
196 199
197 297
198 129
199 202
200 147
201 28
202 173
203 177
204 36
205 262
206 180
207 97
208 155
209 140
210 309
211 102
212 202
213 5
214 198
215 114
216 306
217 106
218 150
219 28
220 205
221 244
222 278
223 194
224 116
225 29
226 39
227 225
228 4
229 276
230 78
231 186
232 167
233 289
234 114
235 87
236 45
237 153
238 292
239 213
240 139
241 144
242 246
243 119
244 241
245 195
246 97
247 127
248 202
249 227
250 227
251 32
252 244
253 278
254 61
255 133
256 95
257 129
258 41
259 159
260 70
261 23
262 60
263 89
264 72
265 175
266 99
267 30
268 92
269 183
270 200
271 187
272 232
273 156
274 235
275 260
276 17
277 65
278 77
279 0
280 170
281 103
282 145
283 6
284 274
285 267
286 67
287 3
288 236
289 136
290 156
291 284
292 97
293 190
294 260
295 247
296 226
297 114
298 132
299 293
300 59
301 265
302 247
303 175
304 52
305 112
306 157
307 62
308 48
309 187
0 280
1 173
2 177
3 236
4 37
5 190
6 138
7 265
8 253
9 229
10 248
11 9
12 160
13 7
14 149
15 307
16 210
17 141
18 196
19 294
20 36
21 126
22 283
23 6
24 164
25 233
26 76
27 78
28 212
29 210
30 269
31 30
32 280
33 219
34 40
35 205
36 263
37 63
38 298
39 164
40 223
41 276
42 309
43 303
44 125
45 126
46 197
47 204
48 24
49 211
50 250
51 246
52 27
53 268
54 292
55 16
56 140
57 179
58 295
59 190
60 273
61 70
62 308
63 102
64 75
65 127
66 70
67 174
68 175
69 213
70 156
71 124
72 123
73 182
74 16
75 43
76 295
77 67
78 141
79 309
80 232
81 84
82 55
83 111
84 306
85 153
86 263
87 61
88 131
89 191
90 174
91 293
92 110
93 44
94 260
95 125
96 236
97 187
98 196
99 103
100 234
101 219
102 70
103 95
104 134
105 243
106 118
107 95
108 164
109 134
110 239
111 24
112 31
113 185
114 104
115 271
116 169
117 150
118 4
119 136
120 46
121 206
122 143
123 188
124 99
125 0
126 263
127 218
128 195
129 114
130 297
131 76
132 9
133 219
134 282
135 73
136 233
137 116
138 34
139 244
140 302
141 123
142 45
143 197
144 95
145 98
146 196
147 261
148 267
149 176
150 185
151 97
152 218
153 101
154 235
155 171
156 21
157 304
158 18
159 134
160 202
161 130
162 97
163 137
164 157
165 111
166 174
167 178
168 249
169 287
170 147
171 36
172 246
173 300
174 164
175 71
176 242
177 281
178 171
179 37
180 12
181 241
182 114
183 128
184 64
185 38
186 214
187 11
188 294
189 41
190 57
191 87
192 174
193 46
194 210
195 172
196 199
197 158
198 129
199 257
200 147
201 125
202 234
203 256
204 36
205 149
206 160
207 97
208 155
209 20
210 116
211 102
212 149
213 126
214 246
215 114
216 306
217 5
218 150
219 28
220 287
221 244
222 297
223 217
224 116
225 44
226 39
227 88
228 4
229 67
230 78
231 246
232 227
233 289
234 239
235 87
236 45
237 153
238 292
239 162
240 139
241 144
242 246
243 62
244 241
245 117
246 295
247 56
248 202
249 227
250 256
251 32
252 244
253 33
254 182
255 18
256 95
257 93
258 52
259 133
260 165
261 63
262 60
263 72
264 72
265 175
266 22
267 288
268 8
269 183
270 99
271 187
272 232
273 156
274 235
275 260
276 142
277 298
278 174
279 252
280 170
281 206
282 145
283 112
284 274
285 267
286 67
287 174
288 99
289 136
290 226
291 284
292 97
293 85
294 238
295 247
296 226
297 127
298 152
299 167
300 59
301 265
302 111
303 268
304 52
305 256
306 6
307 229
308 305
309 25
