0 562
1 359
2 139
3 18
4 442
5 583
6 327
7 248
8 830
9 815
10 137
11 262
12 331
13 321
14 289
15 324
16 99
17 691
18 683
19 353
20 740
21 527
22 756
23 582
24 569
25 638
26 492
27 409
28 449
29 390
30 811
31 387
32 301
33 852
34 435
35 307
36 557
37 449
38 330
39 603
40 89
41 548
42 394
43 39
44 253
45 178
46 608
47 282
48 337
49 261
50 669
51 602
52 57
53 448
54 430
55 166
56 159
57 696
58 599
59 31
60 328
61 757
62 218
63 484
64 611
65 729
66 426
67 487
68 784
69 440
70 302
71 396
72 65
73 638
74 557
75 265
76 42
77 344
78 629
79 668
80 97
81 774
82 321
83 211
84 306
85 26
86 280
87 216
88 469
89 662
90 138
91 511
92 453
93 3
94 610
95 791
96 450
97 527
98 851
99 791
100 648
101 382
102 819
103 833
104 714
105 163
106 825
107 411
108 511
109 821
110 417
111 266
112 816
113 168
114 674
115 726
116 515
117 527
118 613
119 0
120 712
121 437
122 192
123 62
124 818
125 665
126 104
127 577
128 404
129 699
130 21
131 313
132 89
133 507
134 322
135 295
136 47
137 145
138 524
139 55
140 242
141 75
142 825
143 714
144 157
145 620
146 746
147 522
148 354
149 195
150 83
151 536
152 605
153 205
154 124
155 230
156 521
157 671
158 690
159 694
160 409
161 627
162 490
163 72
164 770
165 464
166 325
167 199
168 846
169 343
170 820
171 338
172 313
173 65
174 690
175 644
176 475
177 165
178 854
179 585
180 512
181 820
182 383
183 527
184 648
185 759
186 278
187 586
188 404
189 544
190 524
191 527
192 664
193 544
194 695
195 481
196 671
197 125
198 502
199 303
200 841
201 754
202 146
203 847
204 92
205 501
206 172
207 123
208 562
209 499
210 502
211 222
212 544
213 107
214 589
215 323
216 41
217 394
218 163
219 17
220 657
221 0
222 447
223 225
224 810
225 196
226 361
227 298
228 678
229 330
230 801
231 654
232 463
233 166
234 301
235 388
236 101
237 497
238 667
239 728
240 115
241 824
242 750
243 782
244 219
245 734
246 227
247 85
248 265
249 91
250 493
251 271
252 496
253 506
254 218
255 272
256 625
257 386
258 381
259 725
260 197
261 792
262 194
263 552
264 415
265 196
266 42
267 121
268 447
269 525
270 67
271 777
272 677
273 688
274 264
275 534
276 106
277 194
278 371
279 465
280 41
281 721
282 646
283 819
284 744
285 716
286 6
287 867
288 27
289 770
290 559
291 707
292 586
293 347
294 262
295 201
296 401
297 785
298 270
299 244
300 154
301 44
302 767
303 136
304 161
305 118
306 781
307 265
308 498
309 768
310 715
311 554
312 1
313 749
314 323
315 191
316 617
317 439
318 78
319 38
320 720
321 627
322 347
323 673
324 806
325 381
326 447
327 688
328 200
329 44
330 850
331 442
332 554
333 694
334 546
335 722
336 686
337 196
338 389
339 374
340 595
341 840
342 251
343 228
344 820
345 102
346 306
347 182
348 505
349 798
350 423
351 448
352 729
353 774
354 179
355 33
356 710
357 207
358 156
359 630
360 196
361 239
362 319
363 53
364 225
365 826
366 375
367 201
368 17
369 336
370 257
371 223
372 383
373 205
374 746
375 388
376 283
377 681
378 801
379 457
380 674
381 54
382 540
383 93
384 106
385 807
386 722
387 208
388 376
389 541
390 828
391 552
392 743
393 283
394 534
395 550
396 441
397 641
398 832
399 88
400 215
401 372
402 523
403 851
404 214
405 831
406 357
407 499
408 204
409 37
410 293
411 380
412 823
413 43
414 167
415 104
416 377
417 187
418 716
419 643
420 341
421 369
422 203
423 584
424 446
425 79
426 771
427 667
428 509
429 213
430 400
431 342
432 141
433 510
434 433
435 422
436 340
437 289
438 555
439 242
440 499
441 796
442 61
443 648
444 84
445 160
446 151
447 53
448 40
449 289
450 38
451 263
452 153
453 193
454 431
455 768
456 178
457 76
458 53
459 318
460 304
461 249
462 340
463 49
464 768
465 487
466 163
467 221
468 292
469 767
470 716
471 452
472 296
473 26
474 353
475 222
476 328
477 199
478 334
479 561
480 760
481 277
482 336
483 53
484 731
485 786
486 843
487 690
488 441
489 678
490 611
491 181
492 139
493 508
494 230
495 430
496 331
497 349
498 143
499 311
500 312
501 497
502 718
503 21
504 135
505 679
506 605
507 731
508 605
509 328
510 756
511 633
512 820
513 859
514 651
515 784
516 45
517 702
518 676
519 557
520 161
521 782
522 160
523 442
524 784
525 792
526 42
527 851
528 81
529 473
530 83
531 707
532 199
533 155
534 825
535 822
536 31
537 129
538 84
539 122
540 40
541 753
542 746
543 694
544 807
545 790
546 465
547 850
548 352
549 769
550 756
551 301
552 504
553 827
554 130
555 287
556 825
557 16
558 398
559 390
560 851
561 94
562 828
563 412
564 573
565 528
566 24
567 21
568 490
569 547
570 348
571 344
572 225
573 538
574 437
575 597
576 795
577 296
578 417
579 172
580 625
581 269
582 513
583 589
584 339
585 29
586 32
587 90
588 199
589 120
590 598
591 737
592 812
593 233
594 468
595 544
596 470
597 547
598 527
599 805
600 839
601 354
602 91
603 187
604 403
605 584
606 272
607 770
608 817
609 700
610 348
611 279
612 802
613 637
614 851
615 141
616 498
617 273
618 516
619 103
620 308
621 53
622 132
623 192
624 162
625 660
626 640
627 241
628 787
629 539
630 25
631 193
632 838
633 281
634 39
635 277
636 207
637 508
638 28
639 368
640 545
641 570
642 230
643 654
644 168
645 62
646 604
647 825
648 64
649 290
650 691
651 499
652 65
653 522
654 235
655 129
656 286
657 685
658 546
659 432
660 543
661 737
662 395
663 88
664 239
665 216
666 638
667 655
668 555
669 296
670 510
671 188
672 179
673 233
674 313
675 814
676 281
677 107
678 853
679 522
680 326
681 511
682 636
683 345
684 647
685 658
686 31
687 471
688 661
689 345
690 97
691 389
692 400
693 14
694 335
695 459
696 737
697 691
698 780
699 64
700 542
701 466
702 153
703 362
704 48
705 750
706 349
707 624
708 220
709 31
710 780
711 855
712 280
713 707
714 537
715 293
716 795
717 670
718 158
719 835
720 275
721 285
722 328
723 631
724 429
725 641
726 61
727 468
728 228
729 648
730 777
731 611
732 228
733 137
734 133
735 402
736 218
737 550
738 328
739 571
740 522
741 460
742 584
743 376
744 36
745 32
746 733
747 486
748 47
749 366
750 542
751 43
752 669
753 623
754 117
755 777
756 628
757 360
758 435
759 203
760 705
761 97
762 101
763 110
764 666
765 18
766 716
767 10
768 222
769 761
770 610
771 589
772 109
773 657
774 371
775 18
776 524
777 688
778 536
779 383
780 671
781 488
782 12
783 381
784 664
785 547
786 819
787 299
788 648
789 83
790 347
791 302
792 401
793 553
794 202
795 834
796 441
797 552
798 83
799 289
800 677
801 438
802 151
803 252
804 384
805 591
806 273
807 690
808 308
809 696
810 758
811 639
812 20
813 363
814 687
815 761
816 302
817 224
818 281
819 508
820 1
821 620
822 3
823 760
824 408
825 81
826 659
827 638
828 388
829 188
830 206
831 842
832 540
833 395
834 763
835 430
836 813
837 572
838 408
839 736
840 323
841 401
842 680
843 588
844 832
845 391
846 258
847 78
848 249
849 540
850 24
851 518
852 541
853 643
854 470
855 628
856 674
857 584
858 148
859 496
860 301
861 59
862 175
863 167
864 853
865 601
866 6
867 341
868 844
0 667
1 359
2 139
3 95
4 76
5 355
6 208
7 248
8 830
9 117
10 293
11 262
12 331
13 321
14 376
15 783
16 531
17 691
18 683
19 353
20 740
21 527
22 858
23 163
24 818
25 638
26 36
27 409
28 655
29 390
30 811
31 387
32 75
33 852
34 228
35 337
36 492
37 697
38 806
39 603
40 175
41 548
42 405
43 231
44 657
45 524
46 608
47 282
48 565
49 261
50 155
51 474
52 310
53 448
54 119
55 26
56 689
57 696
58 303
59 788
60 328
61 527
62 804
63 397
64 364
65 729
66 450
67 487
68 784
69 327
70 302
71 489
72 175
73 638
74 212
75 863
76 42
77 383
78 425
79 347
80 97
81 786
82 369
83 211
84 306
85 119
86 223
87 216
88 419
89 536
90 476
91 511
92 231
93 544
94 610
95 26
96 570
97 583
98 851
99 459
100 648
101 657
102 650
103 833
104 714
105 340
106 825
107 411
108 511
109 293
110 417
111 750
112 786
113 168
114 674
115 726
116 244
117 527
118 621
119 0
120 652
121 342
122 192
123 485
124 818
125 136
126 104
127 818
128 304
129 699
130 21
131 313
132 89
133 527
134 322
135 85
136 541
137 153
138 680
139 55
140 242
141 435
142 143
143 840
144 157
145 816
146 746
147 522
148 499
149 470
150 115
151 536
152 605
153 205
154 774
155 675
156 521
157 602
158 222
159 170
160 23
161 342
162 321
163 748
164 770
165 206
166 494
167 652
168 468
169 337
170 102
171 182
172 313
173 65
174 690
175 578
176 475
177 727
178 357
179 140
180 39
181 760
182 383
183 199
184 423
185 854
186 743
187 769
188 404
189 544
190 524
191 527
192 490
193 544
194 695
195 59
196 833
197 125
198 250
199 303
200 841
201 434
202 20
203 847
204 92
205 317
206 172
207 805
208 781
209 138
210 502
211 222
212 307
213 107
214 376
215 681
216 325
217 517
218 137
219 17
220 657
221 597
222 447
223 417
224 810
225 603
226 80
227 34
228 678
229 695
230 102
231 294
232 78
233 166
234 622
235 388
236 758
237 583
238 667
239 677
240 763
241 652
242 750
243 782
244 340
245 734
246 831
247 516
248 265
249 172
250 406
251 307
252 496
253 834
254 323
255 567
256 625
257 615
258 364
259 55
260 63
261 792
262 194
263 552
264 415
265 593
266 784
267 466
268 652
269 447
270 67
271 777
272 677
273 688
274 264
275 653
276 836
277 599
278 371
279 465
280 186
281 795
282 646
283 819
284 744
285 716
286 6
287 867
288 27
289 770
290 178
291 707
292 630
293 347
294 863
295 201
296 401
297 785
298 587
299 56
300 406
301 44
302 84
303 748
304 202
305 118
306 781
307 824
308 776
309 768
310 715
311 720
312 1
313 749
314 146
315 862
316 617
317 715
318 796
319 52
320 246
321 852
322 792
323 866
324 565
325 288
326 529
327 150
328 312
329 106
330 850
331 457
332 722
333 12
334 546
335 86
336 456
337 554
338 662
339 275
340 667
341 840
342 395
343 228
344 820
345 79
346 306
347 182
348 839
349 798
350 118
351 448
352 729
353 774
354 179
355 33
356 810
357 207
358 156
359 630
360 196
361 239
362 38
363 53
364 485
365 150
366 17
367 32
368 794
369 336
370 259
371 746
372 537
373 205
374 91
375 388
376 283
377 681
378 575
379 293
380 68
381 54
382 540
383 93
384 106
385 662
386 236
387 208
388 233
389 541
390 409
391 552
392 504
393 283
394 45
395 611
396 441
397 778
398 832
399 793
400 215
401 526
402 523
403 851
404 136
405 159
406 357
407 75
408 338
409 812
410 187
411 9
412 823
413 437
414 167
415 636
416 204
417 449
418 716
419 643
420 348
421 369
422 203
423 584
424 446
425 79
426 637
427 667
428 509
429 511
430 400
431 749
432 141
433 510
434 492
435 422
436 340
437 289
438 555
439 746
440 425
441 796
442 332
443 385
444 566
445 207
446 151
447 53
448 822
449 325
450 368
451 654
452 153
453 827
454 30
455 768
456 178
457 859
458 41
459 657
460 145
461 528
462 340
463 49
464 629
465 487
466 163
467 24
468 325
469 767
470 599
471 447
472 739
473 785
474 759
475 222
476 466
477 362
478 268
479 561
480 145
481 277
482 253
483 53
484 102
485 622
486 30
487 825
488 632
489 124
490 611
491 181
492 211
493 508
494 230
495 461
496 331
497 349
498 143
499 633
500 212
501 141
502 718
503 21
504 261
505 545
506 95
507 84
508 484
509 315
510 756
511 633
512 820
513 859
514 485
515 784
516 45
517 702
518 447
519 601
520 161
521 321
522 160
523 38
524 784
525 792
526 42
527 664
528 277
529 473
530 83
531 707
532 686
533 711
534 304
535 34
536 450
537 392
538 746
539 705
540 674
541 689
542 245
543 694
544 159
545 301
546 465
547 704
548 352
549 300
550 162
551 15
552 180
553 630
554 822
555 287
556 9
557 223
558 398
559 390
560 851
561 547
562 243
563 631
564 573
565 512
566 67
567 548
568 490
569 766
570 348
571 524
572 46
573 409
574 561
575 597
576 791
577 296
578 417
579 486
580 390
581 104
582 833
583 631
584 339
585 321
586 90
587 581
588 233
589 120
590 598
591 737
592 812
593 113
594 468
595 490
596 470
597 394
598 226
599 805
600 312
601 354
602 722
603 587
604 403
605 584
606 187
607 96
608 817
609 507
610 348
611 279
612 802
613 637
614 851
615 141
616 585
617 273
618 516
619 103
620 282
621 171
622 132
623 192
624 162
625 761
626 640
627 241
628 448
629 539
630 25
631 723
632 399
633 810
634 693
635 647
636 207
637 630
638 391
639 512
640 449
641 570
642 230
643 144
644 10
645 62
646 604
647 574
648 548
649 290
650 591
651 477
652 65
653 239
654 89
655 702
656 259
657 685
658 342
659 432
660 543
661 737
662 236
663 187
664 610
665 22
666 311
667 658
668 171
669 296
670 510
671 3
672 40
673 520
674 313
675 116
676 571
677 107
678 853
679 546
680 326
681 350
682 636
683 250
684 566
685 658
686 396
687 449
688 661
689 345
690 849
691 389
692 400
693 67
694 806
695 795
696 105
697 691
698 780
699 628
700 542
701 466
702 367
703 713
704 48
705 314
706 349
707 624
708 220
709 303
710 242
711 863
712 280
713 51
714 158
715 293
716 406
717 205
718 428
719 181
720 275
721 285
722 328
723 395
724 569
725 673
726 61
727 110
728 454
729 648
730 796
731 611
732 520
733 102
734 11
735 402
736 218
737 728
738 198
739 571
740 207
741 160
742 584
743 376
744 229
745 599
746 733
747 486
748 47
749 366
750 542
751 43
752 669
753 660
754 117
755 777
756 485
757 574
758 653
759 195
760 229
761 97
762 101
763 322
764 489
765 700
766 518
767 10
768 406
769 257
770 610
771 589
772 109
773 657
774 371
775 103
776 427
777 688
778 847
779 368
780 827
781 446
782 12
783 381
784 664
785 547
786 77
787 433
788 648
789 443
790 329
791 682
792 618
793 647
794 277
795 834
796 441
797 536
798 83
799 289
800 677
801 662
802 151
803 463
804 384
805 591
806 128
807 719
808 111
809 696
810 107
811 639
812 646
813 363
814 453
815 825
816 113
817 832
818 1
819 508
820 335
821 841
822 813
823 760
824 408
825 834
826 659
827 196
828 578
829 190
830 206
831 831
832 496
833 222
834 763
835 430
836 723
837 75
838 374
839 705
840 492
841 598
842 332
843 330
844 233
845 391
846 715
847 702
848 249
849 491
850 856
851 518
852 41
853 580
854 868
855 628
856 674
857 584
858 254
859 496
860 301
861 262
862 226
863 167
864 853
865 601
866 6
867 739
868 844
