0 566
1 290
2 758
3 753
4 546
5 49
6 682
7 843
8 689
9 665
10 673
11 838
12 288
13 236
14 172
15 628
16 22
17 723
18 179
19 529
20 705
21 158
22 363
23 581
24 507
25 492
26 146
27 187
28 743
29 665
30 32
31 302
32 528
33 731
34 304
35 481
36 31
37 195
38 723
39 326
40 542
41 297
42 471
43 380
44 709
45 367
46 333
47 335
48 629
49 471
50 5
51 16
52 168
53 349
54 148
55 384
56 300
57 646
58 310
59 811
60 556
61 132
62 749
63 496
64 84
65 359
66 761
67 113
68 122
69 689
70 500
71 702
72 240
73 111
74 405
75 122
76 240
77 643
78 123
79 61
80 237
81 599
82 664
83 772
84 443
85 588
86 311
87 612
88 240
89 174
90 93
91 199
92 1
93 314
94 23
95 70
96 609
97 266
98 716
99 571
100 478
101 495
102 477
103 425
104 691
105 534
106 602
107 54
108 452
109 536
110 534
111 483
112 612
113 64
114 687
115 232
116 412
117 843
118 829
119 802
120 223
121 496
122 513
123 362
124 634
125 361
126 71
127 103
128 408
129 299
130 262
131 770
132 222
133 9
134 595
135 27
136 784
137 494
138 574
139 61
140 729
141 556
142 269
143 393
144 500
145 845
146 87
147 146
148 344
149 755
150 744
151 358
152 811
153 784
154 331
155 766
156 198
157 293
158 807
159 318
160 386
161 728
162 107
163 304
164 762
165 50
166 459
167 597
168 645
169 156
170 187
171 617
172 758
173 630
174 116
175 457
176 206
177 16
178 104
179 718
180 222
181 237
182 356
183 742
184 631
185 716
186 470
187 568
188 182
189 532
190 327
191 27
192 174
193 175
194 793
195 134
196 458
197 461
198 731
199 42
200 3
201 150
202 834
203 53
204 690
205 329
206 158
207 524
208 211
209 115
210 279
211 156
212 130
213 42
214 729
215 838
216 704
217 63
218 789
219 480
220 323
221 593
222 665
223 565
224 331
225 538
226 632
227 433
228 574
229 450
230 678
231 443
232 755
233 419
234 507
235 343
236 388
237 713
238 453
239 811
240 515
241 702
242 473
243 83
244 574
245 735
246 809
247 151
248 725
249 284
250 805
251 72
252 331
253 805
254 488
255 103
256 383
257 582
258 633
259 761
260 654
261 480
262 242
263 261
264 180
265 200
266 540
267 372
268 418
269 66
270 46
271 381
272 399
273 331
274 528
275 98
276 329
277 488
278 187
279 568
280 278
281 188
282 417
283 518
284 107
285 391
286 796
287 490
288 53
289 563
290 319
291 114
292 49
293 185
294 399
295 102
296 26
297 31
298 458
299 515
300 868
301 225
302 261
303 726
304 197
305 833
306 787
307 781
308 628
309 275
310 362
311 389
312 208
313 421
314 346
315 494
316 850
317 653
318 732
319 654
320 423
321 851
322 658
323 262
324 550
325 149
326 82
327 282
328 677
329 143
330 471
331 441
332 798
333 384
334 470
335 152
336 243
337 380
338 498
339 844
340 479
341 512
342 382
343 636
344 85
345 483
346 457
347 571
348 641
349 310
350 693
351 394
352 833
353 823
354 723
355 139
356 169
357 735
358 843
359 137
360 721
361 816
362 536
363 741
364 160
365 192
366 829
367 515
368 840
369 785
370 299
371 337
372 148
373 242
374 610
375 7
376 457
377 44
378 95
379 357
380 521
381 214
382 114
383 837
384 783
385 39
386 485
387 668
388 359
389 288
390 235
391 857
392 578
393 383
394 228
395 616
396 534
397 384
398 858
399 770
400 841
401 221
402 300
403 168
404 662
405 269
406 729
407 597
408 522
409 553
410 165
411 350
412 768
413 601
414 186
415 314
416 102
417 345
418 498
419 556
420 649
421 686
422 440
423 241
424 240
425 339
426 507
427 7
428 837
429 722
430 785
431 418
432 103
433 492
434 58
435 815
436 740
437 115
438 636
439 703
440 550
441 355
442 445
443 774
444 841
445 825
446 595
447 358
448 188
449 77
450 219
451 278
452 24
453 757
454 31
455 699
456 817
457 439
458 603
459 853
460 152
461 846
462 201
463 711
464 762
465 16
466 268
467 41
468 361
469 31
470 509
471 498
472 319
473 20
474 58
475 228
476 331
477 210
478 719
479 861
480 725
481 746
482 837
483 44
484 290
485 223
486 142
487 761
488 560
489 485
490 739
491 605
492 725
493 390
494 867
495 203
496 85
497 592
498 361
499 6
500 706
501 5
502 156
503 69
504 326
505 862
506 702
507 711
508 654
509 73
510 289
511 305
512 472
513 474
514 646
515 720
516 594
517 173
518 175
519 134
520 453
521 226
522 665
523 94
524 180
525 512
526 564
527 699
528 399
529 625
530 160
531 316
532 346
533 119
534 169
535 114
536 787
537 39
538 577
539 684
540 734
541 802
542 105
543 37
544 380
545 761
546 406
547 66
548 663
549 443
550 5
551 370
552 199
553 586
554 453
555 775
556 729
557 396
558 631
559 0
560 653
561 615
562 830
563 52
564 390
565 235
566 50
567 522
568 163
569 613
570 87
571 674
572 764
573 35
574 195
575 354
576 452
577 35
578 470
579 629
580 432
581 22
582 350
583 718
584 235
585 357
586 705
587 474
588 858
589 787
590 779
591 420
592 119
593 498
594 748
595 250
596 162
597 562
598 262
599 641
600 270
601 536
602 6
603 486
604 795
605 553
606 790
607 276
608 225
609 523
610 535
611 697
612 228
613 152
614 608
615 712
616 807
617 133
618 100
619 28
620 435
621 312
622 863
623 633
624 374
625 110
626 87
627 851
628 755
629 436
630 759
631 491
632 541
633 688
634 87
635 13
636 795
637 743
638 483
639 418
640 364
641 354
642 215
643 854
644 822
645 847
646 844
647 224
648 230
649 9
650 717
651 609
652 722
653 749
654 738
655 745
656 5
657 805
658 222
659 466
660 644
661 647
662 785
663 634
664 522
665 714
666 165
667 500
668 709
669 409
670 794
671 220
672 465
673 207
674 550
675 543
676 757
677 124
678 440
679 448
680 261
681 155
682 704
683 723
684 346
685 199
686 323
687 529
688 435
689 61
690 649
691 845
692 773
693 435
694 831
695 803
696 596
697 397
698 701
699 691
700 464
701 230
702 456
703 391
704 63
705 197
706 749
707 439
708 479
709 241
710 638
711 379
712 482
713 671
714 145
715 244
716 589
717 834
718 759
719 850
720 760
721 316
722 793
723 684
724 266
725 529
726 302
727 118
728 580
729 186
730 214
731 643
732 201
733 111
734 302
735 213
736 747
737 333
738 403
739 843
740 147
741 564
742 138
743 460
744 237
745 250
746 354
747 439
748 689
749 606
750 519
751 777
752 363
753 496
754 813
755 106
756 535
757 819
758 508
759 572
760 589
761 210
762 478
763 239
764 668
765 135
766 758
767 684
768 111
769 520
770 146
771 486
772 713
773 664
774 675
775 347
776 506
777 410
778 359
779 19
780 83
781 696
782 794
783 341
784 5
785 227
786 780
787 721
788 708
789 183
790 66
791 179
792 159
793 314
794 711
795 828
796 153
797 559
798 807
799 627
800 425
801 775
802 712
803 128
804 59
805 47
806 606
807 760
808 82
809 526
810 685
811 391
812 5
813 756
814 467
815 839
816 800
817 401
818 356
819 400
820 301
821 587
822 106
823 688
824 685
825 301
826 131
827 711
828 486
829 98
830 381
831 482
832 380
833 122
834 101
835 70
836 133
837 575
838 319
839 306
840 635
841 47
842 365
843 176
844 682
845 705
846 538
847 444
848 130
849 626
850 352
851 295
852 829
853 740
854 248
855 577
856 651
857 820
858 517
859 293
860 683
861 130
862 737
863 786
864 166
865 134
866 404
867 419
868 407
0 354
1 105
2 305
3 172
4 797
5 49
6 682
7 469
8 756
9 276
10 673
11 838
12 288
13 236
14 172
15 693
16 50
17 723
18 226
19 704
20 788
21 158
22 675
23 277
24 808
25 99
26 146
27 442
28 743
29 464
30 32
31 645
32 528
33 413
34 304
35 638
36 642
37 694
38 723
39 326
40 542
41 448
42 66
43 380
44 711
45 638
46 333
47 9
48 629
49 471
50 5
51 16
52 208
53 620
54 562
55 183
56 738
57 628
58 128
59 302
60 735
61 248
62 656
63 730
64 845
65 229
66 761
67 776
68 122
69 570
70 582
71 299
72 746
73 467
74 308
75 122
76 588
77 643
78 272
79 61
80 591
81 560
82 751
83 417
84 791
85 588
86 265
87 612
88 240
89 30
90 93
91 199
92 547
93 217
94 167
95 126
96 748
97 266
98 500
99 571
100 756
101 495
102 352
103 474
104 25
105 785
106 7
107 54
108 714
109 536
110 315
111 148
112 860
113 64
114 87
115 432
116 835
117 326
118 79
119 802
120 223
121 311
122 258
123 573
124 351
125 361
126 209
127 103
128 185
129 266
130 262
131 792
132 245
133 817
134 313
135 83
136 112
137 722
138 415
139 61
140 780
141 556
142 269
143 393
144 500
145 651
146 87
147 146
148 14
149 755
150 744
151 358
152 811
153 784
154 744
155 562
156 283
157 293
158 239
159 432
160 827
161 728
162 107
163 304
164 579
165 50
166 459
167 597
168 102
169 524
170 200
171 418
172 758
173 271
174 116
175 27
176 227
177 400
178 234
179 718
180 27
181 494
182 356
183 742
184 631
185 818
186 470
187 638
188 608
189 613
190 327
191 27
192 8
193 175
194 270
195 38
196 458
197 461
198 115
199 42
200 711
201 858
202 660
203 53
204 693
205 128
206 861
207 270
208 211
209 115
210 604
211 340
212 130
213 462
214 177
215 838
216 704
217 705
218 817
219 29
220 736
221 665
222 306
223 565
224 331
225 538
226 513
227 433
228 574
229 450
230 678
231 64
232 755
233 84
234 816
235 343
236 388
237 713
238 782
239 811
240 515
241 702
242 106
243 96
244 655
245 735
246 734
247 763
248 861
249 732
250 805
251 167
252 331
253 832
254 527
255 103
256 383
257 591
258 633
259 434
260 714
261 480
262 242
263 261
264 47
265 863
266 4
267 165
268 418
269 66
270 46
271 84
272 399
273 686
274 57
275 246
276 329
277 158
278 90
279 18
280 23
281 61
282 283
283 518
284 107
285 391
286 796
287 490
288 53
289 563
290 810
291 213
292 196
293 185
294 399
295 748
296 778
297 640
298 458
299 515
300 829
301 704
302 261
303 726
304 735
305 833
306 165
307 266
308 574
309 570
310 69
311 389
312 539
313 125
314 346
315 494
316 604
317 653
318 732
319 470
320 239
321 113
322 658
323 480
324 251
325 227
326 271
327 245
328 619
329 143
330 549
331 441
332 798
333 200
334 470
335 800
336 243
337 98
338 498
339 475
340 479
341 631
342 489
343 636
344 449
345 440
346 457
347 571
348 641
349 310
350 213
351 394
352 724
353 435
354 751
355 139
356 169
357 735
358 843
359 137
360 823
361 816
362 536
363 741
364 160
365 192
366 829
367 759
368 697
369 38
370 299
371 337
372 53
373 117
374 610
375 7
376 149
377 604
378 95
379 280
380 314
381 216
382 402
383 837
384 216
385 183
386 154
387 34
388 172
389 288
390 235
391 857
392 441
393 383
394 228
395 812
396 534
397 418
398 103
399 770
400 841
401 221
402 129
403 168
404 662
405 63
406 729
407 597
408 522
409 566
410 235
411 621
412 768
413 624
414 599
415 314
416 102
417 345
418 857
419 556
420 38
421 593
422 698
423 241
424 710
425 339
426 404
427 7
428 113
429 722
430 785
431 418
432 24
433 510
434 320
435 815
436 740
437 723
438 636
439 703
440 792
441 355
442 197
443 336
444 841
445 825
446 595
447 490
448 198
449 479
450 277
451 370
452 191
453 271
454 31
455 699
456 269
457 486
458 603
459 231
460 736
461 846
462 326
463 711
464 847
465 16
466 650
467 649
468 361
469 228
470 509
471 498
472 266
473 511
474 58
475 228
476 21
477 210
478 719
479 673
480 725
481 588
482 837
483 759
484 239
485 223
486 366
487 837
488 560
489 408
490 659
491 605
492 725
493 390
494 442
495 187
496 857
497 592
498 605
499 282
500 706
501 5
502 156
503 631
504 326
505 862
506 521
507 691
508 186
509 557
510 544
511 587
512 472
513 408
514 646
515 720
516 59
517 163
518 175
519 134
520 453
521 151
522 830
523 606
524 501
525 770
526 27
527 666
528 481
529 625
530 160
531 316
532 198
533 119
534 169
535 114
536 141
537 408
538 841
539 48
540 734
541 83
542 105
543 37
544 598
545 761
546 645
547 66
548 465
549 403
550 400
551 315
552 478
553 586
554 605
555 775
556 729
557 85
558 522
559 312
560 653
561 79
562 289
563 187
564 666
565 73
566 50
567 522
568 121
569 256
570 237
571 674
572 626
573 110
574 279
575 354
576 176
577 35
578 50
579 629
580 82
581 546
582 350
583 718
584 235
585 0
586 567
587 474
588 217
589 779
590 90
591 781
592 499
593 50
594 748
595 250
596 784
597 769
598 262
599 641
600 201
601 536
602 6
603 486
604 795
605 695
606 790
607 214
608 432
609 445
610 535
611 697
612 802
613 96
614 122
615 626
616 807
617 627
618 363
619 167
620 435
621 179
622 440
623 633
624 752
625 110
626 87
627 851
628 755
629 430
630 390
631 826
632 541
633 685
634 87
635 566
636 283
637 743
638 611
639 418
640 403
641 815
642 215
643 609
644 822
645 191
646 411
647 280
648 230
649 545
650 106
651 609
652 722
653 749
654 501
655 745
656 301
657 365
658 217
659 466
660 644
661 647
662 636
663 634
664 522
665 221
666 5
667 132
668 709
669 409
670 794
671 220
672 465
673 485
674 550
675 55
676 135
677 124
678 194
679 448
680 261
681 546
682 704
683 723
684 346
685 199
686 323
687 529
688 435
689 547
690 649
691 570
692 773
693 16
694 842
695 803
696 12
697 539
698 701
699 501
700 77
701 230
702 114
703 391
704 72
705 270
706 802
707 439
708 479
709 569
710 616
711 379
712 162
713 671
714 145
715 563
716 514
717 582
718 838
719 850
720 760
721 316
722 793
723 622
724 266
725 590
726 302
727 232
728 246
729 755
730 214
731 101
732 451
733 111
734 815
735 782
736 216
737 203
738 403
739 371
740 37
741 564
742 138
743 26
744 287
745 821
746 610
747 584
748 448
749 44
750 519
751 777
752 832
753 586
754 104
755 106
756 535
757 819
758 508
759 572
760 864
761 210
762 251
763 239
764 668
765 135
766 753
767 488
768 745
769 520
770 146
771 603
772 713
773 75
774 675
775 347
776 534
777 70
778 75
779 570
780 383
781 696
782 794
783 600
784 5
785 227
786 566
787 52
788 708
789 616
790 739
791 680
792 159
793 790
794 711
795 415
796 852
797 355
798 807
799 627
800 425
801 775
802 139
803 128
804 408
805 787
806 606
807 370
808 82
809 526
810 685
811 391
812 5
813 756
814 610
815 678
816 69
817 134
818 356
819 304
820 301
821 377
822 394
823 688
824 685
825 366
826 470
827 711
828 702
829 168
830 33
831 482
832 686
833 254
834 423
835 284
836 599
837 575
838 58
839 775
840 115
841 47
842 768
843 176
844 174
845 267
846 364
847 257
848 130
849 619
850 380
851 6
852 829
853 740
854 248
855 266
856 63
857 820
858 517
859 179
860 202
861 130
862 737
863 376
864 166
865 730
866 404
867 813
868 407
