0 492
1 58
2 340
3 684
4 420
5 276
6 138
7 506
8 192
9 63
10 840
11 456
12 241
13 515
14 29
15 426
16 336
17 65
18 791
19 794
20 499
21 262
22 347
23 406
24 591
25 390
26 128
27 43
28 787
29 753
30 847
31 494
32 77
33 541
34 559
35 202
36 298
37 801
38 316
39 121
40 515
41 868
42 230
43 631
44 396
45 481
46 670
47 692
48 458
49 641
50 505
51 736
52 373
53 676
54 105
55 172
56 594
57 227
58 64
59 665
60 536
61 680
62 449
63 790
64 365
65 398
66 836
67 366
68 564
69 297
70 841
71 298
72 377
73 851
74 463
75 775
76 594
77 272
78 139
79 231
80 286
81 19
82 284
83 849
84 626
85 594
86 366
87 135
88 179
89 460
90 490
91 699
92 757
93 318
94 542
95 174
96 434
97 631
98 603
99 649
100 837
101 745
102 579
103 290
104 369
105 158
106 155
107 612
108 562
109 181
110 631
111 108
112 485
113 65
114 531
115 88
116 402
117 67
118 787
119 396
120 264
121 551
122 271
123 47
124 301
125 634
126 330
127 860
128 645
129 257
130 148
131 214
132 262
133 23
134 395
135 371
136 789
137 818
138 358
139 293
140 399
141 37
142 727
143 800
144 804
145 119
146 438
147 403
148 596
149 600
150 558
151 842
152 436
153 394
154 790
155 180
156 592
157 40
158 93
159 447
160 14
161 272
162 233
163 847
164 253
165 861
166 777
167 122
168 241
169 835
170 542
171 831
172 715
173 422
174 310
175 242
176 588
177 562
178 631
179 11
180 661
181 769
182 720
183 212
184 460
185 698
186 91
187 664
188 655
189 867
190 11
191 332
192 484
193 176
194 332
195 670
196 645
197 707
198 824
199 781
200 324
201 277
202 678
203 576
204 753
205 214
206 668
207 72
208 88
209 112
210 182
211 816
212 696
213 479
214 707
215 664
216 787
217 463
218 319
219 708
220 33
221 612
222 512
223 323
224 644
225 560
226 232
227 378
228 80
229 377
230 9
231 185
232 610
233 314
234 847
235 16
236 63
237 740
238 630
239 534
240 243
241 528
242 306
243 771
244 643
245 227
246 676
247 858
248 844
249 286
250 341
251 619
252 459
253 593
254 509
255 255
256 793
257 692
258 244
259 213
260 784
261 108
262 343
263 706
264 69
265 9
266 362
267 752
268 665
269 453
270 774
271 450
272 619
273 171
274 286
275 640
276 645
277 336
278 851
279 553
280 829
281 253
282 170
283 218
284 737
285 725
286 540
287 50
288 642
289 91
290 693
291 786
292 10
293 229
294 565
295 574
296 513
297 649
298 687
299 67
300 101
301 371
302 623
303 347
304 858
305 531
306 357
307 256
308 601
309 464
310 252
311 368
312 258
313 498
314 8
315 208
316 413
317 419
318 815
319 696
320 791
321 804
322 364
323 82
324 140
325 648
326 788
327 220
328 362
329 392
330 533
331 731
332 80
333 375
334 142
335 705
336 29
337 281
338 426
339 764
340 348
341 685
342 407
343 778
344 251
345 149
346 749
347 863
348 693
349 450
350 761
351 672
352 483
353 854
354 660
355 566
356 250
357 720
358 761
359 269
360 411
361 440
362 392
363 851
364 446
365 537
366 865
367 143
368 867
369 406
370 588
371 123
372 825
373 406
374 445
375 131
376 461
377 520
378 429
379 183
380 414
381 236
382 842
383 740
384 364
385 219
386 551
387 81
388 681
389 288
390 154
391 404
392 635
393 406
394 277
395 231
396 312
397 253
398 614
399 3
400 46
401 843
402 498
403 247
404 375
405 682
406 667
407 507
408 338
409 598
410 325
411 688
412 209
413 543
414 264
415 331
416 588
417 585
418 654
419 763
420 667
421 485
422 618
423 321
424 439
425 604
426 418
427 775
428 265
429 441
430 540
431 586
432 863
433 850
434 390
435 447
436 246
437 152
438 354
439 554
440 732
441 312
442 638
443 579
444 604
445 208
446 722
447 760
448 478
449 767
450 646
451 625
452 723
453 604
454 17
455 202
456 730
457 107
458 157
459 263
460 71
461 825
462 176
463 769
464 304
465 671
466 416
467 82
468 187
469 696
470 510
471 289
472 7
473 180
474 12
475 198
476 569
477 343
478 604
479 482
480 346
481 268
482 379
483 669
484 838
485 667
486 615
487 674
488 710
489 538
490 684
491 731
492 714
493 470
494 352
495 436
496 5
497 488
498 111
499 568
500 560
501 710
502 507
503 96
504 677
505 113
506 462
507 313
508 85
509 531
510 390
511 647
512 196
513 390
514 94
515 831
516 138
517 552
518 390
519 415
520 549
521 566
522 188
523 639
524 480
525 775
526 562
527 157
528 420
529 264
530 482
531 737
532 620
533 193
534 711
535 520
536 507
537 92
538 555
539 594
540 335
541 515
542 252
543 637
544 309
545 157
546 224
547 0
548 667
549 785
550 107
551 119
552 155
553 359
554 722
555 856
556 577
557 73
558 682
559 414
560 380
561 42
562 27
563 317
564 749
565 608
566 552
567 102
568 77
569 439
570 692
571 492
572 56
573 809
574 224
575 476
576 843
577 478
578 751
579 68
580 204
581 360
582 457
583 350
584 291
585 477
586 387
587 363
588 460
589 226
590 174
591 3
592 548
593 118
594 160
595 744
596 592
597 115
598 274
599 346
600 361
601 389
602 286
603 347
604 692
605 324
606 670
607 128
608 395
609 670
610 25
611 583
612 662
613 64
614 346
615 775
616 219
617 234
618 532
619 322
620 239
621 779
622 670
623 508
624 416
625 107
626 537
627 244
628 50
629 517
630 626
631 89
632 199
633 445
634 256
635 536
636 118
637 288
638 26
639 435
640 582
641 703
642 60
643 723
644 219
645 267
646 230
647 77
648 569
649 139
650 491
651 244
652 409
653 859
654 336
655 630
656 728
657 441
658 586
659 402
660 320
661 772
662 133
663 240
664 17
665 546
666 589
667 605
668 728
669 610
670 246
671 441
672 525
673 343
674 35
675 846
676 655
677 311
678 792
679 382
680 184
681 465
682 244
683 793
684 292
685 60
686 283
687 784
688 46
689 557
690 242
691 173
692 299
693 207
694 208
695 468
696 529
697 572
698 309
699 181
700 583
701 16
702 143
703 694
704 464
705 214
706 332
707 603
708 504
709 323
710 481
711 227
712 220
713 100
714 375
715 793
716 107
717 197
718 555
719 527
720 799
721 507
722 514
723 37
724 270
725 247
726 170
727 273
728 682
729 86
730 33
731 515
732 1
733 305
734 404
735 35
736 357
737 687
738 545
739 409
740 187
741 697
742 134
743 74
744 164
745 775
746 280
747 130
748 596
749 670
750 127
751 39
752 728
753 641
754 204
755 694
756 600
757 427
758 339
759 629
760 619
761 414
762 124
763 373
764 513
765 701
766 547
767 813
768 295
769 617
770 478
771 445
772 798
773 53
774 802
775 308
776 524
777 466
778 716
779 701
780 832
781 109
782 585
783 777
784 366
785 578
786 655
787 203
788 97
789 85
790 261
791 433
792 467
793 227
794 516
795 41
796 656
797 709
798 526
799 280
800 75
801 761
802 81
803 382
804 64
805 650
806 808
807 587
808 437
809 234
810 783
811 100
812 193
813 629
814 323
815 827
816 47
817 122
818 811
819 294
820 819
821 75
822 314
823 396
824 818
825 218
826 455
827 644
828 120
829 67
830 290
831 260
832 777
833 269
834 604
835 579
836 698
837 295
838 258
839 40
840 295
841 499
842 119
843 207
844 813
845 826
846 492
847 102
848 51
849 783
850 705
851 573
852 523
853 786
854 413
855 402
856 679
857 95
858 48
859 597
860 141
861 0
862 744
863 803
864 118
865 536
866 227
867 126
868 45
0 492
1 695
2 340
3 684
4 164
5 276
6 577
7 516
8 192
9 434
10 27
11 123
12 804
13 515
14 720
15 89
16 857
17 104
18 791
19 279
20 595
21 222
22 347
23 72
24 70
25 390
26 73
27 43
28 787
29 275
30 825
31 331
32 4
33 541
34 335
35 630
36 254
37 801
38 316
39 430
40 515
41 868
42 230
43 332
44 626
45 481
46 130
47 175
48 88
49 484
50 109
51 736
52 217
53 731
54 105
55 172
56 594
57 651
58 64
59 766
60 6
61 680
62 449
63 790
64 737
65 146
66 836
67 366
68 357
69 495
70 841
71 298
72 377
73 354
74 463
75 544
76 256
77 272
78 179
79 19
80 363
81 19
82 124
83 849
84 626
85 866
86 366
87 135
88 179
89 78
90 263
91 673
92 757
93 229
94 542
95 51
96 220
97 631
98 608
99 649
100 177
101 798
102 682
103 112
104 833
105 380
106 717
107 612
108 562
109 645
110 631
111 820
112 449
113 65
114 531
115 88
116 402
117 216
118 787
119 396
120 412
121 427
122 847
123 47
124 301
125 634
126 184
127 226
128 645
129 257
130 476
131 214
132 262
133 23
134 389
135 484
136 789
137 790
138 358
139 293
140 399
141 97
142 814
143 491
144 804
145 119
146 438
147 82
148 652
149 600
150 783
151 842
152 436
153 394
154 622
155 180
156 592
157 620
158 712
159 460
160 14
161 375
162 233
163 847
164 253
165 861
166 580
167 122
168 539
169 26
170 864
171 831
172 21
173 422
174 310
175 242
176 588
177 562
178 271
179 11
180 661
181 769
182 504
183 212
184 629
185 546
186 375
187 664
188 136
189 867
190 614
191 332
192 807
193 176
194 332
195 163
196 645
197 707
198 495
199 781
200 324
201 277
202 330
203 576
204 753
205 756
206 668
207 72
208 51
209 112
210 802
211 406
212 696
213 319
214 761
215 664
216 787
217 242
218 319
219 197
220 23
221 387
222 512
223 774
224 644
225 365
226 729
227 378
228 80
229 646
230 376
231 463
232 144
233 314
234 654
235 16
236 308
237 740
238 822
239 534
240 243
241 776
242 306
243 771
244 643
245 227
246 676
247 94
248 621
249 286
250 341
251 810
252 459
253 301
254 509
255 339
256 505
257 692
258 342
259 817
260 654
261 108
262 788
263 396
264 69
265 577
266 362
267 278
268 798
269 741
270 299
271 450
272 448
273 255
274 862
275 688
276 807
277 336
278 851
279 130
280 829
281 253
282 170
283 649
284 617
285 426
286 408
287 214
288 191
289 91
290 717
291 786
292 10
293 475
294 565
295 574
296 513
297 649
298 687
299 67
300 697
301 823
302 623
303 215
304 682
305 451
306 357
307 256
308 601
309 295
310 252
311 407
312 258
313 296
314 143
315 208
316 413
317 419
318 435
319 178
320 501
321 804
322 364
323 374
324 142
325 648
326 748
327 351
328 23
329 418
330 533
331 731
332 80
333 188
334 847
335 705
336 29
337 375
338 837
339 764
340 348
341 685
342 547
343 795
344 614
345 149
346 749
347 268
348 381
349 170
350 761
351 718
352 258
353 854
354 509
355 742
356 793
357 720
358 1
359 269
360 657
361 440
362 400
363 380
364 446
365 537
366 575
367 325
368 867
369 406
370 654
371 179
372 825
373 18
374 445
375 842
376 778
377 520
378 400
379 183
380 414
381 670
382 63
383 740
384 364
385 789
386 551
387 81
388 681
389 359
390 154
391 472
392 54
393 406
394 266
395 231
396 312
397 7
398 614
399 830
400 67
401 386
402 360
403 545
404 375
405 497
406 41
407 536
408 8
409 398
410 325
411 688
412 209
413 766
414 268
415 621
416 588
417 531
418 654
419 763
420 681
421 485
422 238
423 321
424 485
425 604
426 261
427 188
428 323
429 409
430 540
431 217
432 848
433 850
434 390
435 259
436 783
437 308
438 603
439 398
440 674
441 213
442 638
443 403
444 604
445 459
446 387
447 60
448 478
449 767
450 646
451 625
452 271
453 719
454 868
455 202
456 465
457 293
458 157
459 263
460 71
461 825
462 766
463 749
464 556
465 671
466 240
467 82
468 376
469 696
470 194
471 41
472 256
473 180
474 590
475 361
476 819
477 429
478 365
479 482
480 346
481 332
482 639
483 288
484 513
485 468
486 139
487 674
488 201
489 538
490 372
491 731
492 714
493 470
494 352
495 326
496 571
497 421
498 111
499 761
500 52
501 705
502 699
503 686
504 416
505 636
506 462
507 822
508 560
509 531
510 390
511 651
512 519
513 249
514 69
515 831
516 230
517 68
518 29
519 460
520 582
521 566
522 263
523 639
524 37
525 221
526 561
527 739
528 420
529 270
530 664
531 737
532 621
533 464
534 67
535 520
536 112
537 381
538 806
539 406
540 415
541 515
542 427
543 637
544 50
545 593
546 224
547 645
548 518
549 193
550 250
551 454
552 155
553 476
554 45
555 84
556 577
557 73
558 84
559 434
560 207
561 42
562 721
563 538
564 749
565 70
566 552
567 102
568 305
569 357
570 692
571 73
572 838
573 809
574 224
575 476
576 756
577 478
578 751
579 490
580 607
581 272
582 801
583 778
584 618
585 732
586 782
587 363
588 460
589 226
590 685
591 3
592 23
593 721
594 160
595 744
596 227
597 476
598 274
599 346
600 361
601 775
602 536
603 517
604 186
605 787
606 670
607 620
608 395
609 165
610 475
611 583
612 447
613 492
614 90
615 752
616 637
617 109
618 532
619 165
620 8
621 218
622 26
623 389
624 416
625 107
626 498
627 244
628 50
629 768
630 38
631 89
632 199
633 697
634 21
635 536
636 792
637 288
638 237
639 435
640 820
641 703
642 60
643 723
644 323
645 383
646 351
647 502
648 377
649 663
650 10
651 244
652 409
653 859
654 713
655 630
656 474
657 441
658 586
659 56
660 855
661 193
662 133
663 240
664 17
665 627
666 589
667 18
668 299
669 116
670 246
671 441
672 525
673 665
674 734
675 697
676 662
677 568
678 314
679 846
680 184
681 370
682 386
683 231
684 316
685 60
686 283
687 784
688 46
689 862
690 242
691 416
692 152
693 688
694 208
695 183
696 483
697 264
698 309
699 590
700 782
701 310
702 59
703 79
704 35
705 214
706 332
707 603
708 504
709 677
710 428
711 584
712 220
713 608
714 375
715 793
716 107
717 22
718 202
719 439
720 799
721 152
722 345
723 72
724 270
725 247
726 454
727 234
728 796
729 86
730 661
731 297
732 329
733 403
734 634
735 594
736 573
737 169
738 545
739 75
740 287
741 697
742 657
743 526
744 164
745 824
746 474
747 130
748 596
749 670
750 127
751 427
752 728
753 266
754 517
755 577
756 600
757 65
758 543
759 440
760 470
761 414
762 98
763 443
764 513
765 265
766 149
767 813
768 160
769 139
770 478
771 445
772 449
773 453
774 833
775 455
776 524
777 365
778 716
779 701
780 832
781 97
782 766
783 352
784 366
785 369
786 531
787 637
788 97
789 85
790 679
791 125
792 633
793 523
794 500
795 65
796 656
797 267
798 639
799 280
800 407
801 152
802 81
803 382
804 64
805 650
806 808
807 587
808 437
809 234
810 783
811 100
812 193
813 629
814 620
815 827
816 77
817 122
818 811
819 813
820 370
821 49
822 801
823 308
824 372
825 770
826 172
827 693
828 245
829 752
830 256
831 510
832 846
833 15
834 604
835 579
836 698
837 399
838 258
839 40
840 208
841 133
842 559
843 207
844 813
845 826
846 362
847 754
848 751
849 783
850 705
851 573
852 523
853 786
854 222
855 59
856 471
857 174
858 48
859 33
860 404
861 0
862 479
863 291
864 118
865 492
866 47
867 126
868 45
