0 290
1 295
2 258
3 590
4 528
5 262
6 105
7 475
8 660
9 477
10 55
11 662
12 37
13 773
14 64
15 108
16 654
17 84
18 273
19 424
20 699
21 560
22 682
23 675
24 336
25 323
26 757
27 14
28 713
29 255
30 745
31 214
32 541
33 685
34 271
35 528
36 420
37 414
38 351
39 334
40 114
41 612
42 709
43 860
44 46
45 36
46 414
47 502
48 66
49 270
50 626
51 649
52 432
53 826
54 649
55 156
56 848
57 763
58 692
59 550
60 560
61 679
62 860
63 673
64 467
65 35
66 616
67 78
68 279
69 574
70 670
71 275
72 834
73 802
74 828
75 758
76 207
77 391
78 779
79 404
80 830
81 694
82 473
83 495
84 43
85 266
86 407
87 326
88 590
89 811
90 226
91 693
92 682
93 36
94 240
95 211
96 163
97 776
98 588
99 208
100 572
101 759
102 494
103 305
104 500
105 132
106 161
107 348
108 835
109 735
110 616
111 171
112 149
113 204
114 343
115 645
116 655
117 821
118 478
119 735
120 793
121 457
122 57
123 447
124 680
125 647
126 815
127 51
128 627
129 103
130 279
131 751
132 302
133 531
134 202
135 511
136 198
137 63
138 479
139 832
140 718
141 680
142 170
143 60
144 164
145 665
146 209
147 591
148 618
149 415
150 636
151 234
152 85
153 723
154 631
155 289
156 727
157 455
158 194
159 394
160 660
161 413
162 728
163 374
164 39
165 781
166 814
167 328
168 322
169 569
170 720
171 510
172 857
173 605
174 103
175 469
176 294
177 799
178 468
179 142
180 784
181 194
182 13
183 296
184 441
185 277
186 520
187 59
188 624
189 537
190 3
191 581
192 465
193 846
194 855
195 7
196 506
197 852
198 770
199 712
200 276
201 817
202 483
203 363
204 503
205 456
206 6
207 777
208 644
209 53
210 412
211 44
212 364
213 486
214 802
215 860
216 666
217 835
218 851
219 50
220 105
221 551
222 795
223 293
224 690
225 376
226 450
227 865
228 81
229 655
230 399
231 373
232 422
233 765
234 715
235 791
236 738
237 338
238 522
239 637
240 515
241 841
242 503
243 234
244 458
245 420
246 186
247 745
248 156
249 196
250 417
251 56
252 241
253 392
254 740
255 184
256 624
257 651
258 420
259 193
260 777
261 241
262 857
263 36
264 142
265 693
266 317
267 186
268 160
269 664
270 362
271 842
272 845
273 91
274 498
275 748
276 768
277 656
278 589
279 844
280 55
281 575
282 232
283 318
284 416
285 689
286 524
287 575
288 102
289 386
290 625
291 236
292 615
293 581
294 845
295 109
296 651
297 57
298 104
299 170
300 741
301 866
302 532
303 679
304 712
305 427
306 235
307 519
308 104
309 514
310 769
311 596
312 479
313 71
314 176
315 134
316 685
317 571
318 198
319 842
320 211
321 625
322 707
323 656
324 555
325 469
326 666
327 666
328 220
329 14
330 584
331 50
332 332
333 239
334 158
335 758
336 264
337 326
338 784
339 417
340 849
341 362
342 192
343 86
344 787
345 577
346 670
347 643
348 208
349 566
350 544
351 284
352 332
353 220
354 164
355 209
356 80
357 831
358 413
359 58
360 252
361 397
362 117
363 259
364 147
365 384
366 515
367 708
368 605
369 611
370 275
371 266
372 353
373 226
374 420
375 282
376 677
377 161
378 717
379 506
380 5
381 659
382 322
383 354
384 327
385 104
386 407
387 842
388 849
389 245
390 584
391 841
392 674
393 90
394 497
395 778
396 561
397 35
398 234
399 421
400 841
401 201
402 62
403 473
404 720
405 419
406 184
407 44
408 410
409 772
410 144
411 600
412 334
413 288
414 284
415 523
416 1
417 339
418 599
419 805
420 784
421 818
422 81
423 518
424 593
425 229
426 512
427 174
428 834
429 692
430 281
431 714
432 817
433 44
434 623
435 677
436 308
437 187
438 127
439 19
440 567
441 194
442 89
443 668
444 523
445 723
446 243
447 384
448 507
449 794
450 590
451 694
452 137
453 97
454 207
455 157
456 29
457 141
458 571
459 385
460 823
461 402
462 502
463 402
464 604
465 212
466 720
467 589
468 683
469 483
470 364
471 273
472 307
473 539
474 674
475 286
476 469
477 712
478 639
479 531
480 170
481 303
482 271
483 286
484 284
485 640
486 63
487 672
488 418
489 597
490 379
491 485
492 865
493 312
494 188
495 815
496 128
497 20
498 561
499 776
500 515
501 652
502 467
503 216
504 822
505 114
506 591
507 65
508 251
509 343
510 320
511 59
512 30
513 248
514 19
515 697
516 630
517 584
518 70
519 115
520 236
521 86
522 761
523 538
524 392
525 223
526 74
527 649
528 55
529 279
530 539
531 834
532 401
533 500
534 123
535 332
536 35
537 163
538 64
539 262
540 284
541 211
542 201
543 645
544 81
545 656
546 733
547 813
548 239
549 828
550 43
551 737
552 59
553 140
554 4
555 382
556 685
557 374
558 606
559 509
560 562
561 860
562 664
563 113
564 273
565 263
566 845
567 646
568 221
569 818
570 71
571 73
572 756
573 58
574 27
575 448
576 36
577 593
578 315
579 515
580 499
581 395
582 351
583 452
584 56
585 579
586 477
587 225
588 595
589 28
590 774
591 609
592 674
593 458
594 565
595 592
596 14
597 530
598 778
599 525
600 451
601 613
602 308
603 202
604 216
605 216
606 463
607 797
608 657
609 712
610 649
611 488
612 185
613 241
614 655
615 465
616 676
617 265
618 624
619 609
620 716
621 246
622 459
623 173
624 854
625 445
626 452
627 546
628 481
629 226
630 422
631 111
632 172
633 498
634 332
635 717
636 381
637 736
638 677
639 292
640 737
641 148
642 504
643 188
644 595
645 751
646 660
647 754
648 863
649 798
650 224
651 177
652 703
653 396
654 699
655 315
656 9
657 402
658 281
659 68
660 841
661 671
662 753
663 637
664 410
665 552
666 315
667 818
668 227
669 37
670 687
671 721
672 329
673 772
674 75
675 563
676 155
677 5
678 639
679 690
680 8
681 77
682 412
683 570
684 722
685 595
686 374
687 426
688 725
689 765
690 404
691 651
692 856
693 634
694 403
695 623
696 136
697 109
698 681
699 160
700 526
701 829
702 193
703 319
704 699
705 147
706 357
707 522
708 751
709 868
710 666
711 691
712 285
713 25
714 265
715 113
716 203
717 394
718 399
719 176
720 359
721 142
722 117
723 87
724 9
725 14
726 720
727 701
728 554
729 265
730 441
731 303
732 369
733 173
734 634
735 454
736 690
737 78
738 599
739 51
740 814
741 710
742 127
743 130
744 76
745 757
746 548
747 586
748 322
749 557
750 158
751 107
752 498
753 300
754 610
755 576
756 142
757 64
758 562
759 824
760 212
761 703
762 54
763 501
764 820
765 36
766 208
767 808
768 231
769 701
770 467
771 502
772 473
773 580
774 91
775 212
776 665
777 352
778 626
779 515
780 682
781 161
782 599
783 584
784 559
785 84
786 423
787 432
788 265
789 703
790 371
791 699
792 53
793 767
794 337
795 179
796 118
797 49
798 206
799 452
800 219
801 39
802 687
803 227
804 571
805 839
806 69
807 66
808 502
809 219
810 713
811 614
812 642
813 488
814 798
815 74
816 93
817 32
818 781
819 430
820 169
821 306
822 414
823 268
824 219
825 50
826 111
827 627
828 194
829 223
830 411
831 30
832 766
833 816
834 642
835 747
836 92
837 778
838 160
839 15
840 575
841 719
842 855
843 170
844 623
845 431
846 160
847 394
848 121
849 91
850 485
851 324
852 173
853 728
854 835
855 606
856 233
857 224
858 62
859 135
860 231
861 839
862 276
863 467
864 590
865 748
866 653
867 573
868 756
0 668
1 295
2 430
3 110
4 430
5 550
6 761
7 647
8 341
9 699
10 504
11 662
12 157
13 773
14 64
15 173
16 654
17 84
18 273
19 424
20 746
21 346
22 262
23 675
24 336
25 78
26 757
27 395
28 713
29 712
30 501
31 773
32 667
33 601
34 830
35 528
36 593
37 414
38 351
39 337
40 76
41 612
42 709
43 670
44 46
45 494
46 414
47 502
48 776
49 483
50 269
51 850
52 317
53 826
54 649
55 634
56 848
57 692
58 692
59 487
60 701
61 679
62 860
63 673
64 665
65 96
66 616
67 236
68 469
69 574
70 670
71 224
72 183
73 434
74 614
75 116
76 243
77 276
78 461
79 64
80 652
81 694
82 473
83 495
84 595
85 850
86 407
87 326
88 376
89 213
90 226
91 642
92 603
93 189
94 240
95 851
96 779
97 776
98 588
99 807
100 610
101 750
102 494
103 305
104 500
105 664
106 359
107 279
108 48
109 735
110 616
111 171
112 818
113 587
114 343
115 611
116 655
117 821
118 711
119 735
120 385
121 76
122 492
123 624
124 769
125 647
126 815
127 51
128 627
129 850
130 279
131 648
132 544
133 395
134 721
135 218
136 198
137 63
138 479
139 528
140 718
141 343
142 486
143 60
144 541
145 364
146 209
147 814
148 576
149 553
150 636
151 234
152 85
153 723
154 254
155 749
156 213
157 455
158 194
159 394
160 484
161 413
162 133
163 767
164 359
165 781
166 814
167 856
168 322
169 634
170 9
171 699
172 857
173 605
174 155
175 597
176 294
177 799
178 696
179 142
180 798
181 479
182 90
183 783
184 768
185 277
186 520
187 59
188 805
189 213
190 3
191 237
192 105
193 846
194 855
195 7
196 109
197 193
198 129
199 712
200 338
201 817
202 717
203 832
204 535
205 533
206 476
207 866
208 644
209 53
210 364
211 852
212 364
213 486
214 802
215 640
216 522
217 819
218 851
219 611
220 105
221 551
222 795
223 386
224 856
225 376
226 184
227 865
228 81
229 655
230 831
231 439
232 422
233 391
234 715
235 791
236 738
237 399
238 152
239 637
240 515
241 234
242 432
243 675
244 458
245 420
246 40
247 367
248 156
249 400
250 417
251 381
252 364
253 280
254 237
255 184
256 124
257 552
258 647
259 193
260 117
261 120
262 857
263 505
264 514
265 693
266 159
267 816
268 160
269 664
270 470
271 256
272 845
273 799
274 176
275 551
276 768
277 272
278 589
279 844
280 55
281 328
282 87
283 318
284 310
285 689
286 524
287 26
288 102
289 386
290 173
291 156
292 56
293 581
294 845
295 104
296 651
297 752
298 104
299 47
300 741
301 866
302 222
303 755
304 712
305 427
306 235
307 788
308 104
309 525
310 713
311 755
312 479
313 515
314 176
315 134
316 256
317 335
318 198
319 842
320 50
321 625
322 707
323 661
324 456
325 559
326 419
327 284
328 827
329 14
330 584
331 512
332 477
333 495
334 215
335 276
336 215
337 326
338 857
339 417
340 387
341 782
342 176
343 86
344 787
345 577
346 182
347 115
348 208
349 146
350 544
351 334
352 332
353 220
354 164
355 143
356 472
357 831
358 666
359 58
360 785
361 397
362 117
363 219
364 521
365 384
366 45
367 708
368 267
369 611
370 275
371 538
372 353
373 254
374 420
375 3
376 677
377 24
378 717
379 513
380 5
381 659
382 279
383 33
384 801
385 285
386 55
387 842
388 849
389 245
390 584
391 244
392 119
393 480
394 443
395 778
396 7
397 35
398 234
399 421
400 841
401 201
402 774
403 708
404 720
405 144
406 356
407 44
408 653
409 566
410 64
411 214
412 487
413 228
414 847
415 8
416 360
417 339
418 599
419 292
420 254
421 818
422 174
423 502
424 803
425 229
426 512
427 174
428 834
429 11
430 281
431 714
432 659
433 209
434 739
435 578
436 308
437 187
438 94
439 779
440 567
441 194
442 89
443 668
444 281
445 787
446 178
447 623
448 279
449 794
450 590
451 41
452 14
453 97
454 511
455 660
456 499
457 141
458 245
459 174
460 823
461 402
462 502
463 860
464 741
465 212
466 336
467 833
468 312
469 483
470 621
471 273
472 307
473 507
474 606
475 353
476 469
477 712
478 454
479 117
480 170
481 407
482 380
483 286
484 797
485 95
486 710
487 672
488 418
489 801
490 480
491 485
492 865
493 538
494 266
495 191
496 128
497 20
498 622
499 776
500 515
501 241
502 449
503 216
504 822
505 114
506 591
507 65
508 579
509 343
510 858
511 59
512 30
513 248
514 19
515 55
516 364
517 584
518 456
519 170
520 395
521 545
522 31
523 533
524 779
525 837
526 74
527 649
528 55
529 279
530 27
531 834
532 512
533 733
534 358
535 332
536 396
537 163
538 64
539 85
540 645
541 185
542 825
543 645
544 549
545 768
546 733
547 841
548 239
549 628
550 660
551 39
552 59
553 140
554 550
555 382
556 685
557 546
558 473
559 574
560 570
561 447
562 664
563 855
564 289
565 263
566 845
567 646
568 221
569 818
570 71
571 616
572 761
573 287
574 322
575 65
576 386
577 593
578 681
579 515
580 418
581 395
582 349
583 235
584 743
585 217
586 477
587 121
588 595
589 28
590 774
591 609
592 674
593 205
594 829
595 592
596 14
597 530
598 354
599 850
600 428
601 331
602 308
603 202
604 233
605 65
606 463
607 405
608 657
609 712
610 90
611 488
612 652
613 595
614 125
615 465
616 377
617 265
618 624
619 334
620 184
621 737
622 459
623 173
624 854
625 445
626 728
627 863
628 481
629 483
630 422
631 111
632 172
633 629
634 332
635 717
636 381
637 30
638 500
639 346
640 263
641 182
642 504
643 188
644 370
645 751
646 800
647 434
648 835
649 41
650 495
651 612
652 24
653 396
654 303
655 315
656 310
657 402
658 721
659 156
660 693
661 599
662 753
663 19
664 220
665 524
666 613
667 818
668 265
669 37
670 687
671 721
672 329
673 829
674 75
675 563
676 231
677 5
678 662
679 833
680 436
681 655
682 604
683 819
684 220
685 482
686 17
687 426
688 725
689 765
690 373
691 651
692 856
693 809
694 713
695 304
696 136
697 176
698 681
699 38
700 196
701 667
702 60
703 652
704 414
705 473
706 357
707 69
708 800
709 577
710 481
711 797
712 285
713 25
714 265
715 171
716 387
717 408
718 399
719 137
720 359
721 561
722 596
723 219
724 9
725 593
726 496
727 701
728 809
729 184
730 466
731 303
732 463
733 483
734 622
735 176
736 762
737 78
738 599
739 109
740 0
741 710
742 127
743 503
744 155
745 534
746 200
747 586
748 322
749 557
750 158
751 107
752 498
753 645
754 129
755 486
756 435
757 557
758 477
759 37
760 212
761 317
762 63
763 501
764 158
765 36
766 208
767 390
768 272
769 107
770 646
771 542
772 473
773 580
774 421
775 744
776 525
777 675
778 226
779 515
780 682
781 62
782 599
783 584
784 547
785 84
786 800
787 475
788 265
789 588
790 693
791 747
792 53
793 830
794 337
795 50
796 118
797 815
798 206
799 452
800 219
801 269
802 426
803 353
804 571
805 281
806 69
807 755
808 502
809 219
810 713
811 576
812 476
813 488
814 289
815 733
816 93
817 32
818 389
819 257
820 132
821 836
822 414
823 341
824 219
825 480
826 111
827 627
828 194
829 630
830 411
831 30
832 766
833 816
834 642
835 809
836 550
837 241
838 140
839 413
840 745
841 864
842 706
843 170
844 623
845 855
846 334
847 822
848 121
849 91
850 485
851 194
852 173
853 728
854 835
855 606
856 538
857 224
858 62
859 863
860 599
861 819
862 276
863 17
864 389
865 781
866 414
867 796
868 23
