0 266
1 731
2 111
3 43
4 150
5 16
6 145
7 15
8 167
9 85
10 330
11 415
12 842
13 11
14 529
15 780
16 221
17 368
18 656
19 124
20 749
21 814
22 679
23 554
24 286
25 683
26 779
27 279
28 448
29 264
30 196
31 678
32 222
33 101
34 614
35 387
36 692
37 563
38 555
39 862
40 522
41 30
42 513
43 100
44 92
45 838
46 716
47 253
48 1
49 199
50 784
51 573
52 212
53 161
54 244
55 193
56 173
57 148
58 600
59 238
60 74
61 801
62 692
63 789
64 746
65 72
66 497
67 525
68 711
69 500
70 227
71 454
72 587
73 746
74 614
75 40
76 178
77 365
78 624
79 654
80 359
81 683
82 386
83 800
84 642
85 602
86 563
87 541
88 237
89 77
90 289
91 161
92 403
93 43
94 445
95 862
96 392
97 235
98 587
99 276
100 313
101 513
102 265
103 133
104 701
105 151
106 588
107 189
108 416
109 730
110 752
111 20
112 201
113 853
114 464
115 708
116 438
117 412
118 22
119 513
120 605
121 629
122 639
123 480
124 617
125 473
126 575
127 623
128 575
129 393
130 392
131 656
132 270
133 641
134 140
135 286
136 3
137 452
138 10
139 60
140 114
141 342
142 421
143 858
144 733
145 109
146 338
147 687
148 861
149 566
150 94
151 708
152 339
153 724
154 158
155 215
156 748
157 811
158 707
159 237
160 550
161 427
162 266
163 753
164 705
165 1
166 60
167 774
168 817
169 746
170 640
171 774
172 432
173 212
174 563
175 109
176 186
177 755
178 728
179 292
180 768
181 222
182 206
183 366
184 195
185 223
186 852
187 243
188 296
189 191
190 208
191 323
192 785
193 779
194 317
195 296
196 9
197 819
198 282
199 275
200 461
201 397
202 760
203 399
204 452
205 832
206 44
207 626
208 500
209 530
210 177
211 513
212 359
213 808
214 601
215 659
216 862
217 191
218 732
219 451
220 260
221 463
222 704
223 364
224 383
225 10
226 509
227 619
228 2
229 472
230 434
231 779
232 128
233 443
234 15
235 804
236 615
237 766
238 438
239 69
240 30
241 626
242 827
243 235
244 84
245 526
246 725
247 19
248 756
249 838
250 781
251 531
252 105
253 247
254 529
255 605
256 465
257 855
258 323
259 658
260 401
261 238
262 496
263 261
264 497
265 683
266 711
267 84
268 107
269 38
270 804
271 849
272 754
273 784
274 294
275 721
276 576
277 127
278 808
279 43
280 503
281 324
282 72
283 48
284 667
285 494
286 327
287 127
288 226
289 609
290 403
291 145
292 0
293 275
294 247
295 248
296 600
297 378
298 673
299 581
300 167
301 414
302 832
303 369
304 116
305 532
306 152
307 648
308 315
309 674
310 802
311 638
312 141
313 647
314 78
315 554
316 855
317 498
318 578
319 617
320 105
321 322
322 10
323 272
324 847
325 551
326 75
327 782
328 306
329 374
330 704
331 140
332 225
333 859
334 298
335 34
336 391
337 708
338 649
339 229
340 650
341 376
342 674
343 772
344 727
345 754
346 423
347 807
348 476
349 467
350 628
351 318
352 595
353 390
354 453
355 99
356 425
357 26
358 163
359 560
360 306
361 160
362 315
363 458
364 367
365 310
366 326
367 465
368 709
369 756
370 192
371 577
372 235
373 812
374 542
375 450
376 480
377 529
378 618
379 592
380 687
381 395
382 406
383 600
384 477
385 56
386 850
387 104
388 825
389 454
390 809
391 660
392 802
393 136
394 696
395 786
396 400
397 168
398 90
399 735
400 449
401 6
402 116
403 506
404 369
405 598
406 3
407 704
408 478
409 95
410 114
411 421
412 694
413 74
414 45
415 14
416 632
417 784
418 146
419 713
420 452
421 205
422 180
423 186
424 674
425 318
426 635
427 542
428 511
429 397
430 254
431 593
432 602
433 564
434 488
435 159
436 274
437 368
438 695
439 146
440 837
441 734
442 347
443 63
444 240
445 401
446 765
447 221
448 800
449 143
450 633
451 736
452 367
453 485
454 240
455 74
456 572
457 79
458 307
459 673
460 258
461 732
462 823
463 603
464 745
465 844
466 166
467 35
468 462
469 738
470 288
471 712
472 256
473 326
474 782
475 76
476 540
477 401
478 458
479 617
480 549
481 36
482 361
483 492
484 200
485 189
486 308
487 582
488 61
489 23
490 748
491 103
492 248
493 551
494 462
495 669
496 722
497 526
498 561
499 111
500 813
501 511
502 529
503 249
504 769
505 459
506 29
507 69
508 644
509 104
510 802
511 476
512 729
513 312
514 116
515 215
516 430
517 232
518 654
519 820
520 27
521 201
522 78
523 254
524 329
525 269
526 692
527 400
528 204
529 153
530 314
531 437
532 131
533 574
534 365
535 722
536 281
537 524
538 547
539 63
540 225
541 16
542 136
543 659
544 786
545 610
546 443
547 53
548 447
549 686
550 849
551 71
552 152
553 561
554 17
555 10
556 536
557 116
558 207
559 418
560 678
561 827
562 397
563 367
564 393
565 868
566 362
567 721
568 109
569 138
570 572
571 613
572 780
573 176
574 273
575 603
576 704
577 70
578 429
579 535
580 381
581 504
582 730
583 710
584 487
585 647
586 122
587 393
588 310
589 293
590 9
591 72
592 360
593 227
594 194
595 530
596 380
597 764
598 406
599 620
600 683
601 497
602 832
603 515
604 218
605 346
606 360
607 217
608 829
609 485
610 235
611 316
612 476
613 642
614 787
615 748
616 825
617 170
618 530
619 255
620 357
621 478
622 324
623 476
624 552
625 66
626 12
627 81
628 374
629 251
630 472
631 238
632 190
633 414
634 325
635 778
636 356
637 37
638 548
639 200
640 235
641 384
642 91
643 416
644 736
645 275
646 780
647 421
648 861
649 451
650 357
651 41
652 772
653 814
654 620
655 470
656 697
657 777
658 185
659 854
660 764
661 302
662 96
663 129
664 41
665 422
666 497
667 323
668 272
669 830
670 299
671 863
672 473
673 422
674 586
675 548
676 847
677 352
678 760
679 493
680 377
681 673
682 334
683 96
684 542
685 165
686 21
687 52
688 681
689 55
690 56
691 626
692 203
693 245
694 464
695 660
696 311
697 850
698 45
699 314
700 124
701 592
702 785
703 331
704 365
705 193
706 360
707 633
708 174
709 181
710 640
711 335
712 120
713 333
714 789
715 648
716 422
717 80
718 663
719 157
720 667
721 742
722 694
723 734
724 250
725 284
726 455
727 219
728 133
729 249
730 36
731 289
732 360
733 480
734 167
735 546
736 405
737 439
738 27
739 235
740 373
741 639
742 799
743 676
744 122
745 286
746 434
747 831
748 694
749 865
750 616
751 350
752 49
753 241
754 715
755 453
756 178
757 584
758 204
759 334
760 609
761 501
762 148
763 228
764 216
765 795
766 805
767 750
768 362
769 698
770 400
771 143
772 360
773 154
774 698
775 478
776 804
777 773
778 797
779 759
780 755
781 264
782 338
783 220
784 782
785 132
786 389
787 212
788 668
789 368
790 207
791 189
792 618
793 665
794 367
795 108
796 409
797 782
798 191
799 824
800 109
801 441
802 267
803 150
804 531
805 320
806 686
807 395
808 450
809 32
810 632
811 858
812 448
813 664
814 158
815 141
816 3
817 754
818 241
819 699
820 623
821 563
822 557
823 642
824 543
825 638
826 10
827 582
828 490
829 335
830 631
831 492
832 136
833 144
834 846
835 31
836 549
837 541
838 857
839 89
840 354
841 672
842 184
843 712
844 333
845 795
846 291
847 720
848 67
849 249
850 27
851 258
852 559
853 98
854 636
855 757
856 208
857 93
858 225
859 420
860 197
861 394
862 746
863 135
864 573
865 254
866 416
867 725
868 271
0 22
1 330
2 111
3 43
4 321
5 16
6 295
7 129
8 167
9 85
10 330
11 415
12 579
13 622
14 529
15 439
16 221
17 368
18 617
19 299
20 509
21 814
22 211
23 865
24 286
25 738
26 859
27 419
28 39
29 637
30 494
31 11
32 222
33 656
34 205
35 387
36 692
37 563
38 555
39 846
40 844
41 845
42 653
43 166
44 777
45 838
46 770
47 253
48 596
49 217
50 257
51 845
52 212
53 493
54 851
55 193
56 173
57 686
58 600
59 364
60 74
61 802
62 852
63 117
64 746
65 205
66 497
67 525
68 179
69 87
70 227
71 745
72 216
73 746
74 614
75 640
76 96
77 567
78 624
79 782
80 667
81 351
82 696
83 311
84 444
85 602
86 542
87 323
88 237
89 77
90 770
91 185
92 867
93 127
94 445
95 782
96 49
97 722
98 484
99 315
100 313
101 354
102 521
103 77
104 701
105 151
106 380
107 166
108 577
109 260
110 752
111 20
112 18
113 853
114 316
115 708
116 438
117 480
118 22
119 513
120 605
121 665
122 177
123 680
124 180
125 414
126 575
127 659
128 278
129 753
130 333
131 351
132 281
133 689
134 612
135 202
136 3
137 452
138 284
139 432
140 320
141 342
142 421
143 545
144 733
145 482
146 416
147 582
148 584
149 566
150 94
151 708
152 617
153 613
154 446
155 215
156 748
157 811
158 468
159 237
160 597
161 427
162 855
163 753
164 30
165 135
166 634
167 774
168 817
169 739
170 640
171 774
172 432
173 769
174 762
175 109
176 186
177 62
178 422
179 292
180 368
181 513
182 206
183 339
184 483
185 223
186 547
187 280
188 296
189 783
190 208
191 323
192 377
193 64
194 402
195 296
196 162
197 819
198 282
199 275
200 86
201 458
202 760
203 348
204 452
205 832
206 106
207 626
208 500
209 485
210 177
211 691
212 14
213 808
214 601
215 659
216 862
217 493
218 732
219 711
220 631
221 298
222 594
223 161
224 383
225 88
226 750
227 695
228 761
229 428
230 391
231 781
232 128
233 136
234 15
235 804
236 199
237 729
238 656
239 566
240 30
241 198
242 209
243 235
244 84
245 381
246 22
247 19
248 67
249 838
250 781
251 326
252 105
253 247
254 377
255 218
256 465
257 811
258 323
259 190
260 556
261 631
262 421
263 584
264 370
265 354
266 711
267 345
268 774
269 542
270 745
271 516
272 101
273 793
274 294
275 721
276 726
277 127
278 808
279 457
280 503
281 147
282 365
283 48
284 667
285 639
286 327
287 195
288 226
289 47
290 745
291 145
292 0
293 320
294 89
295 248
296 600
297 290
298 393
299 60
300 167
301 204
302 487
303 539
304 630
305 532
306 152
307 648
308 655
309 674
310 753
311 638
312 141
313 647
314 331
315 376
316 605
317 498
318 76
319 357
320 105
321 23
322 10
323 272
324 847
325 551
326 361
327 727
328 635
329 416
330 694
331 140
332 367
333 859
334 298
335 568
336 391
337 12
338 297
339 229
340 396
341 376
342 444
343 356
344 684
345 820
346 414
347 571
348 342
349 565
350 676
351 677
352 595
353 718
354 675
355 99
356 425
357 701
358 161
359 707
360 202
361 708
362 315
363 458
364 142
365 310
366 455
367 465
368 297
369 11
370 192
371 577
372 235
373 340
374 247
375 450
376 480
377 529
378 618
379 471
380 687
381 395
382 489
383 600
384 429
385 275
386 527
387 594
388 825
389 454
390 809
391 248
392 832
393 241
394 773
395 786
396 343
397 143
398 425
399 124
400 449
401 6
402 299
403 461
404 1
405 598
406 391
407 704
408 311
409 483
410 114
411 421
412 380
413 74
414 414
415 14
416 89
417 322
418 176
419 713
420 40
421 205
422 180
423 505
424 674
425 435
426 635
427 772
428 511
429 397
430 254
431 593
432 637
433 564
434 65
435 96
436 274
437 226
438 828
439 146
440 837
441 156
442 347
443 611
444 497
445 55
446 633
447 396
448 135
449 143
450 353
451 736
452 391
453 101
454 650
455 612
456 572
457 79
458 307
459 673
460 258
461 732
462 543
463 258
464 745
465 844
466 166
467 35
468 462
469 796
470 725
471 522
472 481
473 326
474 789
475 76
476 100
477 448
478 458
479 577
480 797
481 36
482 361
483 492
484 200
485 520
486 229
487 302
488 61
489 623
490 695
491 103
492 595
493 138
494 665
495 669
496 286
497 105
498 230
499 389
500 382
501 449
502 864
503 249
504 792
505 97
506 29
507 191
508 334
509 472
510 261
511 619
512 68
513 656
514 113
515 94
516 388
517 232
518 654
519 820
520 254
521 365
522 78
523 131
524 315
525 26
526 223
527 400
528 146
529 328
530 667
531 228
532 131
533 26
534 294
535 722
536 281
537 524
538 547
539 63
540 469
541 489
542 824
543 281
544 786
545 508
546 443
547 526
548 47
549 145
550 849
551 4
552 152
553 561
554 145
555 547
556 614
557 861
558 207
559 418
560 699
561 459
562 547
563 367
564 799
565 406
566 506
567 57
568 598
569 537
570 212
571 863
572 805
573 535
574 273
575 448
576 704
577 437
578 624
579 662
580 206
581 100
582 730
583 710
584 267
585 531
586 808
587 39
588 47
589 662
590 9
591 121
592 710
593 562
594 307
595 347
596 380
597 512
598 477
599 808
600 683
601 497
602 658
603 607
604 144
605 742
606 360
607 217
608 173
609 485
610 742
611 316
612 476
613 642
614 787
615 748
616 837
617 170
618 530
619 255
620 357
621 255
622 551
623 214
624 552
625 66
626 12
627 43
628 374
629 161
630 180
631 13
632 190
633 20
634 325
635 534
636 0
637 37
638 163
639 200
640 359
641 149
642 91
643 416
644 822
645 753
646 77
647 762
648 746
649 334
650 357
651 41
652 206
653 796
654 620
655 470
656 425
657 349
658 132
659 786
660 764
661 416
662 594
663 763
664 41
665 422
666 497
667 323
668 245
669 80
670 299
671 719
672 554
673 773
674 252
675 548
676 847
677 226
678 111
679 493
680 706
681 673
682 146
683 96
684 542
685 165
686 783
687 52
688 819
689 81
690 56
691 626
692 203
693 295
694 464
695 545
696 852
697 417
698 582
699 56
700 59
701 175
702 785
703 331
704 389
705 193
706 360
707 465
708 174
709 143
710 334
711 848
712 120
713 500
714 814
715 262
716 81
717 80
718 43
719 725
720 667
721 742
722 694
723 734
724 250
725 284
726 246
727 854
728 440
729 249
730 36
731 289
732 49
733 691
734 804
735 755
736 685
737 439
738 425
739 630
740 373
741 93
742 402
743 38
744 122
745 263
746 732
747 831
748 471
749 865
750 616
751 55
752 49
753 310
754 40
755 453
756 178
757 643
758 204
759 334
760 187
761 501
762 148
763 745
764 216
765 795
766 805
767 750
768 362
769 570
770 615
771 296
772 716
773 208
774 698
775 478
776 804
777 316
778 233
779 57
780 451
781 264
782 384
783 220
784 782
785 307
786 389
787 645
788 668
789 332
790 207
791 201
792 648
793 112
794 162
795 298
796 304
797 713
798 437
799 824
800 703
801 441
802 637
803 671
804 396
805 320
806 866
807 395
808 450
809 837
810 632
811 588
812 448
813 420
814 342
815 461
816 3
817 692
818 266
819 297
820 717
821 563
822 557
823 683
824 543
825 638
826 293
827 581
828 490
829 182
830 708
831 645
832 42
833 144
834 575
835 31
836 613
837 541
838 400
839 274
840 711
841 672
842 730
843 411
844 785
845 714
846 566
847 190
848 67
849 866
850 613
851 697
852 559
853 243
854 545
855 371
856 848
857 95
858 319
859 622
860 197
861 689
862 746
863 135
864 843
865 254
866 326
867 725
868 271
