0 427
1 421
2 134
3 798
4 366
5 461
6 239
7 208
8 553
9 442
10 318
11 92
12 500
13 186
14 795
15 510
16 743
17 452
18 852
19 831
20 797
21 420
22 836
23 448
24 703
25 43
26 190
27 419
28 51
29 274
30 249
31 682
32 715
33 227
34 119
35 290
36 183
37 772
38 686
39 803
40 419
41 36
42 708
43 113
44 645
45 118
46 299
47 840
48 138
49 624
50 198
51 715
52 852
53 202
54 27
55 94
56 202
57 257
58 286
59 148
60 565
61 65
62 700
63 842
64 144
65 773
66 540
67 847
68 712
69 77
70 267
71 614
72 153
73 786
74 747
75 601
76 279
77 12
78 305
79 693
80 773
81 444
82 165
83 1
84 740
85 397
86 482
87 406
88 134
89 371
90 330
91 820
92 851
93 11
94 807
95 748
96 120
97 249
98 707
99 486
100 568
101 403
102 822
103 652
104 840
105 782
106 397
107 66
108 73
109 414
110 35
111 150
112 496
113 602
114 19
115 777
116 12
117 322
118 784
119 599
120 866
121 604
122 447
123 415
124 312
125 656
126 764
127 649
128 407
129 266
130 191
131 58
132 32
133 58
134 269
135 788
136 316
137 190
138 232
139 242
140 779
141 494
142 403
143 365
144 572
145 187
146 35
147 770
148 216
149 643
150 182
151 721
152 703
153 46
154 268
155 714
156 112
157 677
158 469
159 332
160 566
161 786
162 346
163 44
164 378
165 468
166 557
167 468
168 479
169 71
170 96
171 833
172 569
173 263
174 55
175 54
176 638
177 29
178 789
179 858
180 707
181 676
182 857
183 187
184 794
185 299
186 774
187 172
188 197
189 497
190 17
191 621
192 258
193 388
194 499
195 805
196 380
197 500
198 312
199 298
200 471
201 839
202 330
203 597
204 7
205 304
206 446
207 583
208 417
209 867
210 688
211 283
212 300
213 597
214 691
215 377
216 378
217 405
218 422
219 90
220 604
221 552
222 439
223 239
224 449
225 560
226 225
227 298
228 315
229 412
230 25
231 322
232 298
233 213
234 235
235 417
236 817
237 282
238 540
239 22
240 847
241 328
242 766
243 694
244 762
245 773
246 186
247 301
248 220
249 857
250 692
251 758
252 112
253 643
254 534
255 470
256 21
257 47
258 268
259 169
260 867
261 548
262 832
263 150
264 239
265 369
266 646
267 128
268 622
269 834
270 395
271 98
272 53
273 691
274 446
275 128
276 431
277 746
278 213
279 629
280 376
281 8
282 148
283 353
284 164
285 725
286 866
287 680
288 765
289 606
290 197
291 531
292 825
293 453
294 845
295 771
296 399
297 61
298 390
299 655
300 389
301 409
302 557
303 414
304 853
305 857
306 171
307 205
308 127
309 836
310 553
311 440
312 481
313 442
314 836
315 289
316 87
317 511
318 749
319 368
320 410
321 621
322 560
323 5
324 800
325 403
326 707
327 182
328 391
329 313
330 415
331 461
332 584
333 412
334 494
335 602
336 652
337 365
338 245
339 332
340 687
341 313
342 346
343 310
344 581
345 545
346 820
347 231
348 37
349 213
350 818
351 692
352 279
353 803
354 714
355 358
356 149
357 590
358 7
359 473
360 641
361 813
362 453
363 289
364 838
365 112
366 138
367 416
368 326
369 584
370 583
371 101
372 621
373 609
374 365
375 733
376 428
377 695
378 377
379 742
380 559
381 26
382 847
383 491
384 559
385 626
386 121
387 731
388 211
389 542
390 832
391 675
392 267
393 732
394 96
395 809
396 100
397 755
398 176
399 49
400 67
401 552
402 437
403 258
404 32
405 832
406 270
407 200
408 807
409 114
410 810
411 394
412 353
413 816
414 228
415 744
416 18
417 729
418 39
419 12
420 252
421 670
422 120
423 91
424 55
425 409
426 287
427 17
428 162
429 511
430 758
431 527
432 787
433 572
434 680
435 447
436 45
437 498
438 736
439 838
440 455
441 809
442 466
443 512
444 826
445 202
446 848
447 102
448 231
449 803
450 212
451 452
452 377
453 326
454 150
455 494
456 804
457 102
458 511
459 336
460 596
461 809
462 109
463 39
464 736
465 831
466 703
467 680
468 107
469 188
470 673
471 11
472 597
473 26
474 781
475 190
476 302
477 395
478 163
479 416
480 466
481 789
482 632
483 193
484 275
485 513
486 337
487 761
488 486
489 276
490 346
491 487
492 611
493 646
494 268
495 69
496 823
497 732
498 809
499 553
500 410
501 831
502 461
503 85
504 620
505 478
506 494
507 558
508 716
509 345
510 609
511 122
512 63
513 659
514 484
515 812
516 458
517 389
518 326
519 673
520 313
521 518
522 567
523 552
524 850
525 264
526 164
527 619
528 410
529 504
530 115
531 17
532 89
533 543
534 392
535 786
536 714
537 8
538 57
539 114
540 366
541 679
542 81
543 162
544 249
545 218
546 824
547 296
548 331
549 37
550 763
551 564
552 734
553 676
554 863
555 25
556 794
557 795
558 59
559 322
560 393
561 103
562 280
563 104
564 742
565 668
566 222
567 312
568 22
569 400
570 800
571 441
572 546
573 333
574 53
575 439
576 736
577 644
578 825
579 359
580 238
581 461
582 220
583 305
584 0
585 830
586 729
587 310
588 238
589 273
590 800
591 16
592 570
593 208
594 436
595 164
596 766
597 409
598 372
599 544
600 264
601 693
602 149
603 335
604 646
605 123
606 836
607 423
608 640
609 811
610 649
611 616
612 17
613 797
614 522
615 46
616 732
617 30
618 543
619 538
620 701
621 513
622 254
623 66
624 621
625 652
626 605
627 473
628 727
629 355
630 341
631 826
632 428
633 830
634 727
635 130
636 633
637 853
638 784
639 762
640 206
641 200
642 458
643 238
644 808
645 310
646 499
647 607
648 456
649 504
650 853
651 649
652 488
653 532
654 865
655 180
656 12
657 840
658 360
659 522
660 50
661 252
662 414
663 429
664 109
665 548
666 277
667 832
668 27
669 666
670 380
671 314
672 484
673 754
674 134
675 130
676 5
677 261
678 857
679 68
680 395
681 829
682 860
683 391
684 397
685 772
686 294
687 23
688 621
689 742
690 373
691 357
692 641
693 601
694 514
695 769
696 671
697 407
698 636
699 313
700 842
701 404
702 417
703 385
704 256
705 591
706 779
707 514
708 638
709 552
710 44
711 143
712 786
713 48
714 458
715 20
716 98
717 11
718 266
719 543
720 434
721 182
722 662
723 347
724 137
725 775
726 21
727 785
728 234
729 536
730 838
731 705
732 446
733 94
734 488
735 52
736 668
737 706
738 766
739 501
740 674
741 659
742 789
743 65
744 395
745 89
746 510
747 842
748 224
749 39
750 305
751 498
752 89
753 487
754 322
755 488
756 153
757 7
758 94
759 278
760 790
761 641
762 74
763 17
764 11
765 333
766 198
767 647
768 584
769 272
770 190
771 724
772 851
773 680
774 110
775 654
776 636
777 653
778 488
779 519
780 396
781 25
782 574
783 29
784 546
785 685
786 163
787 117
788 289
789 838
790 314
791 518
792 370
793 191
794 500
795 697
796 108
797 116
798 848
799 793
800 136
801 736
802 8
803 61
804 713
805 129
806 706
807 629
808 703
809 813
810 151
811 416
812 24
813 155
814 489
815 50
816 607
817 494
818 624
819 187
820 791
821 677
822 147
823 729
824 307
825 461
826 63
827 32
828 836
829 184
830 474
831 122
832 170
833 644
834 487
835 401
836 548
837 117
838 718
839 215
840 762
841 502
842 155
843 154
844 141
845 46
846 281
847 92
848 719
849 339
850 64
851 97
852 403
853 800
854 663
855 33
856 393
857 456
858 581
859 11
860 433
861 636
862 630
863 264
864 640
865 289
866 753
867 612
868 583
0 427
1 390
2 754
3 528
4 497
5 461
6 575
7 701
8 553
9 815
10 318
11 779
12 106
13 604
14 572
15 187
16 743
17 2
18 852
19 279
20 398
21 420
22 823
23 448
24 746
25 43
26 190
27 710
28 51
29 30
30 404
31 298
32 715
33 227
34 119
35 312
36 688
37 441
38 321
39 803
40 195
41 36
42 708
43 113
44 645
45 118
46 44
47 237
48 138
49 355
50 694
51 522
52 610
53 202
54 579
55 94
56 202
57 257
58 336
59 428
60 565
61 814
62 700
63 842
64 699
65 468
66 540
67 847
68 712
69 77
70 523
71 218
72 153
73 786
74 747
75 783
76 833
77 365
78 120
79 39
80 773
81 180
82 213
83 486
84 101
85 397
86 482
87 406
88 134
89 79
90 330
91 341
92 823
93 11
94 807
95 21
96 118
97 481
98 707
99 486
100 568
101 165
102 78
103 116
104 840
105 782
106 747
107 441
108 73
109 414
110 232
111 150
112 496
113 667
114 39
115 777
116 12
117 658
118 153
119 599
120 866
121 604
122 196
123 179
124 628
125 401
126 764
127 649
128 308
129 647
130 866
131 58
132 32
133 614
134 401
135 78
136 43
137 190
138 232
139 242
140 72
141 126
142 690
143 365
144 499
145 187
146 243
147 445
148 185
149 643
150 182
151 843
152 703
153 46
154 338
155 714
156 457
157 677
158 469
159 424
160 608
161 862
162 774
163 44
164 334
165 640
166 841
167 235
168 479
169 458
170 96
171 725
172 569
173 263
174 159
175 759
176 597
177 29
178 30
179 858
180 555
181 744
182 839
183 687
184 491
185 50
186 144
187 145
188 197
189 497
190 651
191 621
192 151
193 616
194 499
195 805
196 380
197 671
198 287
199 298
200 471
201 485
202 394
203 718
204 7
205 304
206 684
207 62
208 46
209 867
210 688
211 283
212 300
213 846
214 691
215 377
216 678
217 405
218 94
219 147
220 83
221 683
222 630
223 146
224 732
225 560
226 225
227 466
228 540
229 412
230 652
231 322
232 298
233 213
234 809
235 675
236 817
237 645
238 540
239 22
240 523
241 167
242 766
243 694
244 762
245 773
246 186
247 301
248 711
249 857
250 297
251 758
252 112
253 643
254 14
255 214
256 21
257 408
258 242
259 169
260 867
261 738
262 110
263 181
264 248
265 369
266 646
267 128
268 221
269 834
270 193
271 98
272 53
273 449
274 446
275 128
276 431
277 444
278 213
279 702
280 685
281 8
282 148
283 404
284 164
285 725
286 18
287 680
288 765
289 606
290 777
291 499
292 825
293 453
294 589
295 575
296 515
297 61
298 762
299 655
300 389
301 409
302 511
303 84
304 508
305 815
306 171
307 445
308 127
309 210
310 779
311 334
312 481
313 442
314 836
315 563
316 391
317 334
318 740
319 330
320 410
321 50
322 560
323 5
324 263
325 693
326 707
327 182
328 391
329 853
330 415
331 696
332 538
333 164
334 304
335 319
336 855
337 768
338 245
339 332
340 81
341 313
342 199
343 310
344 274
345 230
346 820
347 231
348 607
349 213
350 731
351 86
352 279
353 855
354 204
355 41
356 541
357 590
358 557
359 473
360 641
361 813
362 453
363 341
364 838
365 718
366 26
367 246
368 466
369 762
370 543
371 252
372 621
373 103
374 698
375 640
376 797
377 372
378 377
379 96
380 57
381 26
382 847
383 381
384 856
385 626
386 724
387 731
388 856
389 542
390 495
391 675
392 267
393 472
394 96
395 809
396 806
397 552
398 176
399 49
400 312
401 278
402 437
403 760
404 640
405 832
406 270
407 215
408 807
409 114
410 810
411 839
412 353
413 314
414 512
415 744
416 18
417 557
418 351
419 645
420 252
421 521
422 587
423 258
424 251
425 409
426 682
427 729
428 162
429 511
430 581
431 348
432 644
433 572
434 810
435 447
436 641
437 498
438 736
439 838
440 455
441 717
442 466
443 867
444 250
445 202
446 451
447 102
448 231
449 803
450 435
451 192
452 550
453 326
454 150
455 232
456 804
457 102
458 506
459 253
460 468
461 809
462 109
463 39
464 736
465 831
466 240
467 739
468 383
469 585
470 693
471 607
472 325
473 182
474 800
475 701
476 302
477 499
478 493
479 12
480 466
481 824
482 747
483 697
484 368
485 844
486 551
487 324
488 634
489 276
490 499
491 515
492 372
493 646
494 695
495 69
496 642
497 732
498 809
499 126
500 625
501 831
502 461
503 343
504 620
505 808
506 494
507 756
508 503
509 345
510 609
511 514
512 421
513 755
514 484
515 251
516 222
517 489
518 326
519 6
520 313
521 780
522 567
523 223
524 850
525 662
526 487
527 850
528 690
529 669
530 198
531 17
532 89
533 543
534 392
535 356
536 714
537 185
538 57
539 441
540 366
541 364
542 546
543 162
544 249
545 541
546 824
547 296
548 331
549 840
550 763
551 656
552 33
553 676
554 46
555 173
556 794
557 643
558 842
559 322
560 736
561 757
562 47
563 104
564 742
565 668
566 222
567 692
568 196
569 662
570 225
571 126
572 138
573 333
574 53
575 149
576 636
577 644
578 825
579 598
580 393
581 145
582 220
583 305
584 652
585 830
586 383
587 310
588 238
589 743
590 595
591 16
592 127
593 220
594 15
595 34
596 759
597 300
598 780
599 544
600 829
601 739
602 149
603 736
604 646
605 642
606 836
607 580
608 763
609 803
610 788
611 616
612 17
613 797
614 491
615 73
616 732
617 463
618 42
619 538
620 651
621 513
622 702
623 66
624 621
625 652
626 605
627 437
628 727
629 355
630 620
631 333
632 437
633 298
634 542
635 666
636 633
637 502
638 782
639 68
640 206
641 200
642 741
643 238
644 667
645 447
646 499
647 607
648 456
649 649
650 701
651 649
652 364
653 532
654 621
655 247
656 12
657 669
658 168
659 522
660 50
661 252
662 414
663 282
664 836
665 548
666 549
667 434
668 803
669 528
670 486
671 777
672 562
673 754
674 133
675 584
676 92
677 261
678 309
679 734
680 854
681 829
682 554
683 230
684 397
685 772
686 610
687 23
688 621
689 848
690 373
691 322
692 51
693 856
694 657
695 769
696 671
697 218
698 636
699 726
700 243
701 429
702 417
703 385
704 769
705 704
706 599
707 514
708 638
709 244
710 44
711 601
712 736
713 48
714 404
715 292
716 666
717 450
718 266
719 543
720 434
721 386
722 557
723 182
724 859
725 137
726 21
727 36
728 234
729 536
730 344
731 808
732 446
733 94
734 473
735 52
736 303
737 704
738 592
739 501
740 674
741 278
742 774
743 153
744 395
745 89
746 510
747 842
748 572
749 39
750 305
751 126
752 89
753 329
754 322
755 796
756 153
757 222
758 762
759 561
760 790
761 334
762 74
763 17
764 550
765 333
766 495
767 647
768 584
769 272
770 801
771 724
772 695
773 403
774 110
775 654
776 356
777 177
778 488
779 519
780 219
781 295
782 439
783 29
784 474
785 685
786 163
787 91
788 37
789 43
790 124
791 599
792 370
793 555
794 500
795 697
796 213
797 116
798 755
799 793
800 436
801 779
802 8
803 840
804 355
805 624
806 452
807 377
808 711
809 843
810 76
811 416
812 155
813 155
814 645
815 157
816 106
817 494
818 161
819 187
820 791
821 294
822 672
823 708
824 353
825 862
826 63
827 32
828 465
829 808
830 225
831 122
832 34
833 644
834 487
835 116
836 548
837 834
838 718
839 745
840 447
841 502
842 155
843 848
844 254
845 835
846 685
847 315
848 175
849 199
850 374
851 97
852 851
853 375
854 663
855 148
856 614
857 262
858 581
859 11
860 489
861 636
862 799
863 607
864 793
865 289
866 84
867 348
868 247
