0 235
1 848
2 416
3 756
4 320
5 430
6 26
7 23
8 779
9 827
10 596
11 366
12 303
13 624
14 440
15 728
16 85
17 656
18 493
19 310
20 160
21 781
22 703
23 539
24 317
25 40
26 314
27 229
28 207
29 795
30 578
31 496
32 219
33 248
34 415
35 810
36 448
37 35
38 9
39 143
40 149
41 669
42 777
43 188
44 400
45 616
46 496
47 523
48 867
49 613
50 37
51 819
52 812
53 214
54 469
55 599
56 342
57 801
58 72
59 781
60 15
61 689
62 402
63 536
64 713
65 309
66 432
67 57
68 243
69 131
70 46
71 654
72 363
73 430
74 563
75 233
76 575
77 865
78 463
79 694
80 730
81 354
82 401
83 255
84 835
85 43
86 576
87 441
88 775
89 252
90 172
91 799
92 656
93 182
94 413
95 234
96 738
97 644
98 342
99 479
100 783
101 455
102 783
103 509
104 17
105 435
106 206
107 246
108 598
109 251
110 713
111 102
112 791
113 678
114 715
115 762
116 586
117 764
118 636
119 774
120 256
121 12
122 666
123 532
124 351
125 680
126 443
127 303
128 630
129 120
130 534
131 478
132 532
133 151
134 510
135 787
136 606
137 234
138 525
139 826
140 278
141 732
142 345
143 325
144 268
145 632
146 54
147 146
148 678
149 303
150 85
151 296
152 489
153 54
154 732
155 193
156 624
157 223
158 606
159 663
160 273
161 572
162 687
163 623
164 865
165 610
166 398
167 280
168 673
169 88
170 254
171 160
172 176
173 82
174 145
175 306
176 800
177 661
178 47
179 531
180 475
181 202
182 813
183 602
184 613
185 852
186 93
187 28
188 416
189 679
190 245
191 636
192 273
193 13
194 755
195 506
196 353
197 698
198 592
199 66
200 659
201 71
202 196
203 218
204 212
205 335
206 861
207 640
208 373
209 743
210 503
211 12
212 799
213 239
214 118
215 163
216 112
217 843
218 147
219 333
220 83
221 155
222 657
223 323
224 341
225 244
226 856
227 683
228 853
229 560
230 558
231 245
232 96
233 862
234 836
235 81
236 26
237 857
238 838
239 311
240 694
241 811
242 655
243 691
244 756
245 593
246 5
247 460
248 645
249 713
250 581
251 65
252 594
253 525
254 835
255 867
256 315
257 139
258 692
259 773
260 733
261 657
262 407
263 599
264 58
265 255
266 360
267 120
268 524
269 718
270 553
271 458
272 190
273 229
274 305
275 819
276 599
277 402
278 824
279 515
280 309
281 518
282 551
283 753
284 686
285 562
286 49
287 389
288 350
289 826
290 589
291 743
292 187
293 742
294 648
295 620
296 738
297 138
298 220
299 827
300 739
301 601
302 755
303 26
304 47
305 400
306 427
307 793
308 268
309 161
310 250
311 276
312 163
313 281
314 581
315 342
316 274
317 605
318 512
319 854
320 487
321 122
322 367
323 571
324 220
325 472
326 193
327 658
328 23
329 772
330 757
331 337
332 413
333 275
334 292
335 73
336 311
337 403
338 189
339 348
340 21
341 230
342 403
343 611
344 182
345 759
346 264
347 841
348 359
349 792
350 195
351 400
352 589
353 85
354 358
355 281
356 568
357 492
358 563
359 225
360 281
361 791
362 655
363 194
364 353
365 749
366 188
367 100
368 861
369 721
370 358
371 752
372 414
373 714
374 590
375 747
376 604
377 584
378 559
379 338
380 702
381 820
382 134
383 135
384 528
385 609
386 617
387 503
388 815
389 426
390 208
391 302
392 792
393 405
394 413
395 844
396 864
397 714
398 817
399 406
400 140
401 762
402 617
403 86
404 101
405 208
406 46
407 514
408 456
409 30
410 671
411 104
412 60
413 202
414 251
415 250
416 768
417 727
418 6
419 861
420 762
421 739
422 844
423 293
424 183
425 632
426 531
427 395
428 429
429 781
430 678
431 127
432 367
433 533
434 4
435 689
436 766
437 809
438 324
439 243
440 359
441 331
442 86
443 375
444 230
445 349
446 438
447 653
448 226
449 4
450 668
451 214
452 284
453 151
454 196
455 331
456 667
457 38
458 481
459 243
460 796
461 750
462 853
463 724
464 32
465 639
466 804
467 265
468 801
469 638
470 611
471 165
472 308
473 255
474 457
475 650
476 272
477 505
478 743
479 253
480 517
481 568
482 818
483 480
484 246
485 725
486 511
487 74
488 374
489 838
490 544
491 789
492 657
493 60
494 506
495 370
496 861
497 786
498 625
499 435
500 246
501 161
502 602
503 600
504 298
505 235
506 508
507 299
508 594
509 426
510 333
511 624
512 853
513 484
514 267
515 409
516 151
517 185
518 224
519 251
520 153
521 868
522 637
523 101
524 141
525 56
526 465
527 431
528 56
529 429
530 58
531 279
532 199
533 781
534 855
535 857
536 848
537 298
538 94
539 719
540 213
541 137
542 110
543 785
544 197
545 514
546 712
547 370
548 861
549 554
550 796
551 158
552 562
553 248
554 376
555 191
556 471
557 193
558 380
559 662
560 34
561 39
562 217
563 721
564 144
565 475
566 73
567 425
568 736
569 305
570 342
571 445
572 69
573 37
574 178
575 674
576 259
577 29
578 639
579 503
580 678
581 728
582 25
583 19
584 545
585 512
586 400
587 332
588 482
589 232
590 438
591 61
592 377
593 69
594 47
595 502
596 129
597 250
598 577
599 32
600 453
601 48
602 84
603 461
604 13
605 41
606 846
607 730
608 75
609 689
610 328
611 70
612 616
613 229
614 183
615 312
616 100
617 538
618 755
619 761
620 171
621 502
622 234
623 65
624 717
625 82
626 865
627 98
628 552
629 415
630 161
631 394
632 701
633 384
634 98
635 53
636 22
637 2
638 184
639 61
640 800
641 652
642 613
643 267
644 498
645 337
646 182
647 89
648 747
649 805
650 521
651 680
652 256
653 46
654 470
655 804
656 195
657 316
658 714
659 351
660 389
661 377
662 545
663 8
664 404
665 683
666 34
667 17
668 71
669 586
670 5
671 679
672 730
673 170
674 679
675 826
676 93
677 543
678 792
679 142
680 846
681 338
682 634
683 367
684 507
685 575
686 407
687 300
688 466
689 722
690 715
691 471
692 85
693 180
694 13
695 53
696 270
697 358
698 260
699 368
700 491
701 436
702 327
703 611
704 370
705 4
706 717
707 101
708 359
709 713
710 19
711 714
712 438
713 666
714 551
715 665
716 292
717 66
718 468
719 837
720 315
721 519
722 436
723 614
724 617
725 55
726 704
727 748
728 190
729 642
730 468
731 445
732 737
733 172
734 742
735 381
736 321
737 237
738 586
739 566
740 853
741 179
742 422
743 414
744 122
745 376
746 37
747 659
748 54
749 787
750 222
751 684
752 322
753 370
754 817
755 706
756 437
757 134
758 683
759 403
760 185
761 609
762 594
763 332
764 287
765 356
766 366
767 722
768 211
769 182
770 336
771 775
772 570
773 207
774 687
775 692
776 707
777 805
778 855
779 425
780 755
781 347
782 495
783 610
784 357
785 340
786 629
787 782
788 445
789 105
790 692
791 116
792 725
793 387
794 70
795 568
796 245
797 170
798 684
799 380
800 706
801 350
802 466
803 584
804 166
805 130
806 711
807 740
808 573
809 200
810 866
811 306
812 844
813 95
814 773
815 129
816 591
817 635
818 357
819 277
820 862
821 56
822 360
823 495
824 188
825 71
826 703
827 186
828 43
829 35
830 53
831 740
832 508
833 662
834 763
835 648
836 350
837 130
838 313
839 120
840 611
841 782
842 863
843 301
844 747
845 272
846 128
847 766
848 368
849 726
850 610
851 406
852 775
853 416
854 710
855 90
856 168
857 304
858 112
859 154
860 486
861 419
862 647
863 853
864 407
865 505
866 483
867 657
868 217
0 281
1 848
2 852
3 756
4 629
5 251
6 218
7 264
8 637
9 93
10 596
11 366
12 213
13 397
14 411
15 292
16 94
17 487
18 493
19 403
20 148
21 403
22 772
23 682
24 317
25 500
26 130
27 229
28 207
29 795
30 298
31 142
32 861
33 248
34 415
35 810
36 448
37 333
38 159
39 143
40 518
41 669
42 777
43 188
44 400
45 572
46 496
47 778
48 133
49 613
50 37
51 496
52 812
53 214
54 469
55 104
56 795
57 634
58 365
59 781
60 15
61 103
62 402
63 295
64 199
65 116
66 432
67 57
68 243
69 842
70 204
71 832
72 801
73 500
74 563
75 517
76 575
77 410
78 463
79 694
80 730
81 690
82 401
83 41
84 121
85 43
86 183
87 441
88 775
89 112
90 170
91 387
92 656
93 182
94 365
95 629
96 761
97 173
98 188
99 479
100 783
101 158
102 739
103 509
104 17
105 679
106 207
107 685
108 598
109 104
110 686
111 102
112 366
113 678
114 715
115 173
116 129
117 839
118 636
119 839
120 511
121 557
122 666
123 184
124 356
125 635
126 443
127 512
128 771
129 161
130 534
131 790
132 503
133 151
134 581
135 787
136 543
137 731
138 525
139 798
140 278
141 732
142 556
143 325
144 520
145 610
146 54
147 146
148 678
149 303
150 783
151 451
152 489
153 476
154 732
155 193
156 237
157 223
158 606
159 663
160 273
161 572
162 757
163 623
164 865
165 676
166 398
167 280
168 673
169 609
170 254
171 781
172 223
173 82
174 145
175 306
176 800
177 180
178 771
179 26
180 385
181 765
182 813
183 602
184 526
185 620
186 93
187 28
188 797
189 652
190 245
191 636
192 720
193 636
194 755
195 506
196 498
197 698
198 471
199 544
200 659
201 71
202 112
203 443
204 212
205 7
206 427
207 387
208 121
209 724
210 160
211 12
212 558
213 257
214 118
215 87
216 373
217 778
218 642
219 473
220 706
221 155
222 738
223 520
224 76
225 244
226 856
227 38
228 814
229 296
230 9
231 245
232 437
233 862
234 396
235 483
236 249
237 827
238 182
239 591
240 429
241 495
242 655
243 310
244 543
245 379
246 114
247 460
248 428
249 790
250 650
251 286
252 232
253 525
254 835
255 577
256 315
257 139
258 692
259 773
260 468
261 739
262 407
263 599
264 58
265 355
266 169
267 201
268 524
269 306
270 553
271 458
272 588
273 629
274 548
275 782
276 599
277 637
278 159
279 637
280 309
281 2
282 841
283 753
284 686
285 443
286 49
287 488
288 350
289 131
290 596
291 743
292 187
293 742
294 233
295 21
296 360
297 254
298 220
299 244
300 739
301 572
302 628
303 242
304 68
305 139
306 165
307 793
308 855
309 559
310 250
311 433
312 665
313 159
314 581
315 255
316 230
317 605
318 580
319 792
320 316
321 122
322 392
323 571
324 61
325 810
326 193
327 178
328 370
329 346
330 436
331 231
332 413
333 275
334 201
335 817
336 74
337 403
338 449
339 348
340 21
341 261
342 353
343 611
344 586
345 457
346 264
347 406
348 554
349 792
350 207
351 139
352 589
353 85
354 613
355 281
356 571
357 492
358 563
359 225
360 281
361 178
362 655
363 194
364 837
365 749
366 35
367 100
368 861
369 721
370 358
371 752
372 414
373 300
374 545
375 747
376 604
377 302
378 620
379 559
380 830
381 820
382 581
383 135
384 24
385 336
386 156
387 526
388 815
389 794
390 420
391 708
392 351
393 405
394 413
395 773
396 118
397 692
398 867
399 352
400 676
401 659
402 56
403 765
404 101
405 318
406 458
407 358
408 617
409 30
410 671
411 104
412 546
413 202
414 9
415 200
416 768
417 727
418 7
419 861
420 262
421 531
422 401
423 293
424 183
425 763
426 394
427 693
428 83
429 78
430 678
431 127
432 367
433 533
434 4
435 689
436 857
437 713
438 231
439 839
440 359
441 827
442 87
443 601
444 574
445 349
446 438
447 52
448 298
449 452
450 588
451 214
452 284
453 750
454 196
455 331
456 835
457 561
458 481
459 243
460 789
461 508
462 686
463 460
464 32
465 556
466 804
467 442
468 668
469 638
470 312
471 692
472 3
473 579
474 298
475 650
476 662
477 505
478 427
479 485
480 517
481 345
482 818
483 271
484 785
485 810
486 82
487 74
488 493
489 256
490 544
491 545
492 413
493 60
494 730
495 370
496 333
497 786
498 449
499 147
500 798
501 400
502 579
503 600
504 470
505 235
506 508
507 299
508 8
509 84
510 561
511 113
512 853
513 484
514 267
515 409
516 275
517 185
518 224
519 88
520 628
521 501
522 637
523 604
524 141
525 56
526 465
527 431
528 56
529 429
530 58
531 279
532 608
533 69
534 855
535 857
536 848
537 336
538 607
539 818
540 716
541 137
542 299
543 729
544 197
545 335
546 191
547 818
548 647
549 554
550 279
551 755
552 562
553 248
554 376
555 868
556 593
557 193
558 685
559 817
560 34
561 39
562 217
563 721
564 816
565 475
566 710
567 425
568 641
569 305
570 408
571 445
572 753
573 37
574 656
575 477
576 327
577 29
578 465
579 440
580 162
581 728
582 25
583 19
584 581
585 512
586 400
587 332
588 482
589 232
590 792
591 631
592 248
593 127
594 595
595 505
596 234
597 250
598 577
599 32
600 453
601 618
602 546
603 787
604 13
605 508
606 606
607 286
608 277
609 469
610 514
611 70
612 616
613 261
614 341
615 741
616 272
617 180
618 823
619 761
620 746
621 484
622 730
623 65
624 717
625 722
626 865
627 708
628 552
629 681
630 417
631 394
632 701
633 384
634 13
635 53
636 68
637 2
638 377
639 61
640 164
641 302
642 613
643 267
644 844
645 552
646 114
647 610
648 619
649 407
650 18
651 680
652 115
653 743
654 470
655 434
656 28
657 733
658 714
659 39
660 389
661 822
662 859
663 608
664 404
665 683
666 50
667 229
668 71
669 580
670 261
671 331
672 767
673 170
674 199
675 826
676 633
677 543
678 792
679 862
680 830
681 338
682 552
683 367
684 507
685 575
686 810
687 695
688 466
689 722
690 715
691 848
692 85
693 725
694 805
695 261
696 727
697 141
698 260
699 237
700 491
701 334
702 688
703 284
704 370
705 166
706 637
707 101
708 403
709 713
710 19
711 272
712 524
713 666
714 13
715 665
716 393
717 66
718 53
719 388
720 119
721 519
722 644
723 614
724 132
725 456
726 704
727 788
728 190
729 642
730 774
731 288
732 737
733 110
734 643
735 381
736 142
737 444
738 421
739 566
740 853
741 861
742 422
743 388
744 122
745 376
746 710
747 659
748 54
749 543
750 589
751 598
752 322
753 178
754 817
755 706
756 586
757 567
758 196
759 69
760 185
761 609
762 594
763 332
764 287
765 39
766 366
767 722
768 211
769 182
770 819
771 673
772 570
773 200
774 687
775 295
776 707
777 805
778 684
779 645
780 72
781 347
782 822
783 610
784 374
785 340
786 629
787 743
788 445
789 105
790 743
791 818
792 324
793 387
794 11
795 281
796 333
797 430
798 582
799 380
800 706
801 632
802 136
803 112
804 264
805 99
806 711
807 641
808 256
809 200
810 677
811 306
812 80
813 95
814 297
815 839
816 591
817 350
818 357
819 420
820 862
821 51
822 261
823 48
824 188
825 195
826 703
827 174
828 43
829 335
830 53
831 293
832 160
833 421
834 172
835 648
836 350
837 310
838 464
839 120
840 627
841 573
842 301
843 145
844 747
845 24
846 128
847 229
848 368
849 785
850 222
851 829
852 775
853 397
854 710
855 522
856 473
857 304
858 396
859 306
860 522
861 419
862 815
863 141
864 172
865 610
866 483
867 840
868 534
