0 851
1 523
2 490
3 263
4 749
5 440
6 548
7 222
8 741
9 341
10 347
11 215
12 497
13 637
14 289
15 322
16 338
17 401
18 344
19 524
20 357
21 604
22 661
23 268
24 525
25 202
26 338
27 135
28 669
29 5
30 165
31 661
32 806
33 352
34 53
35 773
36 645
37 12
38 782
39 93
40 678
41 475
42 21
43 834
44 135
45 154
46 656
47 189
48 298
49 516
50 491
51 661
52 763
53 157
54 73
55 195
56 219
57 0
58 399
59 283
60 728
61 400
62 62
63 494
64 761
65 760
66 536
67 94
68 475
69 807
70 173
71 185
72 627
73 660
74 836
75 271
76 527
77 568
78 145
79 211
80 609
81 199
82 315
83 458
84 58
85 69
86 495
87 524
88 318
89 61
90 651
91 395
92 814
93 648
94 100
95 730
96 4
97 208
98 242
99 548
100 749
101 401
102 547
103 479
104 767
105 446
106 78
107 342
108 237
109 691
110 620
111 386
112 831
113 88
114 203
115 318
116 346
117 723
118 461
119 790
120 701
121 719
122 754
123 528
124 710
125 365
126 444
127 137
128 840
129 772
130 655
131 259
132 105
133 349
134 20
135 535
136 464
137 263
138 696
139 1
140 721
141 312
142 732
143 481
144 377
145 342
146 163
147 683
148 276
149 409
150 849
151 80
152 63
153 265
154 829
155 238
156 552
157 625
158 48
159 427
160 633
161 123
162 304
163 235
164 823
165 330
166 440
167 400
168 313
169 116
170 848
171 574
172 43
173 336
174 647
175 62
176 216
177 867
178 733
179 833
180 416
181 100
182 255
183 125
184 364
185 288
186 777
187 750
188 599
189 852
190 393
191 703
192 491
193 456
194 192
195 500
196 71
197 536
198 780
199 593
200 539
201 332
202 271
203 731
204 63
205 103
206 252
207 539
208 200
209 841
210 122
211 835
212 866
213 101
214 657
215 516
216 149
217 213
218 101
219 598
220 784
221 619
222 540
223 270
224 343
225 389
226 250
227 443
228 97
229 471
230 338
231 821
232 644
233 73
234 281
235 327
236 417
237 452
238 621
239 55
240 831
241 328
242 559
243 696
244 829
245 192
246 690
247 178
248 653
249 318
250 744
251 815
252 204
253 264
254 482
255 474
256 297
257 649
258 651
259 718
260 259
261 643
262 21
263 711
264 145
265 302
266 419
267 836
268 157
269 262
270 621
271 630
272 830
273 719
274 174
275 304
276 461
277 207
278 34
279 6
280 417
281 808
282 742
283 242
284 771
285 65
286 790
287 419
288 797
289 383
290 84
291 86
292 197
293 120
294 404
295 575
296 452
297 192
298 408
299 843
300 690
301 651
302 558
303 608
304 498
305 597
306 373
307 777
308 426
309 185
310 383
311 616
312 375
313 109
314 223
315 238
316 767
317 129
318 764
319 622
320 346
321 673
322 305
323 114
324 283
325 552
326 500
327 656
328 238
329 396
330 542
331 190
332 648
333 563
334 295
335 26
336 83
337 609
338 641
339 720
340 205
341 657
342 134
343 304
344 638
345 801
346 687
347 131
348 136
349 528
350 165
351 305
352 648
353 224
354 586
355 557
356 532
357 83
358 621
359 441
360 406
361 146
362 6
363 486
364 669
365 408
366 520
367 229
368 537
369 735
370 480
371 770
372 231
373 370
374 135
375 210
376 64
377 480
378 752
379 470
380 78
381 73
382 89
383 795
384 702
385 112
386 154
387 394
388 61
389 150
390 619
391 450
392 210
393 438
394 211
395 438
396 73
397 374
398 143
399 578
400 157
401 107
402 712
403 353
404 553
405 566
406 742
407 108
408 481
409 452
410 497
411 576
412 585
413 279
414 308
415 838
416 194
417 225
418 86
419 764
420 460
421 230
422 606
423 386
424 460
425 282
426 18
427 262
428 854
429 85
430 617
431 65
432 128
433 281
434 768
435 540
436 167
437 558
438 414
439 806
440 622
441 616
442 436
443 163
444 261
445 546
446 835
447 449
448 433
449 220
450 74
451 609
452 147
453 322
454 832
455 829
456 619
457 509
458 571
459 490
460 723
461 712
462 198
463 350
464 166
465 790
466 73
467 6
468 615
469 648
470 485
471 600
472 89
473 668
474 335
475 326
476 144
477 533
478 378
479 616
480 573
481 260
482 829
483 822
484 760
485 122
486 607
487 749
488 398
489 190
490 836
491 424
492 655
493 314
494 245
495 149
496 555
497 4
498 89
499 841
500 804
501 356
502 152
503 448
504 29
505 381
506 110
507 318
508 432
509 391
510 672
511 305
512 297
513 522
514 826
515 201
516 608
517 724
518 353
519 750
520 739
521 862
522 261
523 636
524 561
525 69
526 272
527 780
528 509
529 640
530 449
531 501
532 195
533 195
534 569
535 219
536 195
537 602
538 416
539 513
540 6
541 22
542 415
543 72
544 54
545 863
546 54
547 382
548 749
549 478
550 344
551 758
552 628
553 230
554 151
555 235
556 620
557 568
558 255
559 450
560 736
561 381
562 20
563 484
564 647
565 382
566 839
567 9
568 104
569 143
570 273
571 140
572 256
573 850
574 188
575 718
576 823
577 167
578 751
579 416
580 299
581 624
582 96
583 781
584 842
585 400
586 391
587 518
588 452
589 834
590 178
591 771
592 63
593 746
594 46
595 447
596 91
597 222
598 369
599 775
600 618
601 92
602 226
603 722
604 264
605 645
606 289
607 356
608 341
609 459
610 636
611 309
612 147
613 298
614 838
615 96
616 761
617 91
618 263
619 477
620 789
621 816
622 395
623 682
624 623
625 274
626 410
627 630
628 158
629 505
630 83
631 575
632 688
633 28
634 774
635 328
636 206
637 621
638 140
639 605
640 595
641 679
642 161
643 404
644 602
645 824
646 565
647 487
648 611
649 80
650 522
651 742
652 332
653 421
654 540
655 449
656 546
657 653
658 238
659 748
660 176
661 152
662 831
663 116
664 436
665 845
666 298
667 867
668 560
669 136
670 552
671 860
672 467
673 607
674 669
675 759
676 344
677 724
678 660
679 636
680 43
681 708
682 48
683 760
684 450
685 860
686 808
687 138
688 122
689 309
690 114
691 858
692 50
693 593
694 588
695 546
696 856
697 496
698 272
699 303
700 41
701 154
702 148
703 228
704 314
705 264
706 386
707 449
708 290
709 133
710 831
711 834
712 827
713 315
714 462
715 634
716 584
717 451
718 689
719 82
720 472
721 535
722 147
723 323
724 667
725 842
726 708
727 31
728 500
729 632
730 821
731 353
732 150
733 802
734 52
735 827
736 193
737 197
738 755
739 291
740 650
741 788
742 610
743 214
744 241
745 595
746 233
747 707
748 757
749 422
750 572
751 747
752 246
753 331
754 678
755 616
756 609
757 586
758 198
759 257
760 353
761 385
762 60
763 687
764 400
765 710
766 274
767 531
768 86
769 716
770 326
771 199
772 242
773 860
774 777
775 253
776 749
777 28
778 711
779 377
780 833
781 503
782 214
783 555
784 757
785 468
786 797
787 154
788 250
789 263
790 247
791 507
792 549
793 256
794 174
795 722
796 424
797 6
798 477
799 819
800 830
801 429
802 239
803 740
804 320
805 661
806 589
807 147
808 501
809 507
810 536
811 657
812 438
813 219
814 250
815 292
816 500
817 368
818 295
819 773
820 786
821 722
822 253
823 296
824 431
825 487
826 362
827 261
828 784
829 120
830 858
831 6
832 442
833 484
834 90
835 478
836 809
837 857
838 215
839 183
840 161
841 830
842 690
843 441
844 372
845 255
846 682
847 784
848 630
849 171
850 445
851 496
852 448
853 33
854 768
855 603
856 351
857 391
858 551
859 853
860 37
861 445
862 857
863 314
864 778
865 751
866 633
867 353
868 33
0 851
1 549
2 490
3 258
4 749
5 270
6 548
7 222
8 91
9 152
10 508
11 215
12 497
13 194
14 289
15 322
16 277
17 401
18 7
19 16
20 357
21 861
22 139
23 268
24 59
25 202
26 338
27 135
28 669
29 685
30 165
31 661
32 556
33 611
34 146
35 122
36 645
37 12
38 396
39 93
40 114
41 317
42 21
43 289
44 782
45 154
46 349
47 828
48 154
49 516
50 20
51 661
52 763
53 157
54 62
55 195
56 676
57 2
58 399
59 456
60 571
61 473
62 490
63 755
64 606
65 846
66 35
67 503
68 475
69 125
70 173
71 478
72 266
73 660
74 485
75 271
76 684
77 568
78 145
79 622
80 841
81 199
82 713
83 629
84 63
85 521
86 201
87 524
88 318
89 61
90 651
91 624
92 180
93 648
94 734
95 685
96 239
97 694
98 342
99 548
100 749
101 401
102 642
103 709
104 767
105 293
106 78
107 342
108 237
109 638
110 620
111 386
112 831
113 554
114 203
115 814
116 488
117 430
118 712
119 790
120 97
121 719
122 754
123 530
124 57
125 365
126 841
127 356
128 840
129 772
130 655
131 848
132 598
133 328
134 807
135 535
136 478
137 386
138 696
139 1
140 780
141 621
142 378
143 159
144 546
145 183
146 163
147 683
148 276
149 409
150 333
151 619
152 731
153 126
154 829
155 167
156 552
157 163
158 230
159 427
160 633
161 123
162 127
163 47
164 719
165 330
166 166
167 761
168 760
169 442
170 848
171 574
172 797
173 864
174 647
175 62
176 195
177 867
178 625
179 833
180 416
181 442
182 685
183 125
184 451
185 288
186 713
187 572
188 599
189 852
190 135
191 703
192 5
193 11
194 850
195 450
196 71
197 386
198 780
199 677
200 40
201 332
202 271
203 731
204 736
205 78
206 252
207 502
208 200
209 44
210 122
211 414
212 866
213 101
214 657
215 516
216 149
217 213
218 101
219 592
220 164
221 298
222 40
223 584
224 343
225 389
226 250
227 76
228 97
229 638
230 723
231 821
232 543
233 584
234 281
235 467
236 610
237 159
238 83
239 55
240 831
241 128
242 559
243 265
244 687
245 418
246 795
247 255
248 675
249 412
250 744
251 352
252 204
253 264
254 773
255 474
256 612
257 649
258 277
259 718
260 606
261 551
262 21
263 711
264 230
265 818
266 220
267 168
268 173
269 69
270 212
271 846
272 830
273 719
274 174
275 81
276 224
277 235
278 361
279 6
280 824
281 131
282 413
283 220
284 96
285 65
286 557
287 419
288 793
289 334
290 114
291 86
292 130
293 492
294 404
295 575
296 452
297 313
298 664
299 771
300 690
301 651
302 558
303 608
304 498
305 264
306 440
307 404
308 164
309 185
310 272
311 616
312 788
313 109
314 223
315 293
316 39
317 225
318 23
319 75
320 346
321 293
322 868
323 194
324 283
325 552
326 500
327 656
328 400
329 396
330 773
331 689
332 196
333 563
334 513
335 254
336 83
337 419
338 319
339 720
340 306
341 657
342 494
343 304
344 638
345 50
346 687
347 322
348 0
349 528
350 329
351 804
352 319
353 827
354 586
355 557
356 574
357 701
358 851
359 441
360 478
361 146
362 609
363 143
364 348
365 408
366 520
367 229
368 339
369 383
370 480
371 336
372 326
373 370
374 135
375 210
376 64
377 480
378 752
379 470
380 78
381 802
382 89
383 541
384 702
385 91
386 154
387 9
388 776
389 697
390 619
391 376
392 210
393 422
394 233
395 347
396 73
397 538
398 42
399 46
400 556
401 310
402 94
403 353
404 149
405 566
406 325
407 273
408 481
409 173
410 497
411 359
412 585
413 500
414 308
415 234
416 194
417 231
418 454
419 527
420 370
421 230
422 606
423 343
424 460
425 282
426 581
427 262
428 854
429 183
430 617
431 194
432 47
433 281
434 333
435 540
436 167
437 4
438 358
439 806
440 622
441 616
442 62
443 163
444 554
445 546
446 692
447 826
448 154
449 220
450 74
451 390
452 147
453 322
454 832
455 829
456 604
457 618
458 164
459 732
460 723
461 274
462 116
463 809
464 166
465 769
466 310
467 440
468 306
469 800
470 406
471 600
472 717
473 462
474 64
475 326
476 286
477 276
478 746
479 635
480 573
481 582
482 829
483 822
484 760
485 135
486 807
487 152
488 249
489 151
490 17
491 470
492 673
493 562
494 765
495 149
496 625
497 786
498 598
499 725
500 804
501 347
502 152
503 359
504 652
505 704
506 110
507 504
508 782
509 391
510 819
511 305
512 146
513 522
514 360
515 201
516 309
517 724
518 583
519 750
520 739
521 407
522 261
523 147
524 561
525 491
526 794
527 190
528 509
529 385
530 311
531 846
532 327
533 636
534 163
535 219
536 195
537 177
538 416
539 3
540 291
541 531
542 568
543 137
544 653
545 629
546 54
547 382
548 749
549 478
550 344
551 758
552 628
553 776
554 151
555 235
556 620
557 91
558 361
559 450
560 333
561 381
562 20
563 484
564 367
565 217
566 839
567 9
568 861
569 678
570 128
571 807
572 256
573 351
574 188
575 718
576 823
577 167
578 509
579 416
580 558
581 558
582 138
583 287
584 842
585 295
586 324
587 848
588 375
589 834
590 277
591 740
592 692
593 746
594 694
595 818
596 135
597 430
598 369
599 775
600 618
601 92
602 267
603 722
604 244
605 380
606 289
607 385
608 341
609 687
610 64
611 309
612 147
613 806
614 39
615 96
616 761
617 91
618 263
619 829
620 789
621 816
622 395
623 581
624 431
625 586
626 410
627 393
628 571
629 252
630 625
631 451
632 270
633 28
634 405
635 688
636 409
637 1
638 140
639 605
640 595
641 679
642 110
643 101
644 119
645 791
646 565
647 613
648 611
649 159
650 175
651 553
652 332
653 469
654 540
655 449
656 546
657 653
658 631
659 691
660 176
661 152
662 679
663 587
664 244
665 845
666 233
667 112
668 656
669 585
670 858
671 860
672 204
673 550
674 669
675 759
676 487
677 337
678 209
679 636
680 43
681 248
682 733
683 692
684 450
685 860
686 292
687 805
688 106
689 841
690 100
691 737
692 50
693 445
694 588
695 546
696 369
697 496
698 152
699 33
700 720
701 154
702 800
703 214
704 12
705 347
706 778
707 449
708 131
709 713
710 210
711 834
712 566
713 315
714 462
715 634
716 584
717 103
718 689
719 82
720 472
721 393
722 147
723 690
724 310
725 842
726 708
727 418
728 529
729 733
730 821
731 355
732 386
733 555
734 52
735 247
736 368
737 624
738 249
739 168
740 610
741 629
742 51
743 214
744 141
745 595
746 233
747 234
748 704
749 500
750 572
751 251
752 246
753 136
754 208
755 616
756 609
757 586
758 545
759 502
760 450
761 261
762 60
763 687
764 651
765 710
766 274
767 225
768 718
769 716
770 326
771 400
772 242
773 860
774 406
775 777
776 363
777 494
778 104
779 811
780 541
781 503
782 148
783 555
784 757
785 235
786 797
787 99
788 250
789 263
790 82
791 180
792 549
793 755
794 338
795 399
796 422
797 6
798 477
799 413
800 446
801 264
802 239
803 267
804 520
805 785
806 196
807 147
808 129
809 507
810 779
811 560
812 424
813 226
814 250
815 855
816 369
817 430
818 295
819 773
820 744
821 722
822 596
823 296
824 431
825 280
826 671
827 323
828 784
829 120
830 858
831 6
832 400
833 852
834 516
835 478
836 710
837 857
838 215
839 183
840 161
841 830
842 249
843 145
844 96
845 320
846 843
847 489
848 626
849 171
850 445
851 115
852 637
853 33
854 573
855 268
856 351
857 749
858 551
859 437
860 37
861 129
862 55
863 314
864 382
865 290
866 633
867 142
868 274
