0 317
1 778
2 680
3 277
4 855
5 751
6 162
7 382
8 258
9 293
10 673
11 661
12 590
13 549
14 851
15 822
16 622
17 72
18 582
19 229
20 247
21 675
22 784
23 796
24 676
25 513
26 395
27 138
28 51
29 182
30 390
31 719
32 714
33 658
34 504
35 299
36 397
37 82
38 626
39 123
40 430
41 318
42 634
43 846
44 81
45 799
46 434
47 767
48 511
49 25
50 538
51 852
52 635
53 640
54 442
55 459
56 610
57 182
58 191
59 460
60 623
61 190
62 619
63 28
64 140
65 628
66 116
67 397
68 200
69 403
70 400
71 825
72 752
73 677
74 526
75 577
76 139
77 736
78 811
79 616
80 412
81 293
82 742
83 721
84 485
85 796
86 347
87 811
88 435
89 505
90 266
91 630
92 316
93 41
94 209
95 705
96 181
97 369
98 686
99 87
100 600
101 756
102 425
103 609
104 251
105 139
106 654
107 29
108 504
109 606
110 617
111 708
112 484
113 385
114 666
115 255
116 468
117 33
118 310
119 830
120 534
121 222
122 805
123 354
124 495
125 392
126 461
127 255
128 262
129 82
130 128
131 390
132 166
133 533
134 802
135 20
136 307
137 361
138 509
139 456
140 588
141 329
142 406
143 313
144 54
145 324
146 247
147 8
148 433
149 97
150 770
151 743
152 794
153 336
154 507
155 60
156 301
157 338
158 648
159 273
160 367
161 590
162 126
163 522
164 290
165 87
166 420
167 249
168 107
169 625
170 804
171 100
172 61
173 117
174 124
175 320
176 739
177 266
178 665
179 379
180 668
181 790
182 292
183 841
184 36
185 585
186 599
187 633
188 98
189 816
190 581
191 235
192 236
193 434
194 843
195 643
196 767
197 256
198 857
199 612
200 121
201 371
202 241
203 291
204 839
205 374
206 72
207 244
208 112
209 688
210 606
211 721
212 718
213 567
214 715
215 639
216 42
217 9
218 488
219 348
220 17
221 280
222 834
223 674
224 117
225 23
226 163
227 31
228 300
229 164
230 504
231 537
232 791
233 256
234 858
235 186
236 606
237 275
238 126
239 701
240 38
241 189
242 591
243 647
244 654
245 313
246 591
247 647
248 781
249 149
250 179
251 835
252 120
253 163
254 121
255 360
256 831
257 219
258 242
259 204
260 720
261 731
262 385
263 442
264 208
265 150
266 847
267 219
268 503
269 729
270 430
271 413
272 642
273 477
274 440
275 636
276 109
277 45
278 827
279 504
280 655
281 661
282 203
283 321
284 819
285 99
286 252
287 137
288 487
289 324
290 780
291 451
292 609
293 147
294 290
295 569
296 790
297 181
298 98
299 693
300 194
301 771
302 421
303 777
304 394
305 470
306 410
307 779
308 299
309 292
310 402
311 194
312 576
313 696
314 820
315 663
316 786
317 549
318 446
319 189
320 11
321 617
322 805
323 749
324 401
325 545
326 274
327 448
328 543
329 849
330 476
331 670
332 121
333 100
334 440
335 201
336 393
337 531
338 252
339 470
340 89
341 551
342 630
343 816
344 12
345 687
346 799
347 350
348 711
349 764
350 759
351 84
352 488
353 528
354 188
355 554
356 430
357 577
358 502
359 630
360 448
361 725
362 728
363 336
364 413
365 572
366 159
367 451
368 508
369 691
370 465
371 293
372 763
373 395
374 856
375 251
376 142
377 683
378 418
379 775
380 705
381 796
382 155
383 223
384 390
385 394
386 750
387 585
388 123
389 363
390 437
391 517
392 286
393 734
394 220
395 289
396 550
397 836
398 164
399 319
400 36
401 106
402 58
403 856
404 589
405 327
406 458
407 410
408 407
409 482
410 847
411 811
412 383
413 113
414 522
415 825
416 68
417 238
418 78
419 458
420 437
421 57
422 518
423 358
424 63
425 418
426 334
427 411
428 701
429 164
430 337
431 361
432 361
433 718
434 837
435 711
436 557
437 4
438 556
439 26
440 817
441 409
442 351
443 239
444 53
445 676
446 444
447 367
448 749
449 409
450 374
451 732
452 238
453 232
454 363
455 572
456 647
457 35
458 118
459 97
460 821
461 64
462 178
463 753
464 306
465 727
466 859
467 509
468 587
469 481
470 100
471 758
472 578
473 410
474 705
475 398
476 47
477 539
478 542
479 159
480 9
481 5
482 394
483 522
484 310
485 321
486 693
487 12
488 569
489 601
490 622
491 482
492 250
493 196
494 61
495 216
496 84
497 133
498 825
499 59
500 157
501 296
502 509
503 430
504 155
505 641
506 487
507 407
508 218
509 379
510 244
511 362
512 331
513 354
514 608
515 404
516 668
517 746
518 481
519 136
520 391
521 257
522 630
523 798
524 333
525 25
526 392
527 307
528 699
529 143
530 674
531 16
532 277
533 737
534 58
535 63
536 422
537 424
538 135
539 47
540 794
541 622
542 478
543 14
544 671
545 471
546 146
547 139
548 362
549 401
550 673
551 599
552 8
553 739
554 403
555 325
556 556
557 40
558 171
559 111
560 304
561 563
562 829
563 285
564 287
565 175
566 598
567 447
568 822
569 508
570 707
571 632
572 160
573 541
574 124
575 8
576 255
577 35
578 708
579 90
580 288
581 182
582 500
583 469
584 626
585 253
586 215
587 296
588 745
589 470
590 806
591 116
592 763
593 736
594 669
595 227
596 748
597 790
598 594
599 830
600 586
601 832
602 795
603 330
604 765
605 327
606 145
607 756
608 119
609 673
610 374
611 124
612 263
613 843
614 85
615 259
616 59
617 436
618 417
619 165
620 384
621 46
622 129
623 29
624 598
625 693
626 91
627 755
628 849
629 694
630 760
631 6
632 421
633 222
634 576
635 302
636 684
637 207
638 256
639 10
640 70
641 467
642 707
643 208
644 317
645 138
646 408
647 468
648 681
649 597
650 568
651 868
652 596
653 82
654 276
655 378
656 669
657 234
658 820
659 619
660 16
661 285
662 57
663 625
664 606
665 650
666 363
667 798
668 860
669 847
670 0
671 318
672 579
673 724
674 85
675 76
676 80
677 356
678 44
679 181
680 635
681 66
682 531
683 26
684 593
685 654
686 419
687 719
688 425
689 445
690 601
691 619
692 310
693 194
694 629
695 258
696 528
697 439
698 755
699 756
700 555
701 776
702 835
703 640
704 319
705 475
706 294
707 798
708 310
709 658
710 106
711 655
712 425
713 112
714 735
715 10
716 252
717 284
718 802
719 781
720 363
721 191
722 654
723 630
724 7
725 33
726 783
727 532
728 250
729 153
730 751
731 453
732 405
733 162
734 341
735 106
736 457
737 711
738 474
739 180
740 395
741 426
742 840
743 155
744 198
745 465
746 203
747 643
748 605
749 157
750 68
751 608
752 809
753 813
754 611
755 302
756 5
757 159
758 793
759 136
760 728
761 699
762 731
763 620
764 771
765 287
766 125
767 735
768 508
769 520
770 100
771 369
772 789
773 574
774 796
775 542
776 804
777 187
778 160
779 96
780 828
781 422
782 684
783 94
784 834
785 78
786 434
787 664
788 25
789 91
790 104
791 519
792 453
793 853
794 658
795 594
796 530
797 146
798 355
799 19
800 612
801 386
802 847
803 250
804 692
805 793
806 15
807 117
808 689
809 322
810 82
811 769
812 677
813 120
814 129
815 432
816 391
817 437
818 94
819 786
820 623
821 790
822 797
823 33
824 31
825 864
826 448
827 607
828 264
829 180
830 197
831 3
832 792
833 840
834 670
835 280
836 618
837 633
838 500
839 558
840 792
841 55
842 672
843 385
844 457
845 700
846 228
847 366
848 654
849 541
850 1
851 87
852 399
853 529
854 447
855 210
856 224
857 590
858 606
859 621
860 600
861 267
862 461
863 73
864 515
865 671
866 510
867 467
868 366
0 317
1 778
2 680
3 277
4 507
5 47
6 757
7 868
8 278
9 293
10 410
11 102
12 284
13 549
14 836
15 405
16 2
17 72
18 582
19 229
20 247
21 384
22 400
23 796
24 80
25 272
26 385
27 138
28 51
29 547
30 110
31 719
32 513
33 394
34 504
35 226
36 113
37 637
38 113
39 282
40 430
41 318
42 217
43 775
44 81
45 799
46 434
47 767
48 511
49 289
50 538
51 852
52 37
53 640
54 442
55 79
56 567
57 55
58 191
59 565
60 623
61 78
62 619
63 28
64 281
65 144
66 116
67 397
68 825
69 234
70 400
71 825
72 669
73 596
74 783
75 577
76 516
77 187
78 807
79 616
80 406
81 452
82 322
83 721
84 485
85 796
86 347
87 462
88 435
89 505
90 301
91 232
92 316
93 499
94 667
95 705
96 695
97 714
98 686
99 14
100 600
101 435
102 509
103 609
104 251
105 507
106 211
107 749
108 114
109 293
110 854
111 492
112 484
113 164
114 417
115 658
116 539
117 33
118 95
119 603
120 256
121 222
122 805
123 110
124 688
125 234
126 461
127 40
128 262
129 82
130 128
131 733
132 166
133 533
134 802
135 835
136 127
137 361
138 88
139 436
140 163
141 329
142 701
143 313
144 54
145 324
146 295
147 342
148 751
149 240
150 709
151 743
152 334
153 37
154 507
155 50
156 301
157 401
158 574
159 273
160 625
161 590
162 795
163 866
164 290
165 862
166 420
167 40
168 107
169 625
170 477
171 100
172 293
173 326
174 551
175 148
176 826
177 266
178 170
179 379
180 668
181 132
182 738
183 367
184 438
185 585
186 599
187 800
188 674
189 98
190 581
191 235
192 66
193 750
194 591
195 270
196 767
197 256
198 857
199 626
200 121
201 371
202 170
203 291
204 144
205 833
206 373
207 244
208 743
209 378
210 790
211 721
212 115
213 567
214 334
215 639
216 212
217 625
218 757
219 72
220 17
221 730
222 603
223 865
224 117
225 23
226 174
227 498
228 195
229 164
230 753
231 188
232 263
233 395
234 683
235 186
236 29
237 615
238 129
239 814
240 193
241 173
242 591
243 277
244 303
245 313
246 591
247 647
248 709
249 734
250 211
251 364
252 830
253 47
254 784
255 813
256 462
257 243
258 242
259 204
260 720
261 638
262 734
263 627
264 387
265 129
266 847
267 38
268 479
269 729
270 430
271 203
272 642
273 477
274 440
275 243
276 786
277 107
278 709
279 504
280 655
281 661
282 526
283 321
284 699
285 99
286 252
287 137
288 80
289 324
290 42
291 151
292 756
293 147
294 290
295 569
296 240
297 849
298 98
299 693
300 44
301 495
302 152
303 226
304 394
305 470
306 410
307 779
308 561
309 249
310 354
311 194
312 390
313 145
314 820
315 772
316 439
317 811
318 446
319 189
320 775
321 82
322 469
323 314
324 401
325 545
326 403
327 171
328 855
329 105
330 857
331 670
332 121
333 518
334 440
335 695
336 393
337 531
338 252
339 470
340 226
341 551
342 415
343 816
344 12
345 362
346 799
347 582
348 711
349 325
350 759
351 502
352 796
353 53
354 188
355 554
356 265
357 577
358 502
359 630
360 130
361 725
362 728
363 336
364 413
365 572
366 623
367 453
368 75
369 703
370 553
371 532
372 0
373 24
374 856
375 562
376 142
377 683
378 418
379 775
380 120
381 796
382 155
383 223
384 278
385 394
386 182
387 117
388 426
389 392
390 372
391 150
392 664
393 794
394 220
395 289
396 565
397 836
398 164
399 319
400 36
401 499
402 167
403 46
404 589
405 651
406 168
407 521
408 407
409 520
410 403
411 84
412 383
413 113
414 371
415 70
416 708
417 314
418 398
419 458
420 437
421 57
422 285
423 232
424 238
425 542
426 357
427 411
428 701
429 164
430 337
431 415
432 361
433 718
434 837
435 458
436 833
437 212
438 556
439 26
440 817
441 409
442 351
443 239
444 55
445 676
446 444
447 804
448 750
449 409
450 374
451 732
452 839
453 232
454 232
455 572
456 566
457 755
458 118
459 97
460 821
461 64
462 718
463 69
464 306
465 173
466 859
467 509
468 77
469 481
470 100
471 758
472 578
473 396
474 705
475 398
476 807
477 539
478 542
479 640
480 678
481 519
482 500
483 811
484 310
485 663
486 693
487 12
488 569
489 413
490 622
491 482
492 250
493 196
494 716
495 216
496 852
497 694
498 762
499 59
500 416
501 236
502 172
503 617
504 167
505 666
506 452
507 133
508 218
509 379
510 244
511 249
512 331
513 166
514 608
515 404
516 354
517 746
518 508
519 509
520 391
521 832
522 391
523 360
524 333
525 25
526 315
527 307
528 278
529 143
530 674
531 16
532 277
533 737
534 58
535 63
536 422
537 230
538 135
539 452
540 794
541 103
542 485
543 311
544 734
545 471
546 146
547 606
548 452
549 647
550 182
551 182
552 768
553 501
554 403
555 325
556 556
557 27
558 171
559 111
560 304
561 563
562 466
563 825
564 511
565 175
566 168
567 447
568 269
569 451
570 707
571 422
572 473
573 532
574 710
575 668
576 255
577 696
578 462
579 400
580 252
581 191
582 584
583 71
584 717
585 253
586 215
587 806
588 142
589 764
590 449
591 192
592 763
593 591
594 669
595 227
596 748
597 796
598 594
599 830
600 585
601 832
602 44
603 330
604 765
605 643
606 145
607 756
608 707
609 673
610 374
611 0
612 263
613 620
614 85
615 468
616 351
617 436
618 741
619 729
620 95
621 46
622 129
623 681
624 140
625 384
626 91
627 755
628 729
629 438
630 354
631 770
632 583
633 222
634 852
635 302
636 684
637 584
638 256
639 10
640 70
641 426
642 69
643 208
644 167
645 31
646 390
647 468
648 394
649 639
650 403
651 868
652 81
653 82
654 340
655 185
656 669
657 448
658 820
659 453
660 800
661 135
662 691
663 625
664 190
665 742
666 23
667 798
668 62
669 847
670 0
671 598
672 579
673 164
674 813
675 76
676 80
677 659
678 793
679 181
680 297
681 66
682 41
683 26
684 22
685 654
686 419
687 540
688 375
689 445
690 607
691 372
692 809
693 194
694 264
695 770
696 626
697 439
698 238
699 125
700 555
701 776
702 578
703 697
704 319
705 475
706 294
707 798
708 310
709 658
710 410
711 655
712 458
713 839
714 735
715 180
716 252
717 284
718 749
719 834
720 339
721 191
722 469
723 520
724 7
725 820
726 783
727 2
728 250
729 153
730 751
731 138
732 294
733 162
734 341
735 769
736 457
737 711
738 766
739 114
740 95
741 426
742 840
743 155
744 88
745 773
746 203
747 398
748 713
749 157
750 83
751 608
752 227
753 216
754 577
755 545
756 486
757 860
758 793
759 234
760 218
761 699
762 16
763 615
764 555
765 753
766 240
767 735
768 508
769 34
770 100
771 727
772 789
773 219
774 796
775 542
776 572
777 575
778 160
779 96
780 315
781 540
782 684
783 371
784 458
785 78
786 434
787 664
788 25
789 91
790 128
791 769
792 453
793 235
794 791
795 293
796 587
797 146
798 355
799 19
800 612
801 218
802 723
803 250
804 692
805 793
806 486
807 397
808 815
809 287
810 82
811 868
812 160
813 266
814 129
815 64
816 795
817 377
818 507
819 786
820 636
821 595
822 221
823 33
824 554
825 321
826 721
827 607
828 327
829 400
830 197
831 281
832 512
833 574
834 284
835 826
836 498
837 633
838 500
839 429
840 428
841 796
842 25
843 806
844 507
845 700
846 228
847 366
848 214
849 541
850 1
851 426
852 399
853 656
854 666
855 210
856 224
857 699
858 342
859 748
860 216
861 267
862 309
863 73
864 345
865 671
866 761
867 467
868 45
