0 374
1 253
2 611
3 632
4 376
5 135
6 569
7 69
8 484
9 690
10 596
11 779
12 660
13 369
14 637
15 101
16 109
17 795
18 690
19 248
20 840
21 293
22 291
23 74
24 413
25 361
26 747
27 631
28 806
29 219
30 284
31 155
32 713
33 447
34 50
35 409
36 471
37 347
38 502
39 515
40 47
41 281
42 182
43 698
44 500
45 595
46 340
47 526
48 592
49 163
50 814
51 412
52 164
53 95
54 515
55 599
56 756
57 868
58 785
59 430
60 751
61 377
62 161
63 306
64 801
65 523
66 740
67 128
68 824
69 353
70 212
71 775
72 533
73 135
74 157
75 571
76 321
77 197
78 68
79 814
80 224
81 349
82 764
83 195
84 854
85 177
86 811
87 756
88 216
89 352
90 717
91 449
92 120
93 862
94 826
95 468
96 229
97 113
98 78
99 71
100 73
101 26
102 432
103 195
104 175
105 589
106 347
107 792
108 373
109 440
110 236
111 388
112 130
113 591
114 616
115 68
116 655
117 508
118 234
119 65
120 215
121 288
122 281
123 55
124 218
125 656
126 662
127 196
128 10
129 789
130 553
131 138
132 102
133 442
134 374
135 644
136 495
137 523
138 276
139 587
140 81
141 64
142 770
143 146
144 115
145 853
146 837
147 714
148 260
149 434
150 144
151 5
152 264
153 653
154 567
155 311
156 25
157 867
158 59
159 374
160 762
161 390
162 857
163 178
164 571
165 468
166 540
167 155
168 731
169 400
170 643
171 387
172 707
173 766
174 46
175 116
176 849
177 601
178 315
179 291
180 726
181 177
182 128
183 628
184 1
185 317
186 187
187 356
188 656
189 454
190 474
191 385
192 108
193 677
194 223
195 365
196 520
197 382
198 89
199 745
200 648
201 437
202 601
203 566
204 583
205 182
206 108
207 445
208 771
209 175
210 444
211 243
212 817
213 251
214 751
215 405
216 204
217 253
218 238
219 430
220 523
221 483
222 636
223 313
224 261
225 332
226 192
227 44
228 412
229 705
230 55
231 43
232 751
233 573
234 244
235 17
236 186
237 735
238 497
239 539
240 574
241 320
242 404
243 141
244 538
245 796
246 271
247 556
248 739
249 317
250 369
251 415
252 558
253 766
254 294
255 55
256 404
257 3
258 62
259 192
260 426
261 30
262 120
263 77
264 687
265 426
266 458
267 704
268 631
269 277
270 7
271 159
272 33
273 128
274 714
275 470
276 263
277 102
278 114
279 552
280 270
281 659
282 206
283 226
284 12
285 460
286 347
287 306
288 275
289 820
290 619
291 413
292 392
293 640
294 69
295 52
296 362
297 441
298 394
299 90
300 844
301 579
302 614
303 786
304 862
305 48
306 255
307 218
308 795
309 372
310 568
311 536
312 494
313 670
314 526
315 402
316 247
317 253
318 717
319 653
320 274
321 655
322 375
323 588
324 295
325 399
326 715
327 864
328 66
329 296
330 60
331 614
332 277
333 755
334 304
335 177
336 579
337 817
338 539
339 802
340 123
341 533
342 461
343 712
344 435
345 29
346 74
347 241
348 407
349 799
350 555
351 763
352 485
353 831
354 687
355 437
356 782
357 128
358 423
359 610
360 619
361 717
362 132
363 634
364 193
365 683
366 414
367 123
368 660
369 751
370 518
371 120
372 139
373 374
374 421
375 842
376 459
377 612
378 164
379 793
380 732
381 250
382 68
383 470
384 750
385 606
386 400
387 729
388 355
389 323
390 568
391 17
392 246
393 199
394 586
395 101
396 770
397 704
398 195
399 272
400 674
401 638
402 692
403 629
404 41
405 746
406 61
407 449
408 200
409 244
410 145
411 153
412 620
413 750
414 275
415 334
416 322
417 654
418 16
419 576
420 6
421 802
422 642
423 39
424 241
425 727
426 716
427 595
428 294
429 859
430 493
431 714
432 62
433 206
434 370
435 478
436 573
437 163
438 596
439 169
440 532
441 106
442 755
443 401
444 346
445 277
446 147
447 518
448 518
449 473
450 455
451 270
452 769
453 250
454 555
455 25
456 346
457 572
458 84
459 486
460 535
461 461
462 623
463 91
464 220
465 307
466 24
467 218
468 153
469 535
470 166
471 692
472 376
473 328
474 313
475 625
476 362
477 119
478 54
479 211
480 487
481 467
482 175
483 234
484 190
485 86
486 813
487 102
488 218
489 100
490 103
491 149
492 89
493 106
494 355
495 641
496 542
497 110
498 840
499 535
500 20
501 226
502 801
503 149
504 443
505 262
506 757
507 371
508 361
509 801
510 539
511 315
512 623
513 112
514 554
515 504
516 97
517 13
518 359
519 320
520 373
521 457
522 800
523 520
524 391
525 480
526 234
527 729
528 188
529 486
530 57
531 511
532 72
533 54
534 315
535 835
536 63
537 710
538 663
539 303
540 651
541 40
542 302
543 310
544 733
545 287
546 731
547 807
548 366
549 594
550 685
551 477
552 772
553 426
554 126
555 216
556 364
557 838
558 468
559 489
560 503
561 510
562 861
563 31
564 420
565 388
566 854
567 71
568 809
569 273
570 652
571 166
572 329
573 736
574 628
575 502
576 456
577 327
578 814
579 580
580 792
581 353
582 769
583 794
584 606
585 432
586 861
587 271
588 602
589 289
590 695
591 210
592 438
593 515
594 602
595 783
596 756
597 759
598 577
599 356
600 415
601 346
602 225
603 415
604 79
605 799
606 340
607 688
608 598
609 33
610 610
611 704
612 201
613 141
614 6
615 829
616 511
617 712
618 502
619 346
620 703
621 213
622 131
623 561
624 850
625 491
626 806
627 583
628 663
629 308
630 158
631 679
632 362
633 475
634 771
635 145
636 23
637 662
638 746
639 222
640 5
641 645
642 189
643 811
644 685
645 5
646 831
647 614
648 271
649 606
650 689
651 224
652 477
653 489
654 352
655 88
656 354
657 14
658 403
659 394
660 742
661 624
662 813
663 432
664 458
665 123
666 61
667 518
668 755
669 222
670 570
671 459
672 545
673 148
674 636
675 627
676 301
677 539
678 193
679 848
680 172
681 461
682 595
683 533
684 143
685 49
686 96
687 413
688 501
689 104
690 643
691 846
692 210
693 786
694 8
695 343
696 747
697 693
698 513
699 583
700 632
701 390
702 245
703 44
704 669
705 565
706 523
707 783
708 718
709 835
710 224
711 617
712 325
713 397
714 365
715 386
716 200
717 803
718 169
719 456
720 309
721 102
722 19
723 584
724 131
725 316
726 822
727 669
728 210
729 420
730 114
731 1
732 782
733 59
734 858
735 528
736 685
737 25
738 570
739 711
740 7
741 410
742 47
743 268
744 35
745 314
746 24
747 462
748 373
749 491
750 651
751 252
752 82
753 629
754 358
755 200
756 449
757 271
758 457
759 79
760 106
761 395
762 287
763 74
764 583
765 512
766 247
767 387
768 721
769 160
770 799
771 141
772 107
773 434
774 65
775 591
776 709
777 565
778 124
779 588
780 249
781 588
782 39
783 481
784 351
785 166
786 516
787 33
788 679
789 126
790 82
791 523
792 163
793 36
794 577
795 592
796 847
797 92
798 106
799 285
800 250
801 414
802 424
803 292
804 261
805 297
806 259
807 533
808 603
809 232
810 595
811 666
812 256
813 587
814 674
815 666
816 117
817 594
818 488
819 488
820 555
821 863
822 458
823 138
824 202
825 454
826 563
827 134
828 782
829 159
830 314
831 509
832 593
833 784
834 117
835 214
836 782
837 137
838 806
839 201
840 779
841 658
842 705
843 329
844 221
845 207
846 195
847 307
848 531
849 260
850 109
851 433
852 163
853 681
854 201
855 783
856 34
857 810
858 43
859 839
860 338
861 331
862 276
863 374
864 287
865 835
866 492
867 781
868 535
0 383
1 253
2 489
3 554
4 376
5 738
6 548
7 456
8 174
9 562
10 596
11 779
12 660
13 775
14 440
15 101
16 417
17 677
18 493
19 223
20 180
21 818
22 51
23 74
24 225
25 361
26 217
27 631
28 149
29 219
30 209
31 506
32 825
33 447
34 50
35 711
36 471
37 373
38 140
39 72
40 177
41 281
42 375
43 698
44 500
45 524
46 844
47 544
48 592
49 163
50 319
51 412
52 244
53 716
54 227
55 599
56 756
57 868
58 770
59 430
60 37
61 377
62 499
63 306
64 579
65 753
66 828
67 128
68 824
69 353
70 275
71 299
72 630
73 465
74 627
75 571
76 321
77 741
78 379
79 814
80 224
81 301
82 764
83 661
84 767
85 162
86 282
87 568
88 59
89 352
90 810
91 449
92 724
93 862
94 511
95 468
96 24
97 113
98 78
99 116
100 595
101 641
102 177
103 766
104 175
105 589
106 347
107 386
108 829
109 360
110 236
111 310
112 130
113 208
114 55
115 769
116 655
117 253
118 660
119 65
120 215
121 550
122 583
123 55
124 218
125 647
126 662
127 196
128 10
129 789
130 553
131 358
132 102
133 489
134 232
135 16
136 716
137 523
138 276
139 580
140 81
141 153
142 397
143 146
144 115
145 853
146 356
147 714
148 260
149 434
150 144
151 829
152 224
153 653
154 567
155 738
156 516
157 867
158 200
159 845
160 385
161 321
162 841
163 633
164 669
165 104
166 80
167 155
168 130
169 349
170 233
171 387
172 528
173 437
174 736
175 116
176 849
177 601
178 359
179 291
180 726
181 147
182 561
183 628
184 316
185 317
186 837
187 356
188 108
189 851
190 770
191 385
192 108
193 454
194 656
195 794
196 520
197 736
198 632
199 83
200 648
201 303
202 558
203 566
204 583
205 481
206 108
207 534
208 82
209 816
210 230
211 329
212 617
213 543
214 751
215 117
216 725
217 253
218 607
219 361
220 82
221 767
222 636
223 225
224 722
225 332
226 192
227 443
228 224
229 705
230 55
231 43
232 751
233 750
234 402
235 399
236 769
237 847
238 497
239 336
240 440
241 244
242 583
243 361
244 180
245 796
246 271
247 90
248 739
249 317
250 205
251 415
252 714
253 766
254 465
255 540
256 820
257 396
258 335
259 192
260 426
261 696
262 844
263 140
264 289
265 426
266 142
267 827
268 631
269 277
270 409
271 159
272 33
273 128
274 714
275 471
276 263
277 649
278 114
279 613
280 270
281 323
282 733
283 616
284 12
285 460
286 303
287 306
288 343
289 141
290 416
291 73
292 569
293 523
294 69
295 52
296 362
297 441
298 68
299 353
300 559
301 226
302 857
303 786
304 572
305 859
306 725
307 117
308 207
309 399
310 568
311 147
312 832
313 670
314 200
315 12
316 426
317 59
318 496
319 787
320 274
321 655
322 652
323 588
324 806
325 399
326 78
327 864
328 166
329 347
330 221
331 575
332 326
333 755
334 663
335 177
336 623
337 817
338 539
339 301
340 123
341 550
342 461
343 712
344 353
345 529
346 74
347 241
348 407
349 799
350 555
351 3
352 415
353 475
354 65
355 437
356 782
357 128
358 342
359 149
360 619
361 847
362 315
363 772
364 753
365 683
366 122
367 123
368 660
369 307
370 50
371 855
372 139
373 79
374 171
375 479
376 811
377 612
378 222
379 793
380 143
381 252
382 68
383 470
384 750
385 606
386 195
387 790
388 355
389 323
390 324
391 725
392 633
393 251
394 25
395 101
396 829
397 704
398 195
399 437
400 674
401 688
402 240
403 633
404 632
405 746
406 720
407 776
408 412
409 570
410 566
411 153
412 479
413 433
414 275
415 334
416 322
417 534
418 729
419 456
420 6
421 519
422 642
423 227
424 551
425 455
426 702
427 595
428 294
429 234
430 493
431 68
432 62
433 206
434 816
435 69
436 361
437 566
438 527
439 169
440 30
441 392
442 755
443 699
444 346
445 234
446 147
447 518
448 665
449 473
450 754
451 137
452 33
453 250
454 241
455 25
456 744
457 572
458 84
459 631
460 793
461 161
462 32
463 91
464 474
465 162
466 24
467 218
468 153
469 533
470 855
471 829
472 376
473 719
474 313
475 625
476 362
477 119
478 54
479 211
480 487
481 635
482 37
483 234
484 128
485 86
486 606
487 714
488 436
489 100
490 103
491 149
492 683
493 106
494 788
495 641
496 542
497 110
498 840
499 535
500 769
501 226
502 198
503 149
504 443
505 262
506 860
507 371
508 203
509 801
510 539
511 315
512 149
513 743
514 554
515 34
516 97
517 175
518 359
519 320
520 373
521 113
522 612
523 66
524 391
525 231
526 716
527 134
528 811
529 486
530 578
531 511
532 348
533 378
534 745
535 759
536 60
537 710
538 292
539 515
540 738
541 632
542 19
543 310
544 504
545 761
546 649
547 488
548 366
549 254
550 96
551 181
552 18
553 448
554 186
555 594
556 364
557 284
558 549
559 489
560 249
561 104
562 861
563 31
564 281
565 388
566 291
567 71
568 809
569 273
570 461
571 95
572 329
573 610
574 240
575 502
576 570
577 327
578 127
579 580
580 253
581 299
582 769
583 699
584 606
585 103
586 596
587 719
588 355
589 289
590 170
591 281
592 253
593 515
594 533
595 783
596 332
597 759
598 577
599 356
600 857
601 3
602 225
603 415
604 79
605 799
606 529
607 688
608 598
609 415
610 459
611 704
612 201
613 141
614 761
615 543
616 335
617 712
618 454
619 611
620 644
621 287
622 131
623 846
624 850
625 491
626 806
627 583
628 663
629 308
630 403
631 679
632 676
633 475
634 771
635 705
636 23
637 662
638 746
639 446
640 5
641 866
642 189
643 692
644 685
645 392
646 831
647 614
648 837
649 606
650 349
651 205
652 477
653 489
654 352
655 88
656 354
657 75
658 334
659 732
660 554
661 111
662 813
663 432
664 458
665 87
666 209
667 518
668 686
669 222
670 88
671 94
672 545
673 148
674 389
675 627
676 654
677 807
678 659
679 494
680 123
681 461
682 835
683 533
684 723
685 783
686 96
687 413
688 54
689 65
690 543
691 444
692 210
693 786
694 408
695 99
696 747
697 693
698 182
699 418
700 608
701 273
702 52
703 302
704 191
705 442
706 13
707 320
708 718
709 364
710 801
711 219
712 325
713 507
714 792
715 413
716 836
717 803
718 425
719 268
720 309
721 102
722 19
723 584
724 517
725 316
726 60
727 669
728 731
729 208
730 470
731 69
732 77
733 462
734 437
735 535
736 685
737 25
738 570
739 671
740 7
741 410
742 659
743 344
744 829
745 314
746 508
747 208
748 373
749 292
750 651
751 612
752 82
753 539
754 300
755 200
756 449
757 847
758 178
759 679
760 106
761 395
762 287
763 664
764 297
765 512
766 247
767 387
768 721
769 160
770 799
771 141
772 710
773 434
774 788
775 4
776 371
777 686
778 687
779 588
780 224
781 15
782 39
783 743
784 351
785 166
786 803
787 841
788 24
789 620
790 82
791 114
792 374
793 336
794 577
795 592
796 541
797 92
798 16
799 652
800 117
801 414
802 424
803 292
804 586
805 297
806 341
807 533
808 603
809 16
810 751
811 509
812 3
813 492
814 674
815 282
816 117
817 694
818 740
819 142
820 555
821 113
822 351
823 138
824 630
825 454
826 563
827 159
828 782
829 159
830 314
831 509
832 593
833 784
834 143
835 789
836 782
837 213
838 685
839 572
840 110
841 262
842 497
843 765
844 378
845 369
846 420
847 739
848 53
849 260
850 644
851 433
852 163
853 499
854 512
855 783
856 294
857 623
858 43
859 839
860 432
861 420
862 168
863 631
864 287
865 835
866 4
867 391
868 535
