0 1047
1 773
2 1046
3 1631
4 906
5 1356
6 440
7 515
8 330
9 285
10 1072
11 1314
12 3
13 256
14 565
15 749
16 664
17 354
18 264
19 1384
20 21
21 106
22 633
23 266
24 1080
25 1383
26 1157
27 1025
28 203
29 975
30 861
31 965
32 1324
33 63
34 1162
35 105
36 189
37 725
38 721
39 218
40 776
41 928
42 1028
43 1233
44 1591
45 781
46 268
47 776
48 471
49 1027
50 919
51 152
52 1412
53 1506
54 1042
55 1128
56 4
57 1524
58 882
59 1367
60 952
61 661
62 230
63 460
64 1086
65 1247
66 75
67 720
68 38
69 809
70 1161
71 1549
72 908
73 487
74 1151
75 307
76 226
77 1226
78 1205
79 1175
80 1290
81 309
82 69
83 1156
84 1404
85 1516
86 1133
87 1520
88 1313
89 1615
90 263
91 1609
92 191
93 781
94 1539
95 1389
96 531
97 788
98 1180
99 1267
100 981
101 1071
102 94
103 487
104 1342
105 48
106 1423
107 479
108 1651
109 25
110 1472
111 722
112 1645
113 1293
114 594
115 425
116 1334
117 1455
118 1559
119 1438
120 325
121 661
122 1277
123 1577
124 1237
125 436
126 1538
127 456
128 1048
129 127
130 983
131 788
132 63
133 452
134 661
135 251
136 311
137 1199
138 44
139 339
140 230
141 1145
142 491
143 338
144 1681
145 571
146 16
147 704
148 1059
149 1587
150 273
151 1681
152 929
153 547
154 1575
155 1656
156 126
157 784
158 580
159 431
160 1515
161 752
162 95
163 1040
164 1157
165 1315
166 237
167 1461
168 187
169 1015
170 780
171 462
172 1194
173 939
174 893
175 1173
176 461
177 1152
178 128
179 250
180 406
181 450
182 1500
183 1214
184 1471
185 179
186 1016
187 493
188 707
189 448
190 134
191 899
192 452
193 522
194 665
195 669
196 635
197 491
198 358
199 1354
200 251
201 356
202 1604
203 1126
204 1550
205 484
206 1389
207 208
208 938
209 134
210 1276
211 503
212 717
213 690
214 4
215 589
216 199
217 851
218 623
219 409
220 778
221 5
222 81
223 1361
224 1326
225 5
226 223
227 331
228 1140
229 1514
230 1067
231 121
232 1189
233 377
234 689
235 561
236 855
237 641
238 1433
239 737
240 118
241 1400
242 2
243 1378
244 715
245 138
246 59
247 1450
248 667
249 1434
250 491
251 1386
252 1472
253 659
254 691
255 309
256 1622
257 704
258 413
259 309
260 83
261 986
262 119
263 1654
264 1638
265 215
266 1547
267 1661
268 812
269 640
270 581
271 96
272 1086
273 1
274 404
275 1146
276 1132
277 1532
278 154
279 445
280 55
281 1364
282 1098
283 1262
284 605
285 721
286 215
287 1115
288 1029
289 855
290 193
291 417
292 193
293 249
294 1616
295 1003
296 731
297 848
298 397
299 1048
300 1099
301 87
302 132
303 1589
304 1327
305 303
306 1190
307 632
308 1226
309 785
310 1235
311 742
312 226
313 703
314 880
315 912
316 891
317 611
318 819
319 193
320 1561
321 296
322 1079
323 1285
324 996
325 1272
326 63
327 957
328 1564
329 842
330 217
331 358
332 1065
333 1334
334 1561
335 95
336 199
337 847
338 210
339 712
340 339
341 1245
342 1614
343 1040
344 1518
345 1640
346 1432
347 391
348 822
349 318
350 1015
351 77
352 841
353 789
354 1395
355 1304
356 125
357 674
358 423
359 1508
360 1197
361 1094
362 620
363 130
364 1561
365 1099
366 307
367 958
368 1323
369 604
370 1207
371 468
372 440
373 752
374 412
375 982
376 413
377 858
378 437
379 969
380 1516
381 470
382 1088
383 373
384 1628
385 688
386 1308
387 15
388 947
389 661
390 142
391 743
392 582
393 906
394 1019
395 270
396 1105
397 997
398 855
399 923
400 813
401 1269
402 1517
403 68
404 603
405 423
406 1205
407 679
408 477
409 842
410 690
411 479
412 1211
413 1206
414 1337
415 1138
416 633
417 336
418 1172
419 1447
420 1462
421 1033
422 1024
423 229
424 1308
425 1405
426 219
427 502
428 692
429 397
430 136
431 1553
432 429
433 1061
434 1168
435 316
436 770
437 1438
438 714
439 501
440 421
441 591
442 876
443 94
444 991
445 1600
446 363
447 1299
448 548
449 1232
450 222
451 1511
452 1225
453 1680
454 1045
455 1659
456 1615
457 1161
458 1267
459 688
460 278
461 593
462 653
463 1199
464 1065
465 130
466 389
467 905
468 1471
469 77
470 928
471 921
472 1529
473 1575
474 58
475 1388
476 1553
477 141
478 38
479 284
480 572
481 673
482 573
483 934
484 801
485 1599
486 602
487 1102
488 1614
489 791
490 613
491 1610
492 975
493 227
494 1028
495 932
496 339
497 1603
498 794
499 2
500 137
501 1331
502 393
503 1539
504 643
505 1112
506 460
507 530
508 1307
509 431
510 240
511 184
512 1669
513 691
514 277
515 1113
516 628
517 629
518 957
519 379
520 628
521 1144
522 357
523 1004
524 1062
525 1509
526 1512
527 731
528 652
529 358
530 74
531 874
532 155
533 1636
534 342
535 1300
536 809
537 150
538 463
539 1328
540 1510
541 1360
542 994
543 638
544 95
545 1640
546 1674
547 620
548 389
549 937
550 239
551 1107
552 416
553 766
554 1285
555 1139
556 699
557 1385
558 1426
559 620
560 472
561 1111
562 668
563 602
564 1690
565 1617
566 493
567 1442
568 944
569 1463
570 140
571 113
572 97
573 356
574 1384
575 543
576 775
577 826
578 728
579 828
580 750
581 267
582 1252
583 1148
584 1605
585 1684
586 66
587 423
588 293
589 1357
590 1057
591 1227
592 1014
593 1029
594 1067
595 1180
596 278
597 795
598 689
599 1566
600 405
601 645
602 693
603 288
604 1497
605 397
606 524
607 1658
608 1239
609 129
610 816
611 282
612 1556
613 767
614 871
615 693
616 1522
617 1613
618 578
619 317
620 520
621 134
622 74
623 101
624 215
625 1406
626 1557
627 1485
628 1440
629 1157
630 821
631 1468
632 1081
633 1173
634 1172
635 279
636 908
637 838
638 1367
639 295
640 45
641 788
642 1331
643 690
644 1290
645 283
646 1539
647 550
648 1577
649 1159
650 62
651 545
652 1205
653 42
654 1134
655 483
656 1325
657 1450
658 1545
659 695
660 1337
661 1068
662 1293
663 1684
664 489
665 507
666 1263
667 1003
668 1165
669 247
670 155
671 206
672 270
673 106
674 759
675 709
676 378
677 450
678 977
679 1356
680 1237
681 984
682 1591
683 372
684 608
685 358
686 1028
687 896
688 1656
689 796
690 1364
691 777
692 1108
693 403
694 1599
695 722
696 441
697 699
698 900
699 945
700 1117
701 163
702 627
703 1667
704 1609
705 1613
706 779
707 927
708 1034
709 1225
710 68
711 855
712 543
713 753
714 677
715 1155
716 863
717 672
718 220
719 1076
720 29
721 47
722 1009
723 625
724 144
725 94
726 1192
727 720
728 681
729 1096
730 845
731 279
732 637
733 868
734 962
735 1418
736 465
737 1558
738 1575
739 303
740 860
741 691
742 347
743 1129
744 1528
745 257
746 84
747 1455
748 261
749 1307
750 104
751 1168
752 34
753 598
754 894
755 213
756 92
757 402
758 1172
759 1483
760 1082
761 800
762 263
763 1479
764 688
765 223
766 563
767 820
768 1221
769 705
770 564
771 705
772 1176
773 1487
774 619
775 862
776 980
777 1170
778 1209
779 194
780 330
781 22
782 723
783 907
784 1600
785 330
786 1219
787 536
788 1311
789 1539
790 1250
791 1182
792 1032
793 1670
794 1639
795 891
796 448
797 430
798 879
799 13
800 1514
801 1574
802 1124
803 1487
804 561
805 1365
806 1416
807 1532
808 220
809 1462
810 1428
811 1258
812 295
813 1407
814 1140
815 1137
816 851
817 1444
818 1535
819 1292
820 1656
821 1313
822 1471
823 1135
824 1152
825 897
826 1588
827 1447
828 981
829 1452
830 1148
831 809
832 1320
833 1497
834 936
835 1128
836 69
837 640
838 404
839 217
840 1196
841 600
842 1212
843 1460
844 634
845 871
846 760
847 133
848 198
849 1011
850 659
851 1509
852 623
853 462
854 621
855 354
856 1395
857 1657
858 916
859 928
860 348
861 1270
862 709
863 59
864 1228
865 1233
866 438
867 206
868 1613
869 1073
870 7
871 789
872 1643
873 577
874 1451
875 236
876 736
877 391
878 370
879 1020
880 1238
881 969
882 625
883 1218
884 1071
885 630
886 189
887 1043
888 1224
889 1415
890 1525
891 398
892 1604
893 765
894 1104
895 1203
896 1152
897 187
898 852
899 1659
900 1191
901 711
902 1664
903 1555
904 67
905 1471
906 622
907 156
908 497
909 1640
910 139
911 498
912 209
913 721
914 849
915 834
916 705
917 1679
918 562
919 1464
920 1212
921 1499
922 1089
923 1550
924 619
925 421
926 1184
927 163
928 1437
929 1052
930 1627
931 1230
932 1075
933 1287
934 565
935 1688
936 764
937 321
938 142
939 1087
940 1410
941 449
942 1199
943 1501
944 825
945 433
946 373
947 1288
948 565
949 725
950 478
951 1601
952 1453
953 1029
954 566
955 942
956 935
957 360
958 1201
959 529
960 527
961 1106
962 1204
963 128
964 216
965 583
966 1525
967 30
968 212
969 564
970 827
971 635
972 818
973 699
974 943
975 518
976 1168
977 247
978 385
979 541
980 47
981 1483
982 1404
983 81
984 1139
985 344
986 1003
987 115
988 2
989 562
990 321
991 832
992 501
993 575
994 904
995 302
996 1303
997 1184
998 1532
999 579
1000 1342
1001 918
1002 330
1003 1018
1004 625
1005 4
1006 1136
1007 549
1008 106
1009 177
1010 827
1011 648
1012 1613
1013 1563
1014 1525
1015 1297
1016 666
1017 1210
1018 237
1019 783
1020 153
1021 403
1022 1503
1023 1166
1024 1008
1025 78
1026 776
1027 345
1028 1678
1029 515
1030 263
1031 384
1032 960
1033 265
1034 1210
1035 1444
1036 1441
1037 796
1038 705
1039 1647
1040 536
1041 1120
1042 1594
1043 920
1044 1037
1045 1578
1046 559
1047 1427
1048 1509
1049 55
1050 1608
1051 1366
1052 1508
1053 127
1054 403
1055 179
1056 1439
1057 615
1058 1063
1059 94
1060 1026
1061 584
1062 158
1063 1394
1064 437
1065 1148
1066 643
1067 271
1068 1233
1069 1324
1070 1075
1071 1477
1072 354
1073 1552
1074 56
1075 874
1076 637
1077 1073
1078 1511
1079 1300
1080 1237
1081 87
1082 651
1083 167
1084 48
1085 670
1086 318
1087 1668
1088 14
1089 1405
1090 189
1091 1634
1092 1436
1093 1470
1094 1154
1095 981
1096 38
1097 201
1098 922
1099 276
1100 1404
1101 164
1102 1574
1103 81
1104 74
1105 1659
1106 468
1107 1048
1108 743
1109 1507
1110 1599
1111 1004
1112 275
1113 1084
1114 344
1115 1296
1116 869
1117 134
1118 146
1119 41
1120 454
1121 1300
1122 657
1123 1218
1124 1596
1125 1456
1126 86
1127 710
1128 1101
1129 1221
1130 5
1131 996
1132 1407
1133 724
1134 285
1135 32
1136 1540
1137 1293
1138 1238
1139 1054
1140 451
1141 1390
1142 305
1143 1042
1144 1459
1145 245
1146 908
1147 1184
1148 104
1149 1371
1150 1476
1151 205
1152 124
1153 1001
1154 1365
1155 843
1156 1626
1157 1309
1158 20
1159 739
1160 861
1161 370
1162 616
1163 1260
1164 129
1165 1687
1166 1240
1167 1432
1168 589
1169 915
1170 513
1171 604
1172 426
1173 166
1174 1541
1175 301
1176 1069
1177 1364
1178 353
1179 503
1180 656
1181 951
1182 1114
1183 259
1184 776
1185 1405
1186 1033
1187 1623
1188 562
1189 244
1190 520
1191 1371
1192 1658
1193 1526
1194 1199
1195 1252
1196 461
1197 398
1198 1025
1199 807
1200 890
1201 1295
1202 1084
1203 604
1204 577
1205 286
1206 1386
1207 850
1208 458
1209 51
1210 277
1211 373
1212 1544
1213 275
1214 304
1215 1360
1216 717
1217 290
1218 39
1219 1546
1220 1227
1221 430
1222 528
1223 571
1224 676
1225 737
1226 201
1227 823
1228 919
1229 830
1230 1164
1231 989
1232 1228
1233 838
1234 178
1235 70
1236 1578
1237 521
1238 478
1239 1163
1240 1012
1241 697
1242 1404
1243 1220
1244 1482
1245 170
1246 635
1247 1344
1248 680
1249 705
1250 707
1251 1209
1252 341
1253 1051
1254 1377
1255 1608
1256 445
1257 1181
1258 1157
1259 1390
1260 173
1261 34
1262 416
1263 947
1264 57
1265 1487
1266 664
1267 163
1268 1100
1269 81
1270 884
1271 1429
1272 771
1273 575
1274 1396
1275 631
1276 706
1277 204
1278 1624
1279 144
1280 341
1281 310
1282 1269
1283 1320
1284 1368
1285 792
1286 43
1287 1666
1288 1353
1289 1356
1290 944
1291 657
1292 1373
1293 840
1294 1046
1295 1659
1296 1306
1297 883
1298 106
1299 1571
1300 608
1301 888
1302 798
1303 1593
1304 803
1305 1651
1306 1436
1307 914
1308 66
1309 563
1310 536
1311 393
1312 676
1313 1617
1314 397
1315 485
1316 148
1317 994
1318 1272
1319 1100
1320 291
1321 406
1322 1233
1323 332
1324 823
1325 1182
1326 1485
1327 1593
1328 368
1329 831
1330 630
1331 67
1332 1527
1333 1512
1334 63
1335 307
1336 295
1337 1343
1338 868
1339 1502
1340 1000
1341 939
1342 1154
1343 1312
1344 1196
1345 736
1346 772
1347 565
1348 424
1349 1467
1350 798
1351 314
1352 68
1353 246
1354 786
1355 575
1356 1116
1357 423
1358 1081
1359 965
1360 947
1361 112
1362 1229
1363 655
1364 33
1365 548
1366 1338
1367 125
1368 1174
1369 1250
1370 226
1371 1130
1372 721
1373 1018
1374 838
1375 765
1376 1337
1377 1579
1378 1024
1379 925
1380 688
1381 643
1382 188
1383 1356
1384 335
1385 1680
1386 21
1387 105
1388 1586
1389 1038
1390 951
1391 1129
1392 1393
1393 113
1394 806
1395 806
1396 19
1397 873
1398 858
1399 122
1400 652
1401 597
1402 1061
1403 806
1404 634
1405 984
1406 848
1407 1011
1408 702
1409 1092
1410 1406
1411 1287
1412 816
1413 1537
1414 202
1415 1082
1416 604
1417 664
1418 128
1419 288
1420 649
1421 883
1422 1055
1423 612
1424 70
1425 479
1426 588
1427 49
1428 352
1429 3
1430 1425
1431 833
1432 1324
1433 1217
1434 630
1435 1557
1436 701
1437 296
1438 1591
1439 658
1440 1239
1441 305
1442 966
1443 1049
1444 1280
1445 295
1446 1015
1447 1648
1448 1548
1449 463
1450 1116
1451 993
1452 1414
1453 1265
1454 1101
1455 601
1456 1244
1457 416
1458 839
1459 1024
1460 16
1461 1347
1462 411
1463 42
1464 467
1465 513
1466 1621
1467 501
1468 607
1469 870
1470 1151
1471 701
1472 1437
1473 660
1474 289
1475 1036
1476 1589
1477 1236
1478 1057
1479 358
1480 265
1481 1347
1482 1483
1483 1053
1484 579
1485 421
1486 633
1487 363
1488 288
1489 265
1490 229
1491 1347
1492 493
1493 124
1494 1259
1495 1284
1496 1071
1497 457
1498 804
1499 1578
1500 62
1501 1301
1502 818
1503 481
1504 1020
1505 1436
1506 1394
1507 273
1508 1117
1509 686
1510 1393
1511 243
1512 1192
1513 681
1514 1057
1515 1684
1516 684
1517 1202
1518 1077
1519 767
1520 390
1521 1272
1522 1206
1523 408
1524 305
1525 1147
1526 1009
1527 1540
1528 1180
1529 303
1530 1521
1531 739
1532 490
1533 1225
1534 140
1535 548
1536 41
1537 752
1538 589
1539 305
1540 718
1541 1468
1542 422
1543 149
1544 301
1545 310
1546 1391
1547 1436
1548 1094
1549 214
1550 1615
1551 1162
1552 1687
1553 712
1554 212
1555 603
1556 777
1557 56
1558 727
1559 1405
1560 1380
1561 969
1562 995
1563 570
1564 398
1565 127
1566 1690
1567 974
1568 1139
1569 47
1570 728
1571 174
1572 1471
1573 1635
1574 971
1575 1631
1576 488
1577 1087
1578 897
1579 1001
1580 1079
1581 1011
1582 1147
1583 1311
1584 1469
1585 963
1586 829
1587 105
1588 53
1589 229
1590 1476
1591 316
1592 260
1593 1524
1594 286
1595 1047
1596 1358
1597 1492
1598 828
1599 758
1600 1304
1601 1369
1602 968
1603 182
1604 1350
1605 370
1606 130
1607 1294
1608 740
1609 252
1610 1513
1611 556
1612 746
1613 395
1614 647
1615 1308
1616 71
1617 772
1618 756
1619 765
1620 3
1621 1265
1622 51
1623 720
1624 924
1625 336
1626 1036
1627 157
1628 1196
1629 1323
1630 1083
1631 957
1632 1051
1633 131
1634 196
1635 1192
1636 593
1637 744
1638 801
1639 400
1640 246
1641 879
1642 1218
1643 615
1644 988
1645 745
1646 1262
1647 1341
1648 193
1649 1663
1650 1392
1651 897
1652 956
1653 607
1654 1557
1655 1403
1656 339
1657 154
1658 1414
1659 784
1660 683
1661 1414
1662 1584
1663 1095
1664 824
1665 942
1666 1008
1667 30
1668 1217
1669 1070
1670 173
1671 623
1672 556
1673 376
1674 297
1675 442
1676 573
1677 159
1678 796
1679 439
1680 49
1681 886
1682 898
1683 1061
1684 1096
1685 1039
1686 179
1687 1095
1688 760
1689 935
1690 582
1691 661
1692 41
1693 172
0 991
1 773
2 1046
3 1631
4 906
5 114
6 264
7 515
8 302
9 285
10 1072
11 1314
12 3
13 1614
14 538
15 749
16 1040
17 1220
18 264
19 1384
20 21
21 106
22 212
23 266
24 1080
25 191
26 1323
27 957
28 190
29 935
30 1471
31 307
32 1324
33 40
34 981
35 105
36 339
37 185
38 1632
39 886
40 179
41 928
42 204
43 1233
44 1386
45 1070
46 268
47 1008
48 62
49 1027
50 919
51 435
52 608
53 52
54 415
55 897
56 4
57 1338
58 882
59 1367
60 586
61 661
62 1046
63 1026
64 1086
65 262
66 1648
67 720
68 1436
69 809
70 1161
71 779
72 38
73 487
74 19
75 105
76 1690
77 187
78 1205
79 711
80 1290
81 1682
82 69
83 1403
84 1292
85 1516
86 106
87 1251
88 1313
89 551
90 263
91 1609
92 1167
93 1107
94 1539
95 1389
96 531
97 1405
98 714
99 1587
100 981
101 1071
102 94
103 487
104 440
105 48
106 912
107 479
108 1651
109 486
110 858
111 722
112 857
113 1549
114 1021
115 1376
116 1334
117 315
118 679
119 1438
120 1538
121 1688
122 1277
123 1577
124 1237
125 740
126 1000
127 546
128 1048
129 1386
130 983
131 765
132 63
133 452
134 573
135 251
136 1539
137 1199
138 1142
139 309
140 230
141 1145
142 395
143 1126
144 120
145 571
146 16
147 704
148 862
149 244
150 202
151 1681
152 1439
153 547
154 1575
155 1656
156 316
157 1448
158 452
159 992
160 1515
161 752
162 1310
163 869
164 810
165 25
166 1612
167 1461
168 187
169 1480
170 780
171 1134
172 680
173 1357
174 893
175 1317
176 1059
177 208
178 869
179 1318
180 406
181 752
182 278
183 1249
184 1471
185 179
186 1378
187 493
188 707
189 372
190 134
191 899
192 452
193 522
194 946
195 1594
196 821
197 491
198 1082
199 1354
200 387
201 356
202 1604
203 1126
204 1609
205 1009
206 1104
207 518
208 680
209 1082
210 1276
211 503
212 1186
213 1338
214 69
215 641
216 199
217 851
218 1442
219 409
220 423
221 34
222 1287
223 1361
224 1588
225 5
226 233
227 761
228 1140
229 1514
230 1412
231 166
232 1361
233 377
234 689
235 1461
236 855
237 431
238 1433
239 1456
240 118
241 60
242 1587
243 1153
244 618
245 892
246 257
247 1450
248 1392
249 454
250 1298
251 480
252 1472
253 1609
254 982
255 309
256 696
257 618
258 899
259 309
260 83
261 986
262 687
263 1654
264 1638
265 438
266 1547
267 1661
268 1637
269 493
270 235
271 922
272 1233
273 1
274 1592
275 1146
276 39
277 804
278 71
279 1570
280 55
281 1364
282 1098
283 1262
284 1683
285 319
286 432
287 1115
288 1029
289 916
290 193
291 417
292 336
293 858
294 1616
295 1003
296 1115
297 848
298 1155
299 477
300 1099
301 1179
302 1481
303 1671
304 1656
305 258
306 237
307 1048
308 1565
309 785
310 1235
311 742
312 226
313 703
314 74
315 1100
316 186
317 1323
318 819
319 193
320 1561
321 1594
322 860
323 1285
324 996
325 145
326 63
327 1201
328 1564
329 842
330 462
331 358
332 1495
333 1334
334 85
335 704
336 1050
337 847
338 491
339 715
340 339
341 1439
342 1614
343 704
344 1518
345 1640
346 548
347 391
348 822
349 1533
350 491
351 77
352 1103
353 789
354 1500
355 668
356 125
357 674
358 4
359 1508
360 1197
361 1395
362 620
363 130
364 1561
365 1099
366 307
367 958
368 1589
369 604
370 1495
371 468
372 630
373 27
374 412
375 259
376 30
377 1423
378 485
379 969
380 1370
381 470
382 1088
383 373
384 1628
385 688
386 1654
387 1416
388 682
389 974
390 774
391 743
392 582
393 414
394 204
395 627
396 1105
397 612
398 1525
399 923
400 813
401 1269
402 1547
403 68
404 1035
405 10
406 1184
407 85
408 310
409 231
410 1575
411 863
412 1211
413 773
414 435
415 262
416 633
417 336
418 1172
419 1447
420 657
421 1033
422 1024
423 229
424 425
425 481
426 219
427 330
428 692
429 397
430 147
431 943
432 429
433 1061
434 206
435 316
436 101
437 327
438 714
439 501
440 436
441 591
442 876
443 629
444 896
445 1600
446 587
447 198
448 1039
449 909
450 222
451 1414
452 1225
453 1680
454 1045
455 1659
456 1692
457 1161
458 1267
459 1214
460 278
461 593
462 653
463 1448
464 1065
465 736
466 389
467 670
468 808
469 77
470 756
471 921
472 1529
473 1575
474 1626
475 1521
476 1553
477 141
478 879
479 284
480 814
481 220
482 573
483 934
484 801
485 78
486 602
487 114
488 272
489 511
490 613
491 269
492 550
493 227
494 41
495 932
496 339
497 1592
498 794
499 1366
500 137
501 1331
502 566
503 719
504 1489
505 1596
506 460
507 919
508 1602
509 318
510 254
511 100
512 1669
513 1067
514 798
515 468
516 392
517 1333
518 72
519 577
520 628
521 597
522 1690
523 357
524 549
525 716
526 1279
527 106
528 355
529 277
530 74
531 874
532 542
533 943
534 342
535 608
536 809
537 456
538 757
539 1328
540 1510
541 440
542 1622
543 638
544 890
545 1640
546 449
547 620
548 1188
549 937
550 1414
551 1454
552 1448
553 88
554 692
555 1129
556 699
557 61
558 192
559 950
560 126
561 245
562 668
563 602
564 1690
565 1617
566 415
567 1656
568 944
569 1463
570 140
571 113
572 97
573 356
574 1237
575 1038
576 1408
577 826
578 237
579 953
580 587
581 267
582 27
583 1148
584 1605
585 486
586 66
587 259
588 293
589 774
590 1082
591 1644
592 1014
593 864
594 1116
595 1180
596 1470
597 795
598 689
599 1566
600 405
601 1538
602 1403
603 288
604 349
605 496
606 524
607 956
608 799
609 129
610 816
611 218
612 120
613 570
614 871
615 814
616 963
617 856
618 578
619 317
620 520
621 54
622 1595
623 1231
624 215
625 459
626 1644
627 1485
628 1440
629 1157
630 821
631 1280
632 880
633 1173
634 629
635 1003
636 27
637 1128
638 1367
639 955
640 433
641 687
642 1331
643 690
644 1290
645 736
646 1644
647 550
648 1595
649 317
650 1067
651 545
652 484
653 1504
654 1134
655 483
656 1325
657 965
658 179
659 985
660 1367
661 1131
662 1079
663 969
664 1051
665 507
666 373
667 1401
668 1479
669 247
670 155
671 206
672 601
673 478
674 759
675 1051
676 378
677 70
678 977
679 1039
680 1237
681 984
682 1591
683 591
684 947
685 358
686 1028
687 447
688 1035
689 796
690 1684
691 777
692 1435
693 514
694 1161
695 287
696 1432
697 125
698 900
699 945
700 1164
701 1441
702 345
703 1186
704 405
705 409
706 1547
707 986
708 1082
709 493
710 68
711 678
712 1442
713 753
714 1161
715 1155
716 1253
717 672
718 220
719 1076
720 182
721 47
722 1009
723 573
724 1601
725 1040
726 1192
727 900
728 334
729 781
730 845
731 614
732 1667
733 868
734 814
735 812
736 1320
737 974
738 991
739 367
740 860
741 1418
742 810
743 1129
744 1431
745 257
746 84
747 587
748 261
749 1307
750 104
751 1168
752 34
753 346
754 894
755 231
756 1186
757 402
758 1172
759 210
760 1082
761 972
762 969
763 539
764 14
765 223
766 1444
767 820
768 1221
769 1098
770 564
771 113
772 15
773 1095
774 146
775 862
776 980
777 783
778 1209
779 194
780 1260
781 22
782 723
783 308
784 1600
785 1686
786 1045
787 628
788 1311
789 1358
790 543
791 1591
792 1032
793 659
794 1639
795 32
796 877
797 1661
798 879
799 195
800 1514
801 1473
802 508
803 634
804 1669
805 759
806 1416
807 1532
808 1634
809 1462
810 524
811 2
812 295
813 1582
814 1140
815 1137
816 915
817 794
818 1666
819 1292
820 1656
821 854
822 1471
823 1501
824 1152
825 897
826 1588
827 590
828 1643
829 1601
830 1148
831 809
832 945
833 1497
834 936
835 639
836 1615
837 108
838 1593
839 217
840 1196
841 1111
842 1212
843 1015
844 168
845 984
846 760
847 1307
848 711
849 1011
850 1667
851 1509
852 623
853 1251
854 403
855 354
856 1395
857 847
858 303
859 928
860 1102
861 1270
862 130
863 1271
864 1479
865 944
866 438
867 206
868 1512
869 1086
870 7
871 789
872 1199
873 577
874 1431
875 1120
876 507
877 391
878 370
879 1574
880 1102
881 969
882 625
883 838
884 1071
885 655
886 189
887 1043
888 552
889 1415
890 1160
891 398
892 1604
893 1009
894 1104
895 221
896 311
897 684
898 361
899 1659
900 1453
901 711
902 1664
903 1555
904 466
905 654
906 622
907 156
908 1688
909 1640
910 139
911 1325
912 739
913 721
914 329
915 1162
916 705
917 1679
918 1372
919 1030
920 1212
921 845
922 1089
923 1550
924 619
925 421
926 1082
927 1442
928 1358
929 1052
930 1627
931 480
932 1075
933 1359
934 565
935 1688
936 138
937 321
938 142
939 198
940 1410
941 1224
942 1406
943 555
944 307
945 147
946 1383
947 1288
948 170
949 1082
950 1180
951 820
952 642
953 1029
954 566
955 942
956 935
957 1350
958 1143
959 197
960 527
961 93
962 587
963 91
964 216
965 363
966 1264
967 30
968 1571
969 910
970 1607
971 380
972 818
973 699
974 943
975 518
976 219
977 476
978 511
979 1226
980 860
981 1483
982 1661
983 1411
984 675
985 1507
986 1103
987 17
988 786
989 562
990 340
991 1493
992 1597
993 575
994 904
995 302
996 1303
997 706
998 554
999 579
1000 1632
1001 918
1002 330
1003 1018
1004 625
1005 790
1006 1527
1007 1148
1008 1301
1009 177
1010 1554
1011 648
1012 1613
1013 1563
1014 759
1015 1639
1016 222
1017 1210
1018 237
1019 783
1020 260
1021 403
1022 1503
1023 599
1024 434
1025 778
1026 776
1027 345
1028 1678
1029 865
1030 263
1031 225
1032 960
1033 1008
1034 676
1035 875
1036 1662
1037 1055
1038 22
1039 413
1040 632
1041 1120
1042 432
1043 1053
1044 1037
1045 1449
1046 1466
1047 1427
1048 1147
1049 754
1050 954
1051 1366
1052 1108
1053 1210
1054 128
1055 389
1056 1439
1057 615
1058 1398
1059 94
1060 1026
1061 584
1062 1167
1063 1394
1064 437
1065 939
1066 643
1067 1076
1068 1233
1069 852
1070 1075
1071 1477
1072 354
1073 1552
1074 542
1075 1034
1076 637
1077 320
1078 492
1079 1300
1080 1237
1081 1215
1082 651
1083 167
1084 1438
1085 524
1086 318
1087 1668
1088 14
1089 1405
1090 189
1091 13
1092 1272
1093 1470
1094 788
1095 325
1096 124
1097 195
1098 922
1099 293
1100 374
1101 1623
1102 867
1103 81
1104 74
1105 1659
1106 292
1107 632
1108 217
1109 1507
1110 1599
1111 1405
1112 275
1113 1668
1114 355
1115 1296
1116 869
1117 1290
1118 635
1119 995
1120 454
1121 340
1122 657
1123 1155
1124 1690
1125 1658
1126 86
1127 246
1128 1101
1129 1221
1130 1222
1131 1148
1132 1407
1133 826
1134 285
1135 561
1136 748
1137 1293
1138 1238
1139 1054
1140 894
1141 733
1142 123
1143 336
1144 1483
1145 245
1146 219
1147 1184
1148 1573
1149 1052
1150 1026
1151 1602
1152 1656
1153 1121
1154 72
1155 1092
1156 1379
1157 529
1158 20
1159 739
1160 861
1161 433
1162 616
1163 798
1164 129
1165 1687
1166 589
1167 1029
1168 1237
1169 877
1170 1667
1171 1514
1172 426
1173 166
1174 1015
1175 301
1176 864
1177 1193
1178 1051
1179 908
1180 656
1181 760
1182 1114
1183 259
1184 776
1185 1405
1186 725
1187 1623
1188 604
1189 132
1190 964
1191 259
1192 1281
1193 872
1194 1199
1195 1252
1196 1406
1197 557
1198 1025
1199 205
1200 890
1201 1261
1202 449
1203 415
1204 577
1205 286
1206 319
1207 559
1208 1236
1209 1193
1210 491
1211 1051
1212 913
1213 609
1214 212
1215 1360
1216 1110
1217 290
1218 1625
1219 172
1220 1227
1221 107
1222 698
1223 116
1224 446
1225 262
1226 1425
1227 823
1228 919
1229 208
1230 493
1231 178
1232 1228
1233 838
1234 1680
1235 70
1236 1578
1237 521
1238 898
1239 1163
1240 181
1241 697
1242 900
1243 844
1244 1482
1245 1331
1246 340
1247 1344
1248 170
1249 712
1250 707
1251 1209
1252 341
1253 1051
1254 1377
1255 587
1256 445
1257 1181
1258 1500
1259 1390
1260 1104
1261 37
1262 242
1263 1003
1264 57
1265 165
1266 664
1267 163
1268 1100
1269 81
1270 962
1271 419
1272 771
1273 575
1274 1030
1275 631
1276 664
1277 321
1278 1624
1279 781
1280 341
1281 310
1282 1047
1283 1320
1284 692
1285 1288
1286 1096
1287 1260
1288 596
1289 1356
1290 1269
1291 68
1292 847
1293 840
1294 892
1295 1446
1296 243
1297 802
1298 106
1299 1570
1300 139
1301 888
1302 798
1303 1593
1304 803
1305 120
1306 1480
1307 914
1308 66
1309 286
1310 1591
1311 171
1312 914
1313 285
1314 350
1315 108
1316 148
1317 1017
1318 1085
1319 230
1320 919
1321 1467
1322 1233
1323 67
1324 823
1325 1182
1326 1574
1327 804
1328 1432
1329 1690
1330 669
1331 1090
1332 52
1333 324
1334 1169
1335 1546
1336 668
1337 1343
1338 868
1339 181
1340 1000
1341 1029
1342 1154
1343 123
1344 1196
1345 1105
1346 772
1347 1596
1348 424
1349 712
1350 1121
1351 456
1352 352
1353 1456
1354 786
1355 733
1356 1116
1357 423
1358 456
1359 817
1360 1099
1361 1133
1362 1229
1363 655
1364 33
1365 1251
1366 333
1367 1191
1368 567
1369 1250
1370 104
1371 149
1372 1543
1373 1018
1374 1605
1375 1573
1376 1337
1377 1579
1378 1024
1379 925
1380 683
1381 1099
1382 188
1383 511
1384 335
1385 1680
1386 21
1387 653
1388 1586
1389 1038
1390 951
1391 1127
1392 1675
1393 697
1394 806
1395 1492
1396 1586
1397 873
1398 1537
1399 1151
1400 652
1401 253
1402 1061
1403 672
1404 522
1405 984
1406 848
1407 1011
1408 723
1409 69
1410 1406
1411 767
1412 816
1413 1391
1414 746
1415 1082
1416 604
1417 1539
1418 128
1419 906
1420 826
1421 883
1422 1271
1423 612
1424 70
1425 479
1426 588
1427 408
1428 1419
1429 827
1430 424
1431 1690
1432 513
1433 1638
1434 630
1435 432
1436 701
1437 296
1438 1591
1439 948
1440 1610
1441 631
1442 290
1443 1049
1444 1280
1445 295
1446 1015
1447 1163
1448 884
1449 463
1450 1116
1451 1480
1452 466
1453 460
1454 186
1455 701
1456 1244
1457 416
1458 839
1459 323
1460 16
1461 947
1462 1377
1463 42
1464 1158
1465 513
1466 1621
1467 582
1468 61
1469 870
1470 1205
1471 701
1472 1081
1473 764
1474 140
1475 1036
1476 653
1477 157
1478 1057
1479 358
1480 265
1481 50
1482 1659
1483 1053
1484 652
1485 754
1486 779
1487 353
1488 208
1489 343
1490 1466
1491 999
1492 1558
1493 593
1494 1259
1495 367
1496 1530
1497 1009
1498 1652
1499 1578
1500 1633
1501 1301
1502 344
1503 481
1504 1020
1505 1436
1506 1256
1507 848
1508 650
1509 686
1510 887
1511 243
1512 1192
1513 681
1514 1057
1515 1684
1516 684
1517 447
1518 1077
1519 1080
1520 390
1521 1338
1522 1335
1523 424
1524 305
1525 753
1526 1009
1527 1540
1528 1180
1529 303
1530 1480
1531 791
1532 424
1533 1225
1534 140
1535 1383
1536 874
1537 752
1538 589
1539 1257
1540 718
1541 814
1542 422
1543 913
1544 301
1545 151
1546 1086
1547 1485
1548 1094
1549 652
1550 1615
1551 1118
1552 453
1553 1681
1554 212
1555 1304
1556 455
1557 56
1558 727
1559 1055
1560 877
1561 209
1562 995
1563 1211
1564 398
1565 127
1566 1690
1567 974
1568 1139
1569 1273
1570 1129
1571 274
1572 1471
1573 1635
1574 358
1575 699
1576 488
1577 1087
1578 290
1579 555
1580 289
1581 113
1582 1544
1583 775
1584 1469
1585 836
1586 829
1587 1628
1588 1482
1589 229
1590 38
1591 316
1592 1442
1593 451
1594 286
1595 1047
1596 1358
1597 1492
1598 1210
1599 184
1600 1304
1601 1369
1602 830
1603 700
1604 459
1605 796
1606 252
1607 1180
1608 740
1609 252
1610 1513
1611 1342
1612 739
1613 945
1614 647
1615 365
1616 71
1617 1145
1618 582
1619 765
1620 167
1621 1265
1622 51
1623 1014
1624 924
1625 336
1626 1036
1627 626
1628 1685
1629 1323
1630 1083
1631 1625
1632 1051
1633 131
1634 196
1635 1350
1636 1136
1637 458
1638 737
1639 794
1640 1201
1641 138
1642 1218
1643 615
1644 126
1645 745
1646 1262
1647 1341
1648 480
1649 1539
1650 1205
1651 1540
1652 1149
1653 1675
1654 849
1655 895
1656 299
1657 1572
1658 1414
1659 784
1660 683
1661 1414
1662 1584
1663 1095
1664 824
1665 1283
1666 1496
1667 1693
1668 266
1669 1070
1670 1548
1671 623
1672 1447
1673 1603
1674 297
1675 442
1676 573
1677 454
1678 402
1679 1464
1680 1169
1681 551
1682 898
1683 1061
1684 1567
1685 1039
1686 1186
1687 1095
1688 835
1689 935
1690 135
1691 753
1692 937
1693 1363
