0 1620
1 1401
2 774
3 1074
4 329
5 35
6 586
7 1123
8 1341
9 1222
10 1044
11 255
12 348
13 872
14 333
15 783
16 1106
17 1546
18 493
19 854
20 1070
21 730
22 546
23 131
24 66
25 716
26 1081
27 459
28 457
29 1128
30 510
31 816
32 28
33 609
34 1614
35 1559
36 705
37 365
38 1163
39 249
40 823
41 590
42 1575
43 342
44 581
45 878
46 1515
47 673
48 807
49 1686
50 545
51 1191
52 1668
53 1447
54 1084
55 161
56 1045
57 725
58 205
59 238
60 61
61 178
62 1334
63 696
64 366
65 169
66 1268
67 872
68 948
69 859
70 283
71 1250
72 260
73 1242
74 149
75 578
76 515
77 253
78 1280
79 1376
80 587
81 1296
82 1460
83 1224
84 353
85 512
86 1463
87 1426
88 180
89 590
90 328
91 1390
92 525
93 537
94 1327
95 1245
96 144
97 725
98 935
99 696
100 423
101 1400
102 914
103 593
104 113
105 429
106 573
107 584
108 1242
109 799
110 572
111 946
112 1173
113 1406
114 1336
115 774
116 1111
117 1001
118 1063
119 1409
120 1043
121 1005
122 899
123 1551
124 806
125 645
126 1295
127 633
128 460
129 1681
130 704
131 1181
132 1179
133 1090
134 364
135 60
136 1179
137 235
138 587
139 1078
140 1141
141 933
142 671
143 1012
144 1605
145 42
146 890
147 917
148 670
149 571
150 294
151 1304
152 340
153 962
154 598
155 1506
156 1125
157 1038
158 497
159 1150
160 472
161 23
162 1265
163 376
164 775
165 1613
166 1258
167 1014
168 363
169 1516
170 1086
171 1423
172 921
173 290
174 418
175 827
176 864
177 333
178 780
179 1027
180 35
181 219
182 713
183 1061
184 522
185 1512
186 1636
187 1519
188 1640
189 1063
190 719
191 831
192 1519
193 1026
194 118
195 1431
196 1597
197 1362
198 154
199 1489
200 389
201 83
202 1265
203 581
204 889
205 1150
206 1174
207 85
208 263
209 1274
210 291
211 980
212 737
213 659
214 558
215 526
216 912
217 759
218 1061
219 1330
220 1365
221 392
222 509
223 1403
224 965
225 359
226 125
227 519
228 1283
229 1034
230 341
231 702
232 411
233 955
234 1299
235 1566
236 1516
237 1240
238 531
239 1518
240 983
241 55
242 1679
243 899
244 1329
245 1593
246 795
247 707
248 1507
249 408
250 1413
251 1086
252 790
253 82
254 449
255 37
256 1546
257 1310
258 688
259 1555
260 210
261 556
262 1074
263 406
264 383
265 692
266 694
267 369
268 10
269 1147
270 1057
271 1683
272 155
273 1646
274 217
275 1331
276 1401
277 1674
278 1416
279 1429
280 239
281 420
282 1325
283 33
284 599
285 959
286 1579
287 1139
288 1123
289 223
290 1416
291 1246
292 1113
293 1027
294 371
295 388
296 214
297 1122
298 1047
299 1659
300 182
301 459
302 1616
303 1243
304 783
305 1106
306 1260
307 248
308 643
309 196
310 304
311 805
312 1067
313 56
314 390
315 1398
316 1026
317 601
318 1660
319 920
320 85
321 643
322 1669
323 1179
324 443
325 493
326 883
327 116
328 1349
329 1117
330 838
331 1110
332 767
333 1592
334 962
335 80
336 125
337 803
338 214
339 500
340 488
341 117
342 1225
343 113
344 1411
345 624
346 447
347 1077
348 1065
349 1556
350 580
351 633
352 1637
353 265
354 517
355 120
356 51
357 382
358 303
359 506
360 1358
361 943
362 209
363 59
364 1102
365 1221
366 1032
367 1281
368 413
369 1665
370 328
371 1469
372 1434
373 811
374 1369
375 1345
376 1320
377 973
378 243
379 1207
380 215
381 1208
382 1447
383 1674
384 477
385 1280
386 255
387 1358
388 1474
389 427
390 272
391 1243
392 512
393 25
394 1175
395 911
396 837
397 1639
398 432
399 996
400 281
401 152
402 1348
403 1440
404 986
405 279
406 600
407 1601
408 449
409 896
410 1578
411 22
412 1228
413 1306
414 175
415 70
416 1529
417 1537
418 536
419 183
420 511
421 1452
422 1226
423 256
424 1253
425 1035
426 208
427 1394
428 1670
429 843
430 567
431 67
432 818
433 1455
434 251
435 1384
436 1391
437 1185
438 1532
439 1298
440 852
441 1096
442 1439
443 850
444 751
445 245
446 917
447 1588
448 868
449 595
450 1672
451 303
452 213
453 224
454 500
455 1552
456 1366
457 150
458 17
459 551
460 546
461 1082
462 317
463 1562
464 1357
465 802
466 97
467 1053
468 763
469 1058
470 1608
471 1203
472 646
473 1102
474 626
475 200
476 1424
477 1664
478 495
479 715
480 1550
481 433
482 1565
483 278
484 411
485 1523
486 1370
487 1113
488 1259
489 1551
490 1225
491 184
492 1516
493 70
494 648
495 1080
496 1411
497 650
498 1418
499 1646
500 861
501 1554
502 764
503 1460
504 883
505 1430
506 460
507 527
508 1398
509 201
510 850
511 184
512 240
513 1556
514 113
515 1134
516 1464
517 294
518 963
519 966
520 613
521 825
522 3
523 570
524 613
525 1239
526 106
527 1634
528 1180
529 193
530 1224
531 1668
532 1113
533 1689
534 1669
535 141
536 240
537 1008
538 1528
539 1388
540 505
541 1203
542 567
543 1508
544 1591
545 449
546 474
547 179
548 1216
549 656
550 201
551 1585
552 1043
553 446
554 668
555 762
556 220
557 290
558 313
559 852
560 343
561 1610
562 781
563 965
564 544
565 1439
566 56
567 796
568 489
569 504
570 706
571 1371
572 796
573 630
574 294
575 590
576 1073
577 707
578 767
579 170
580 621
581 1368
582 808
583 530
584 1034
585 914
586 1611
587 356
588 1295
589 1242
590 262
591 105
592 960
593 561
594 187
595 196
596 1282
597 646
598 1530
599 1230
600 54
601 916
602 1351
603 535
604 263
605 1541
606 265
607 481
608 693
609 1228
610 480
611 830
612 60
613 1416
614 385
615 1014
616 5
617 266
618 1061
619 339
620 937
621 1279
622 741
623 1377
624 739
625 1554
626 1320
627 786
628 1248
629 1061
630 1575
631 1259
632 1528
633 392
634 401
635 1418
636 1387
637 1592
638 1084
639 94
640 1119
641 1161
642 1327
643 976
644 324
645 211
646 1132
647 1238
648 1631
649 1170
650 1393
651 916
652 1073
653 1368
654 1260
655 1048
656 1598
657 965
658 987
659 948
660 445
661 259
662 1386
663 171
664 406
665 1476
666 1481
667 324
668 735
669 328
670 80
671 1524
672 1514
673 99
674 115
675 385
676 648
677 363
678 878
679 934
680 707
681 188
682 856
683 1125
684 1020
685 158
686 511
687 1334
688 1341
689 1068
690 1183
691 1478
692 737
693 548
694 886
695 591
696 1474
697 587
698 442
699 379
700 224
701 347
702 890
703 1324
704 322
705 464
706 1040
707 446
708 890
709 1116
710 1007
711 1189
712 615
713 1582
714 335
715 491
716 214
717 513
718 293
719 571
720 1203
721 1232
722 568
723 1031
724 871
725 615
726 230
727 499
728 841
729 874
730 925
731 1409
732 839
733 551
734 639
735 159
736 1337
737 310
738 1602
739 452
740 1638
741 248
742 600
743 613
744 697
745 1269
746 984
747 1328
748 867
749 266
750 1070
751 1607
752 793
753 1447
754 542
755 968
756 43
757 1598
758 449
759 161
760 1013
761 844
762 212
763 511
764 554
765 507
766 680
767 1280
768 1557
769 88
770 1181
771 638
772 1381
773 78
774 655
775 90
776 504
777 640
778 1374
779 1316
780 1323
781 406
782 150
783 6
784 1087
785 320
786 861
787 942
788 1094
789 855
790 1058
791 811
792 440
793 889
794 477
795 1576
796 570
797 1565
798 277
799 87
800 109
801 737
802 99
803 1683
804 967
805 65
806 889
807 160
808 859
809 430
810 475
811 1243
812 1443
813 1134
814 1527
815 1061
816 966
817 469
818 129
819 1198
820 655
821 176
822 387
823 888
824 1316
825 707
826 1257
827 468
828 1241
829 793
830 968
831 46
832 1568
833 689
834 800
835 1661
836 1067
837 1062
838 735
839 1350
840 1439
841 665
842 1433
843 1078
844 850
845 436
846 1252
847 349
848 1309
849 90
850 438
851 697
852 391
853 1164
854 78
855 138
856 620
857 143
858 1235
859 1424
860 588
861 576
862 1217
863 865
864 1184
865 1227
866 823
867 339
868 972
869 330
870 805
871 975
872 217
873 1580
874 1106
875 1661
876 562
877 1107
878 1667
879 666
880 1029
881 1678
882 488
883 1141
884 1271
885 760
886 44
887 1057
888 667
889 1178
890 190
891 778
892 889
893 941
894 635
895 775
896 154
897 1659
898 900
899 84
900 533
901 966
902 369
903 194
904 1031
905 190
906 827
907 834
908 221
909 138
910 759
911 1605
912 1268
913 224
914 780
915 245
916 342
917 715
918 1505
919 618
920 1236
921 1573
922 1208
923 5
924 854
925 646
926 1254
927 1001
928 733
929 39
930 417
931 1570
932 519
933 512
934 551
935 1091
936 603
937 906
938 1199
939 637
940 110
941 1007
942 1113
943 599
944 34
945 552
946 1354
947 791
948 1370
949 882
950 1332
951 1423
952 1334
953 974
954 216
955 506
956 435
957 1667
958 781
959 437
960 1513
961 129
962 1017
963 199
964 1076
965 1233
966 945
967 72
968 116
969 17
970 893
971 1229
972 323
973 1334
974 182
975 489
976 860
977 1243
978 507
979 1022
980 592
981 285
982 370
983 803
984 779
985 1672
986 204
987 540
988 734
989 1420
990 264
991 1538
992 1244
993 216
994 441
995 962
996 1655
997 985
998 1545
999 245
1000 1349
1001 653
1002 59
1003 987
1004 26
1005 1322
1006 210
1007 191
1008 735
1009 110
1010 26
1011 903
1012 1107
1013 1258
1014 1219
1015 1664
1016 317
1017 1314
1018 1493
1019 363
1020 1219
1021 1389
1022 1447
1023 887
1024 1442
1025 1441
1026 1359
1027 1363
1028 151
1029 1076
1030 1092
1031 833
1032 1107
1033 1012
1034 221
1035 1693
1036 1180
1037 882
1038 1547
1039 87
1040 859
1041 1600
1042 210
1043 1291
1044 99
1045 1269
1046 954
1047 553
1048 472
1049 290
1050 934
1051 581
1052 1109
1053 1627
1054 310
1055 1692
1056 961
1057 39
1058 3
1059 157
1060 1314
1061 183
1062 298
1063 1161
1064 691
1065 738
1066 1206
1067 1175
1068 1162
1069 778
1070 1458
1071 1447
1072 643
1073 1600
1074 522
1075 1520
1076 300
1077 49
1078 1077
1079 166
1080 86
1081 569
1082 1073
1083 1189
1084 737
1085 1240
1086 1282
1087 1153
1088 1129
1089 670
1090 215
1091 627
1092 1675
1093 1063
1094 409
1095 1270
1096 888
1097 1562
1098 1189
1099 212
1100 1264
1101 208
1102 70
1103 551
1104 1463
1105 623
1106 591
1107 1032
1108 1067
1109 1250
1110 31
1111 47
1112 1238
1113 1328
1114 1214
1115 340
1116 566
1117 1269
1118 1435
1119 954
1120 735
1121 934
1122 622
1123 1073
1124 760
1125 705
1126 677
1127 971
1128 852
1129 1217
1130 1553
1131 1618
1132 330
1133 1533
1134 108
1135 284
1136 731
1137 452
1138 1669
1139 1417
1140 481
1141 1419
1142 1145
1143 1389
1144 809
1145 503
1146 681
1147 505
1148 449
1149 1040
1150 639
1151 377
1152 239
1153 830
1154 1677
1155 1245
1156 1022
1157 370
1158 13
1159 450
1160 1522
1161 187
1162 724
1163 293
1164 87
1165 1379
1166 769
1167 358
1168 1584
1169 1645
1170 1284
1171 436
1172 1238
1173 229
1174 1469
1175 1327
1176 193
1177 1654
1178 229
1179 1055
1180 300
1181 1326
1182 556
1183 1669
1184 381
1185 1261
1186 710
1187 499
1188 809
1189 1041
1190 313
1191 776
1192 39
1193 970
1194 225
1195 519
1196 243
1197 137
1198 1336
1199 55
1200 382
1201 680
1202 68
1203 1442
1204 971
1205 214
1206 548
1207 1325
1208 327
1209 1298
1210 1261
1211 503
1212 1210
1213 1213
1214 182
1215 864
1216 417
1217 1516
1218 1663
1219 1047
1220 1464
1221 915
1222 1418
1223 523
1224 978
1225 279
1226 223
1227 864
1228 871
1229 678
1230 862
1231 1041
1232 1116
1233 209
1234 1631
1235 13
1236 1505
1237 1449
1238 99
1239 1311
1240 199
1241 1484
1242 819
1243 598
1244 205
1245 142
1246 140
1247 787
1248 622
1249 265
1250 974
1251 240
1252 357
1253 299
1254 982
1255 464
1256 1043
1257 1268
1258 811
1259 1595
1260 1374
1261 646
1262 156
1263 743
1264 90
1265 1297
1266 1360
1267 1226
1268 293
1269 263
1270 905
1271 174
1272 414
1273 1107
1274 1365
1275 640
1276 1167
1277 1553
1278 1181
1279 664
1280 654
1281 612
1282 1611
1283 1092
1284 1381
1285 1193
1286 1467
1287 631
1288 1237
1289 1179
1290 1612
1291 106
1292 1066
1293 1601
1294 634
1295 168
1296 44
1297 1094
1298 1075
1299 1629
1300 647
1301 1228
1302 53
1303 1152
1304 560
1305 1578
1306 1045
1307 1441
1308 19
1309 1091
1310 798
1311 1244
1312 1371
1313 1192
1314 741
1315 936
1316 239
1317 955
1318 468
1319 564
1320 740
1321 1000
1322 1388
1323 953
1324 1428
1325 1595
1326 639
1327 1618
1328 685
1329 1661
1330 1050
1331 1021
1332 832
1333 898
1334 931
1335 1197
1336 376
1337 1057
1338 998
1339 711
1340 362
1341 1370
1342 1548
1343 442
1344 1049
1345 1491
1346 1484
1347 1043
1348 537
1349 1057
1350 1450
1351 122
1352 1264
1353 1584
1354 471
1355 1529
1356 1654
1357 539
1358 40
1359 160
1360 1636
1361 573
1362 1495
1363 15
1364 257
1365 804
1366 207
1367 1334
1368 1015
1369 584
1370 1221
1371 119
1372 1322
1373 1576
1374 1691
1375 293
1376 1479
1377 439
1378 1336
1379 362
1380 1512
1381 168
1382 572
1383 1077
1384 419
1385 582
1386 389
1387 1544
1388 1463
1389 611
1390 583
1391 935
1392 1391
1393 1396
1394 31
1395 509
1396 1138
1397 829
1398 95
1399 429
1400 1199
1401 1552
1402 1487
1403 1247
1404 624
1405 683
1406 615
1407 526
1408 514
1409 51
1410 534
1411 809
1412 1274
1413 1308
1414 1426
1415 744
1416 1052
1417 1599
1418 650
1419 960
1420 1400
1421 37
1422 524
1423 1384
1424 1397
1425 943
1426 590
1427 316
1428 1334
1429 861
1430 410
1431 811
1432 380
1433 1016
1434 410
1435 72
1436 1036
1437 1477
1438 359
1439 207
1440 244
1441 830
1442 971
1443 604
1444 217
1445 1580
1446 395
1447 210
1448 1629
1449 1475
1450 1202
1451 660
1452 1458
1453 340
1454 531
1455 1434
1456 462
1457 1040
1458 1056
1459 1173
1460 1618
1461 1583
1462 382
1463 1183
1464 1619
1465 398
1466 254
1467 1508
1468 1127
1469 996
1470 1433
1471 355
1472 685
1473 29
1474 801
1475 1166
1476 1418
1477 390
1478 1445
1479 1151
1480 301
1481 781
1482 570
1483 669
1484 1505
1485 352
1486 813
1487 1369
1488 1284
1489 87
1490 532
1491 875
1492 113
1493 802
1494 321
1495 1667
1496 963
1497 635
1498 947
1499 716
1500 369
1501 1381
1502 508
1503 894
1504 122
1505 1181
1506 1319
1507 1004
1508 879
1509 537
1510 605
1511 790
1512 1095
1513 1492
1514 1510
1515 272
1516 385
1517 705
1518 26
1519 410
1520 333
1521 277
1522 465
1523 992
1524 671
1525 240
1526 1456
1527 813
1528 1532
1529 294
1530 1025
1531 571
1532 579
1533 1653
1534 567
1535 485
1536 330
1537 580
1538 346
1539 1317
1540 550
1541 1110
1542 856
1543 1068
1544 1487
1545 618
1546 1597
1547 1692
1548 918
1549 718
1550 1408
1551 1143
1552 846
1553 967
1554 1643
1555 1219
1556 115
1557 268
1558 1155
1559 141
1560 1492
1561 210
1562 433
1563 287
1564 880
1565 336
1566 898
1567 102
1568 1456
1569 676
1570 237
1571 304
1572 1344
1573 259
1574 665
1575 293
1576 872
1577 288
1578 897
1579 409
1580 898
1581 660
1582 1570
1583 1362
1584 820
1585 1511
1586 552
1587 466
1588 1540
1589 1382
1590 1142
1591 1226
1592 795
1593 495
1594 933
1595 368
1596 513
1597 1564
1598 262
1599 419
1600 1298
1601 1618
1602 906
1603 703
1604 338
1605 893
1606 216
1607 765
1608 1060
1609 269
1610 950
1611 551
1612 172
1613 253
1614 538
1615 1579
1616 1265
1617 687
1618 1633
1619 170
1620 1408
1621 1052
1622 959
1623 948
1624 15
1625 1045
1626 146
1627 1514
1628 822
1629 988
1630 425
1631 309
1632 660
1633 1618
1634 1030
1635 604
1636 1335
1637 593
1638 1220
1639 1468
1640 64
1641 632
1642 726
1643 334
1644 523
1645 1536
1646 1035
1647 1655
1648 1381
1649 1276
1650 509
1651 163
1652 949
1653 934
1654 1533
1655 436
1656 1
1657 1085
1658 322
1659 915
1660 112
1661 1691
1662 114
1663 1122
1664 745
1665 405
1666 19
1667 336
1668 1049
1669 30
1670 765
1671 535
1672 1033
1673 856
1674 634
1675 605
1676 881
1677 520
1678 215
1679 1171
1680 19
1681 190
1682 539
1683 1182
1684 947
1685 831
1686 389
1687 125
1688 279
1689 1487
1690 139
1691 1490
1692 1197
1693 1497
0 1620
1 678
2 774
3 1074
4 801
5 262
6 586
7 381
8 1341
9 1222
10 1044
11 255
12 613
13 1016
14 1573
15 783
16 1106
17 1546
18 1478
19 992
20 396
21 882
22 546
23 453
24 66
25 935
26 1081
27 459
28 457
29 147
30 1157
31 1162
32 28
33 609
34 314
35 1236
36 1172
37 1188
38 1163
39 859
40 821
41 985
42 927
43 342
44 1623
45 878
46 51
47 560
48 666
49 1159
50 1347
51 1073
52 1668
53 1447
54 1347
55 161
56 1045
57 725
58 205
59 238
60 1265
61 8
62 902
63 1136
64 1149
65 776
66 112
67 687
68 822
69 859
70 283
71 1250
72 260
73 1242
74 198
75 1440
76 257
77 12
78 985
79 208
80 141
81 1298
82 896
83 876
84 353
85 512
86 1463
87 1426
88 1579
89 132
90 693
91 1286
92 3
93 1382
94 1327
95 576
96 144
97 430
98 1523
99 1104
100 1657
101 779
102 914
103 1625
104 113
105 1466
106 573
107 584
108 1242
109 969
110 552
111 1169
112 1173
113 1514
114 509
115 608
116 1111
117 714
118 250
119 24
120 1518
121 532
122 1360
123 1144
124 806
125 1064
126 1295
127 949
128 1553
129 1681
130 704
131 596
132 1179
133 803
134 51
135 1074
136 1179
137 648
138 807
139 1078
140 1352
141 753
142 671
143 857
144 1605
145 184
146 1441
147 917
148 670
149 699
150 978
151 751
152 340
153 594
154 1508
155 1506
156 1541
157 311
158 39
159 519
160 472
161 758
162 181
163 1597
164 1314
165 1613
166 259
167 1370
168 1204
169 1516
170 583
171 134
172 921
173 290
174 1542
175 827
176 864
177 1625
178 780
179 1411
180 35
181 588
182 713
183 670
184 522
185 712
186 363
187 1519
188 656
189 955
190 719
191 1276
192 1489
193 1026
194 1581
195 1528
196 1605
197 1362
198 1010
199 1489
200 174
201 106
202 1265
203 1629
204 889
205 1150
206 1222
207 496
208 446
209 443
210 910
211 153
212 106
213 659
214 558
215 1617
216 912
217 1558
218 1130
219 1038
220 1365
221 1543
222 273
223 383
224 1206
225 359
226 125
227 946
228 1106
229 750
230 341
231 233
232 515
233 955
234 1299
235 1566
236 585
237 1637
238 494
239 1518
240 1625
241 289
242 1264
243 454
244 693
245 1593
246 1244
247 707
248 391
249 408
250 856
251 1387
252 790
253 286
254 452
255 396
256 1546
257 1612
258 686
259 1555
260 1525
261 556
262 765
263 116
264 383
265 692
266 1019
267 462
268 786
269 1147
270 1593
271 957
272 155
273 1110
274 81
275 253
276 1401
277 1674
278 1684
279 1429
280 446
281 420
282 1325
283 1378
284 1592
285 959
286 1579
287 997
288 1032
289 1559
290 1416
291 1246
292 1113
293 1027
294 765
295 1271
296 214
297 1122
298 1047
299 1659
300 614
301 459
302 1616
303 477
304 1121
305 1559
306 504
307 1536
308 1204
309 196
310 849
311 100
312 626
313 56
314 390
315 587
316 324
317 1512
318 1660
319 1599
320 989
321 714
322 1669
323 1071
324 477
325 493
326 883
327 116
328 1262
329 1117
330 838
331 533
332 767
333 1592
334 962
335 712
336 125
337 803
338 214
339 1116
340 1488
341 117
342 1225
343 186
344 381
345 347
346 174
347 259
348 1466
349 1110
350 306
351 633
352 128
353 265
354 517
355 33
356 51
357 386
358 303
359 1343
360 355
361 943
362 209
363 59
364 1102
365 1221
366 490
367 10
368 698
369 70
370 556
371 86
372 1353
373 1083
374 1369
375 23
376 298
377 973
378 234
379 1207
380 458
381 1208
382 1447
383 1674
384 477
385 308
386 1639
387 154
388 1137
389 355
390 272
391 1243
392 512
393 1266
394 1175
395 911
396 621
397 1639
398 432
399 948
400 393
401 152
402 1348
403 554
404 546
405 306
406 324
407 1601
408 178
409 468
410 681
411 22
412 680
413 1306
414 1488
415 1282
416 362
417 1537
418 536
419 320
420 625
421 1159
422 1226
423 1322
424 774
425 1035
426 208
427 60
428 1565
429 887
430 567
431 580
432 818
433 1418
434 251
435 1236
436 1391
437 1185
438 334
439 157
440 852
441 1290
442 1439
443 643
444 285
445 245
446 558
447 734
448 868
449 1188
450 408
451 303
452 213
453 224
454 301
455 1552
456 1366
457 1689
458 17
459 992
460 1014
461 1082
462 851
463 1523
464 1357
465 539
466 1672
467 1053
468 763
469 1058
470 1607
471 567
472 513
473 1596
474 433
475 200
476 1424
477 260
478 460
479 220
480 79
481 1490
482 135
483 1026
484 411
485 1523
486 471
487 527
488 1259
489 826
490 1225
491 184
492 1516
493 305
494 403
495 1080
496 1411
497 1189
498 894
499 1109
500 1532
501 1554
502 764
503 1142
504 507
505 1430
506 749
507 143
508 1398
509 201
510 850
511 184
512 1408
513 620
514 113
515 1134
516 769
517 412
518 963
519 1536
520 613
521 825
522 3
523 592
524 613
525 823
526 1218
527 1151
528 1180
529 906
530 1224
531 1668
532 512
533 1689
534 23
535 914
536 1397
537 1008
538 425
539 1388
540 505
541 1203
542 567
543 1508
544 117
545 108
546 474
547 179
548 1137
549 836
550 484
551 1585
552 960
553 908
554 668
555 762
556 138
557 290
558 313
559 1124
560 466
561 1610
562 551
563 1061
564 1458
565 1444
566 56
567 441
568 502
569 892
570 706
571 845
572 1003
573 630
574 294
575 590
576 163
577 1352
578 252
579 645
580 713
581 1368
582 327
583 530
584 524
585 212
586 1611
587 275
588 1500
589 1242
590 262
591 105
592 1013
593 1070
594 187
595 196
596 469
597 922
598 1530
599 1532
600 54
601 220
602 1351
603 154
604 263
605 1344
606 265
607 1339
608 693
609 92
610 1020
611 217
612 60
613 500
614 385
615 1047
616 5
617 266
618 1061
619 339
620 656
621 1279
622 741
623 49
624 739
625 58
626 1320
627 786
628 1248
629 1061
630 1575
631 1259
632 1528
633 210
634 1197
635 314
636 789
637 1053
638 1626
639 94
640 1628
641 309
642 1327
643 1202
644 1186
645 206
646 1132
647 824
648 542
649 1403
650 1393
651 916
652 332
653 165
654 1260
655 756
656 1067
657 965
658 974
659 948
660 445
661 259
662 1368
663 171
664 1251
665 1476
666 580
667 831
668 483
669 306
670 992
671 1524
672 1514
673 538
674 115
675 959
676 207
677 905
678 878
679 1088
680 168
681 188
682 856
683 1688
684 1457
685 672
686 511
687 987
688 982
689 1068
690 1183
691 46
692 737
693 995
694 886
695 1420
696 1206
697 1330
698 147
699 1146
700 1634
701 347
702 890
703 244
704 1437
705 1405
706 1040
707 446
708 1582
709 527
710 982
711 1189
712 1055
713 675
714 638
715 369
716 1485
717 259
718 10
719 571
720 1203
721 1073
722 592
723 1646
724 1247
725 605
726 230
727 499
728 841
729 332
730 125
731 1297
732 839
733 551
734 639
735 159
736 1467
737 1628
738 1567
739 452
740 404
741 1601
742 380
743 613
744 552
745 1269
746 18
747 1570
748 867
749 1352
750 297
751 1607
752 107
753 1447
754 542
755 968
756 1627
757 1221
758 1020
759 1375
760 612
761 844
762 212
763 511
764 1102
765 1071
766 105
767 917
768 1045
769 88
770 1590
771 638
772 1593
773 78
774 655
775 90
776 504
777 289
778 1374
779 1040
780 913
781 399
782 303
783 1279
784 813
785 320
786 1625
787 942
788 1094
789 1571
790 1058
791 1643
792 533
793 134
794 477
795 1359
796 570
797 870
798 277
799 197
800 109
801 737
802 792
803 1551
804 967
805 65
806 1379
807 866
808 1572
809 943
810 431
811 555
812 1443
813 1134
814 493
815 8
816 53
817 230
818 129
819 494
820 655
821 986
822 387
823 1360
824 1316
825 221
826 790
827 468
828 977
829 173
830 1444
831 111
832 1568
833 689
834 243
835 1661
836 1489
837 1062
838 1198
839 175
840 1439
841 665
842 1433
843 311
844 850
845 436
846 125
847 1452
848 1288
849 196
850 438
851 697
852 1485
853 1336
854 1283
855 241
856 620
857 143
858 1235
859 671
860 588
861 592
862 686
863 1673
864 1509
865 1227
866 823
867 1644
868 972
869 123
870 805
871 657
872 389
873 1580
874 549
875 519
876 562
877 1107
878 1203
879 1551
880 1029
881 1678
882 488
883 1187
884 1271
885 724
886 1079
887 467
888 667
889 497
890 1184
891 1224
892 231
893 647
894 635
895 775
896 427
897 577
898 661
899 820
900 533
901 966
902 369
903 194
904 1283
905 190
906 1077
907 1289
908 720
909 138
910 24
911 1605
912 1229
913 224
914 987
915 45
916 342
917 439
918 357
919 618
920 1236
921 161
922 1208
923 473
924 162
925 1517
926 1254
927 1072
928 733
929 1078
930 1546
931 553
932 519
933 50
934 742
935 1457
936 603
937 906
938 332
939 637
940 349
941 1007
942 730
943 1498
944 103
945 1008
946 171
947 106
948 1370
949 882
950 1332
951 1423
952 1334
953 958
954 388
955 506
956 435
957 444
958 781
959 437
960 377
961 1340
962 1017
963 1234
964 580
965 1233
966 945
967 320
968 116
969 1347
970 704
971 850
972 783
973 1334
974 873
975 829
976 909
977 1418
978 1106
979 1022
980 310
981 980
982 187
983 630
984 706
985 259
986 359
987 1438
988 734
989 175
990 264
991 1538
992 1244
993 112
994 504
995 1607
996 734
997 985
998 69
999 34
1000 29
1001 1277
1002 1006
1003 1301
1004 356
1005 368
1006 762
1007 1687
1008 1294
1009 1392
1010 26
1011 289
1012 790
1013 304
1014 1219
1015 1444
1016 474
1017 1176
1018 369
1019 1683
1020 1476
1021 570
1022 731
1023 218
1024 468
1025 309
1026 111
1027 1305
1028 151
1029 381
1030 1092
1031 833
1032 1107
1033 262
1034 1044
1035 1484
1036 1180
1037 1152
1038 617
1039 87
1040 928
1041 149
1042 693
1043 544
1044 99
1045 239
1046 1009
1047 1086
1048 1127
1049 290
1050 1688
1051 1241
1052 803
1053 1627
1054 274
1055 1564
1056 962
1057 39
1058 3
1059 1448
1060 1314
1061 1021
1062 298
1063 1161
1064 691
1065 330
1066 749
1067 1042
1068 1162
1069 1621
1070 186
1071 471
1072 1226
1073 1049
1074 522
1075 618
1076 1150
1077 49
1078 1077
1079 166
1080 1094
1081 1315
1082 599
1083 1293
1084 737
1085 386
1086 1599
1087 665
1088 1129
1089 941
1090 316
1091 283
1092 1675
1093 170
1094 951
1095 1270
1096 400
1097 25
1098 608
1099 212
1100 1264
1101 208
1102 70
1103 863
1104 783
1105 623
1106 322
1107 1229
1108 1067
1109 1250
1110 31
1111 47
1112 1238
1113 1078
1114 547
1115 1451
1116 566
1117 110
1118 1078
1119 987
1120 740
1121 934
1122 622
1123 1073
1124 390
1125 1078
1126 677
1127 651
1128 1058
1129 1060
1130 1553
1131 1008
1132 521
1133 1533
1134 108
1135 1430
1136 731
1137 452
1138 1196
1139 1417
1140 481
1141 785
1142 1145
1143 766
1144 625
1145 275
1146 1064
1147 788
1148 26
1149 1333
1150 639
1151 377
1152 205
1153 1343
1154 1677
1155 1028
1156 440
1157 370
1158 13
1159 958
1160 1522
1161 187
1162 1626
1163 52
1164 87
1165 376
1166 1324
1167 1545
1168 1584
1169 1645
1170 314
1171 436
1172 1238
1173 524
1174 1442
1175 1327
1176 37
1177 1285
1178 552
1179 1055
1180 300
1181 511
1182 628
1183 335
1184 1438
1185 1259
1186 1375
1187 499
1188 809
1189 1041
1190 313
1191 776
1192 921
1193 1142
1194 225
1195 519
1196 243
1197 137
1198 1336
1199 55
1200 1683
1201 1454
1202 59
1203 1442
1204 358
1205 214
1206 898
1207 1325
1208 327
1209 207
1210 1261
1211 1518
1212 972
1213 1213
1214 1343
1215 864
1216 354
1217 1676
1218 1663
1219 1047
1220 1631
1221 915
1222 1418
1223 523
1224 978
1225 279
1226 223
1227 864
1228 604
1229 678
1230 755
1231 1041
1232 1116
1233 1289
1234 486
1235 368
1236 1505
1237 1449
1238 712
1239 1147
1240 199
1241 1484
1242 884
1243 598
1244 1052
1245 173
1246 764
1247 406
1248 622
1249 293
1250 974
1251 240
1252 612
1253 884
1254 982
1255 787
1256 1043
1257 1268
1258 1085
1259 1096
1260 712
1261 646
1262 1587
1263 743
1264 486
1265 1168
1266 1360
1267 1226
1268 1483
1269 573
1270 999
1271 632
1272 1021
1273 888
1274 1365
1275 985
1276 770
1277 1553
1278 1181
1279 1354
1280 654
1281 612
1282 399
1283 1180
1284 362
1285 972
1286 496
1287 631
1288 1545
1289 1179
1290 460
1291 1263
1292 1066
1293 963
1294 1591
1295 1178
1296 44
1297 692
1298 1075
1299 437
1300 647
1301 236
1302 1299
1303 366
1304 291
1305 1644
1306 1606
1307 1454
1308 1645
1309 1091
1310 798
1311 1244
1312 1371
1313 838
1314 741
1315 833
1316 264
1317 955
1318 555
1319 564
1320 344
1321 1000
1322 992
1323 1549
1324 1365
1325 348
1326 533
1327 1618
1328 685
1329 718
1330 972
1331 771
1332 1052
1333 898
1334 931
1335 879
1336 260
1337 1057
1338 998
1339 1023
1340 1406
1341 413
1342 154
1343 1068
1344 1049
1345 581
1346 1484
1347 349
1348 537
1349 1057
1350 886
1351 122
1352 1264
1353 1584
1354 471
1355 1070
1356 895
1357 539
1358 749
1359 1681
1360 1033
1361 172
1362 1108
1363 376
1364 1485
1365 1271
1366 799
1367 106
1368 48
1369 584
1370 152
1371 1506
1372 1577
1373 1576
1374 1655
1375 764
1376 1080
1377 439
1378 1614
1379 1228
1380 93
1381 1552
1382 420
1383 1077
1384 276
1385 582
1386 328
1387 1291
1388 617
1389 177
1390 583
1391 1039
1392 18
1393 107
1394 903
1395 786
1396 757
1397 829
1398 274
1399 1482
1400 1199
1401 1535
1402 1487
1403 301
1404 960
1405 1179
1406 485
1407 526
1408 1558
1409 1196
1410 1187
1411 393
1412 1274
1413 392
1414 1426
1415 744
1416 1377
1417 1666
1418 166
1419 960
1420 771
1421 37
1422 524
1423 1308
1424 36
1425 808
1426 1194
1427 1129
1428 1334
1429 861
1430 259
1431 811
1432 677
1433 1016
1434 1610
1435 666
1436 1036
1437 1477
1438 359
1439 39
1440 295
1441 227
1442 1370
1443 256
1444 217
1445 1580
1446 669
1447 210
1448 66
1449 193
1450 1324
1451 589
1452 1301
1453 731
1454 569
1455 1434
1456 1287
1457 1040
1458 1056
1459 1173
1460 457
1461 279
1462 382
1463 1600
1464 555
1465 1157
1466 254
1467 402
1468 1127
1469 996
1470 1433
1471 355
1472 1148
1473 689
1474 1243
1475 1166
1476 124
1477 1380
1478 1445
1479 1151
1480 301
1481 1505
1482 1546
1483 669
1484 326
1485 352
1486 384
1487 1582
1488 1283
1489 87
1490 1430
1491 260
1492 774
1493 626
1494 1138
1495 1667
1496 963
1497 20
1498 947
1499 1457
1500 1356
1501 1381
1502 780
1503 1357
1504 1633
1505 1181
1506 1319
1507 1004
1508 879
1509 1532
1510 605
1511 1557
1512 1095
1513 1278
1514 1387
1515 194
1516 385
1517 366
1518 1331
1519 410
1520 1422
1521 790
1522 278
1523 215
1524 468
1525 431
1526 1456
1527 234
1528 773
1529 294
1530 1242
1531 571
1532 579
1533 1653
1534 567
1535 485
1536 986
1537 580
1538 1072
1539 55
1540 530
1541 1110
1542 461
1543 1068
1544 1466
1545 1545
1546 1597
1547 979
1548 28
1549 1512
1550 1308
1551 1520
1552 846
1553 1418
1554 693
1555 36
1556 920
1557 124
1558 1155
1559 983
1560 1522
1561 210
1562 806
1563 332
1564 880
1565 516
1566 61
1567 620
1568 94
1569 161
1570 237
1571 678
1572 1344
1573 1221
1574 665
1575 257
1576 872
1577 288
1578 330
1579 586
1580 902
1581 660
1582 1570
1583 99
1584 1228
1585 1437
1586 902
1587 466
1588 1540
1589 1240
1590 1576
1591 416
1592 217
1593 924
1594 1643
1595 368
1596 102
1597 778
1598 1102
1599 419
1600 1298
1601 426
1602 906
1603 703
1604 1430
1605 893
1606 216
1607 209
1608 662
1609 44
1610 1266
1611 387
1612 172
1613 253
1614 538
1615 526
1616 721
1617 687
1618 1194
1619 170
1620 1408
1621 1681
1622 397
1623 1520
1624 15
1625 408
1626 634
1627 1514
1628 1638
1629 45
1630 1255
1631 309
1632 184
1633 1594
1634 1030
1635 344
1636 1150
1637 593
1638 1202
1639 1536
1640 64
1641 243
1642 726
1643 202
1644 523
1645 1504
1646 888
1647 452
1648 1381
1649 1276
1650 509
1651 163
1652 767
1653 1110
1654 1533
1655 436
1656 90
1657 1085
1658 1282
1659 589
1660 686
1661 1691
1662 1515
1663 206
1664 1172
1665 946
1666 19
1667 516
1668 1049
1669 1395
1670 973
1671 535
1672 31
1673 277
1674 634
1675 605
1676 881
1677 1617
1678 1411
1679 660
1680 1528
1681 29
1682 539
1683 1182
1684 947
1685 831
1686 73
1687 125
1688 279
1689 764
1690 139
1691 472
1692 1160
1693 1497
