0 249
1 1667
2 1036
3 377
4 934
5 1065
6 1484
7 468
8 834
9 1465
10 1060
11 365
12 265
13 1391
14 679
15 412
16 428
17 1229
18 6
19 157
20 743
21 1168
22 915
23 499
24 1128
25 1672
26 1077
27 1496
28 1584
29 641
30 1611
31 522
32 63
33 246
34 1012
35 176
36 466
37 595
38 431
39 14
40 307
41 966
42 416
43 1119
44 539
45 72
46 333
47 53
48 670
49 849
50 538
51 153
52 1503
53 405
54 640
55 480
56 1232
57 750
58 253
59 1265
60 1233
61 638
62 1369
63 1626
64 847
65 280
66 4
67 527
68 709
69 310
70 1047
71 1173
72 1577
73 655
74 1478
75 350
76 1227
77 1689
78 330
79 1264
80 642
81 1437
82 1239
83 831
84 815
85 1073
86 1307
87 540
88 594
89 1268
90 1086
91 790
92 1614
93 984
94 440
95 1155
96 1083
97 741
98 1554
99 803
100 343
101 642
102 1223
103 570
104 118
105 1058
106 1322
107 116
108 552
109 911
110 757
111 580
112 795
113 1316
114 978
115 1375
116 1154
117 241
118 514
119 467
120 1052
121 1009
122 562
123 661
124 581
125 1286
126 217
127 1359
128 1250
129 260
130 854
131 1425
132 864
133 513
134 546
135 955
136 609
137 596
138 1072
139 272
140 812
141 1549
142 487
143 1163
144 153
145 818
146 1366
147 190
148 139
149 1574
150 486
151 1564
152 874
153 834
154 738
155 1425
156 720
157 1355
158 1365
159 349
160 200
161 617
162 709
163 1693
164 583
165 889
166 336
167 1359
168 1633
169 992
170 191
171 974
172 346
173 949
174 97
175 216
176 1688
177 427
178 1483
179 88
180 1440
181 516
182 888
183 109
184 1562
185 946
186 1324
187 568
188 965
189 1156
190 975
191 28
192 132
193 690
194 1361
195 715
196 1520
197 1468
198 1324
199 1558
200 927
201 1330
202 462
203 81
204 980
205 1420
206 780
207 1454
208 475
209 405
210 662
211 571
212 526
213 1201
214 1180
215 911
216 233
217 1672
218 415
219 1324
220 1196
221 536
222 281
223 1557
224 122
225 101
226 121
227 450
228 189
229 190
230 4
231 168
232 301
233 832
234 1661
235 1080
236 212
237 1270
238 903
239 48
240 820
241 1005
242 1386
243 555
244 620
245 1231
246 1236
247 1456
248 1422
249 1442
250 239
251 422
252 864
253 1443
254 225
255 1377
256 876
257 941
258 1037
259 934
260 886
261 1165
262 1086
263 1223
264 673
265 1589
266 1683
267 569
268 600
269 1577
270 868
271 1439
272 429
273 9
274 1040
275 1161
276 466
277 678
278 680
279 920
280 1268
281 1405
282 380
283 1448
284 104
285 416
286 503
287 944
288 1244
289 805
290 629
291 1424
292 852
293 679
294 1082
295 853
296 265
297 2
298 179
299 1029
300 177
301 313
302 583
303 718
304 825
305 144
306 430
307 1567
308 995
309 483
310 424
311 937
312 349
313 1484
314 1070
315 774
316 146
317 468
318 637
319 423
320 198
321 772
322 1588
323 1071
324 407
325 602
326 1247
327 1192
328 481
329 1101
330 10
331 614
332 1462
333 1083
334 1060
335 1051
336 1144
337 1109
338 449
339 811
340 1538
341 1108
342 1023
343 1389
344 481
345 292
346 334
347 529
348 249
349 22
350 1641
351 1030
352 87
353 1404
354 775
355 1514
356 1100
357 1250
358 962
359 1390
360 973
361 891
362 71
363 204
364 13
365 1498
366 730
367 1320
368 846
369 977
370 978
371 501
372 956
373 1550
374 111
375 917
376 1191
377 1200
378 354
379 492
380 399
381 482
382 769
383 1596
384 675
385 1235
386 1150
387 783
388 509
389 1627
390 670
391 1496
392 1300
393 1136
394 597
395 690
396 354
397 573
398 121
399 1637
400 245
401 330
402 958
403 1370
404 592
405 292
406 1615
407 1452
408 479
409 200
410 1584
411 309
412 174
413 179
414 566
415 685
416 1000
417 925
418 236
419 1175
420 166
421 1238
422 1138
423 677
424 402
425 1587
426 871
427 1016
428 294
429 593
430 1255
431 1557
432 764
433 986
434 301
435 891
436 287
437 1664
438 1498
439 1600
440 1267
441 214
442 6
443 1176
444 965
445 607
446 1058
447 185
448 109
449 247
450 1027
451 1535
452 1196
453 186
454 1543
455 971
456 1576
457 692
458 1384
459 282
460 406
461 864
462 1304
463 739
464 558
465 1651
466 908
467 1646
468 1057
469 1387
470 1559
471 889
472 967
473 1387
474 1390
475 1045
476 1222
477 1649
478 814
479 1042
480 59
481 232
482 632
483 273
484 342
485 1443
486 600
487 170
488 223
489 592
490 485
491 1276
492 406
493 903
494 987
495 658
496 199
497 43
498 573
499 1319
500 283
501 1570
502 1098
503 1228
504 675
505 1295
506 230
507 777
508 1226
509 55
510 102
511 209
512 1456
513 1618
514 696
515 1514
516 1299
517 640
518 288
519 749
520 1403
521 1638
522 263
523 682
524 69
525 1438
526 1069
527 1259
528 1690
529 289
530 1320
531 796
532 1413
533 1646
534 1403
535 27
536 1680
537 1171
538 273
539 1149
540 765
541 1252
542 151
543 716
544 1182
545 1372
546 1121
547 928
548 1208
549 331
550 1253
551 1663
552 1588
553 532
554 797
555 1117
556 812
557 1495
558 1057
559 1056
560 3
561 337
562 867
563 1636
564 1616
565 745
566 1455
567 724
568 1144
569 331
570 1328
571 1317
572 473
573 584
574 35
575 1277
576 624
577 1513
578 1534
579 699
580 933
581 1634
582 525
583 1630
584 1269
585 763
586 240
587 1282
588 1467
589 915
590 277
591 84
592 1604
593 320
594 1689
595 319
596 1668
597 73
598 315
599 626
600 1195
601 266
602 149
603 826
604 504
605 1042
606 1437
607 1140
608 771
609 493
610 1024
611 189
612 1366
613 885
614 1434
615 759
616 193
617 1130
618 1094
619 1269
620 1254
621 182
622 1535
623 1398
624 176
625 67
626 390
627 840
628 1292
629 1211
630 600
631 430
632 869
633 1259
634 321
635 482
636 242
637 1193
638 138
639 669
640 1387
641 68
642 1518
643 251
644 845
645 1285
646 1184
647 5
648 1527
649 695
650 935
651 476
652 1286
653 1559
654 1582
655 1578
656 715
657 322
658 242
659 603
660 1286
661 1064
662 314
663 388
664 756
665 1629
666 608
667 925
668 1138
669 623
670 742
671 361
672 1579
673 117
674 58
675 792
676 673
677 630
678 1245
679 681
680 218
681 1482
682 958
683 1140
684 431
685 83
686 1395
687 892
688 454
689 1509
690 1119
691 1442
692 1666
693 166
694 662
695 144
696 122
697 1133
698 1667
699 1454
700 397
701 1357
702 1130
703 870
704 499
705 790
706 1343
707 956
708 464
709 1682
710 806
711 1615
712 1491
713 832
714 1261
715 0
716 602
717 1343
718 777
719 1393
720 1113
721 411
722 371
723 1215
724 1521
725 702
726 238
727 28
728 521
729 472
730 549
731 646
732 297
733 272
734 1236
735 582
736 1314
737 483
738 293
739 354
740 647
741 1226
742 344
743 760
744 349
745 579
746 1356
747 514
748 1665
749 971
750 1307
751 1625
752 30
753 568
754 397
755 1563
756 1229
757 974
758 179
759 719
760 807
761 1024
762 558
763 638
764 1139
765 245
766 101
767 290
768 725
769 231
770 1593
771 1114
772 279
773 1666
774 253
775 1498
776 781
777 417
778 760
779 1681
780 153
781 810
782 228
783 197
784 717
785 108
786 1165
787 504
788 1146
789 877
790 589
791 66
792 601
793 1168
794 1218
795 1681
796 1111
797 1682
798 150
799 1036
800 1518
801 1553
802 1319
803 1666
804 829
805 1098
806 254
807 356
808 1503
809 1416
810 26
811 1404
812 951
813 1578
814 736
815 1109
816 287
817 402
818 1338
819 268
820 1330
821 285
822 463
823 217
824 1277
825 470
826 942
827 1108
828 1053
829 1627
830 1081
831 1467
832 815
833 1092
834 593
835 169
836 283
837 1092
838 1473
839 891
840 1635
841 389
842 1439
843 594
844 356
845 305
846 512
847 551
848 91
849 37
850 510
851 604
852 1221
853 1637
854 1153
855 1152
856 1586
857 1382
858 768
859 325
860 556
861 757
862 1492
863 349
864 1199
865 1678
866 741
867 1400
868 268
869 843
870 1410
871 1032
872 373
873 164
874 423
875 625
876 835
877 1122
878 75
879 1334
880 950
881 232
882 965
883 782
884 1013
885 60
886 196
887 517
888 105
889 418
890 761
891 451
892 518
893 302
894 496
895 231
896 522
897 290
898 705
899 263
900 867
901 241
902 652
903 1237
904 1231
905 49
906 765
907 166
908 589
909 1242
910 1689
911 800
912 675
913 1272
914 1183
915 577
916 175
917 478
918 171
919 706
920 624
921 1161
922 709
923 1660
924 1592
925 606
926 910
927 333
928 1207
929 269
930 82
931 15
932 820
933 1297
934 389
935 838
936 1384
937 100
938 421
939 550
940 520
941 726
942 167
943 876
944 1486
945 778
946 1027
947 420
948 1137
949 73
950 992
951 1237
952 1503
953 1569
954 351
955 1241
956 1194
957 982
958 413
959 1464
960 1
961 1153
962 1440
963 562
964 488
965 872
966 443
967 1475
968 1645
969 241
970 1410
971 1427
972 1139
973 1506
974 429
975 1485
976 733
977 437
978 744
979 928
980 59
981 1584
982 1059
983 1672
984 471
985 435
986 1546
987 1687
988 1666
989 1252
990 1338
991 96
992 544
993 910
994 1191
995 783
996 276
997 240
998 1470
999 1205
1000 283
1001 278
1002 1551
1003 974
1004 1120
1005 452
1006 864
1007 842
1008 907
1009 59
1010 929
1011 1143
1012 70
1013 1044
1014 41
1015 525
1016 1215
1017 173
1018 422
1019 79
1020 897
1021 300
1022 134
1023 1257
1024 899
1025 810
1026 434
1027 1638
1028 1672
1029 915
1030 605
1031 628
1032 1066
1033 692
1034 944
1035 153
1036 1111
1037 821
1038 1003
1039 1032
1040 788
1041 63
1042 224
1043 1045
1044 928
1045 1158
1046 184
1047 676
1048 1519
1049 305
1050 588
1051 204
1052 401
1053 696
1054 1279
1055 558
1056 917
1057 16
1058 282
1059 48
1060 680
1061 677
1062 1631
1063 964
1064 676
1065 348
1066 516
1067 338
1068 424
1069 1221
1070 1099
1071 544
1072 453
1073 923
1074 44
1075 1360
1076 1672
1077 1522
1078 693
1079 420
1080 1264
1081 1422
1082 636
1083 1223
1084 1582
1085 763
1086 1139
1087 1075
1088 691
1089 17
1090 745
1091 1257
1092 212
1093 1032
1094 804
1095 643
1096 225
1097 307
1098 590
1099 692
1100 850
1101 1316
1102 382
1103 1151
1104 289
1105 1176
1106 12
1107 516
1108 180
1109 1532
1110 298
1111 391
1112 1611
1113 886
1114 300
1115 732
1116 1440
1117 1092
1118 461
1119 1512
1120 788
1121 1585
1122 1167
1123 998
1124 870
1125 1225
1126 194
1127 647
1128 288
1129 636
1130 548
1131 225
1132 1003
1133 1311
1134 1376
1135 1509
1136 140
1137 584
1138 406
1139 129
1140 229
1141 761
1142 1654
1143 271
1144 1197
1145 1249
1146 146
1147 1245
1148 846
1149 998
1150 1271
1151 805
1152 194
1153 598
1154 582
1155 770
1156 665
1157 148
1158 498
1159 428
1160 478
1161 709
1162 804
1163 1052
1164 1496
1165 1135
1166 168
1167 430
1168 671
1169 120
1170 1446
1171 57
1172 316
1173 1087
1174 706
1175 855
1176 261
1177 859
1178 128
1179 597
1180 116
1181 958
1182 1141
1183 1646
1184 1033
1185 1641
1186 523
1187 1675
1188 134
1189 1440
1190 1394
1191 389
1192 290
1193 1109
1194 719
1195 1006
1196 1504
1197 199
1198 1646
1199 1055
1200 915
1201 664
1202 1052
1203 1316
1204 795
1205 847
1206 1000
1207 521
1208 421
1209 622
1210 1422
1211 68
1212 14
1213 837
1214 691
1215 117
1216 1453
1217 1649
1218 1318
1219 90
1220 126
1221 1416
1222 137
1223 532
1224 1375
1225 668
1226 709
1227 1140
1228 1641
1229 447
1230 1481
1231 1055
1232 846
1233 1441
1234 556
1235 1511
1236 1503
1237 1131
1238 660
1239 1421
1240 1291
1241 959
1242 47
1243 1646
1244 1594
1245 1508
1246 875
1247 518
1248 1454
1249 156
1250 912
1251 1510
1252 634
1253 850
1254 26
1255 1038
1256 733
1257 1687
1258 1274
1259 1633
1260 853
1261 1673
1262 1282
1263 1183
1264 1575
1265 1483
1266 1072
1267 698
1268 1262
1269 339
1270 721
1271 38
1272 1435
1273 453
1274 247
1275 1576
1276 69
1277 644
1278 348
1279 324
1280 570
1281 910
1282 1435
1283 1655
1284 1142
1285 991
1286 1006
1287 125
1288 444
1289 906
1290 1442
1291 1382
1292 352
1293 46
1294 1610
1295 1627
1296 1454
1297 1559
1298 1208
1299 55
1300 1202
1301 317
1302 1558
1303 31
1304 629
1305 1067
1306 315
1307 1005
1308 1684
1309 82
1310 845
1311 1020
1312 1151
1313 48
1314 407
1315 1420
1316 601
1317 215
1318 1004
1319 1475
1320 597
1321 320
1322 101
1323 1254
1324 490
1325 374
1326 1612
1327 932
1328 1273
1329 612
1330 146
1331 1019
1332 1575
1333 736
1334 614
1335 559
1336 10
1337 96
1338 395
1339 560
1340 712
1341 52
1342 789
1343 54
1344 748
1345 204
1346 649
1347 1279
1348 937
1349 574
1350 1463
1351 850
1352 1492
1353 961
1354 1040
1355 74
1356 76
1357 1001
1358 1478
1359 1210
1360 1043
1361 584
1362 879
1363 1202
1364 564
1365 380
1366 855
1367 15
1368 210
1369 1372
1370 703
1371 1279
1372 1383
1373 798
1374 1216
1375 1074
1376 1447
1377 1236
1378 687
1379 139
1380 1044
1381 306
1382 747
1383 1670
1384 1531
1385 391
1386 1063
1387 923
1388 345
1389 562
1390 1366
1391 897
1392 1030
1393 533
1394 663
1395 1557
1396 1174
1397 315
1398 724
1399 33
1400 1229
1401 1053
1402 1543
1403 667
1404 1457
1405 1502
1406 1443
1407 1568
1408 1321
1409 376
1410 1416
1411 531
1412 947
1413 903
1414 1612
1415 26
1416 515
1417 86
1418 1667
1419 626
1420 1629
1421 1272
1422 1124
1423 477
1424 89
1425 900
1426 58
1427 1669
1428 306
1429 591
1430 1666
1431 89
1432 198
1433 725
1434 1293
1435 1608
1436 773
1437 798
1438 1573
1439 1004
1440 164
1441 1222
1442 408
1443 364
1444 848
1445 1197
1446 1035
1447 98
1448 316
1449 946
1450 690
1451 929
1452 723
1453 423
1454 1427
1455 1393
1456 481
1457 168
1458 1322
1459 1623
1460 1109
1461 1310
1462 205
1463 598
1464 1680
1465 299
1466 1513
1467 824
1468 331
1469 827
1470 1497
1471 183
1472 1634
1473 1690
1474 1106
1475 825
1476 584
1477 1248
1478 1295
1479 879
1480 8
1481 1202
1482 4
1483 974
1484 479
1485 1553
1486 1071
1487 1194
1488 389
1489 439
1490 1629
1491 961
1492 330
1493 40
1494 689
1495 88
1496 140
1497 768
1498 600
1499 836
1500 1680
1501 1471
1502 21
1503 1256
1504 626
1505 1364
1506 1203
1507 775
1508 1601
1509 1215
1510 579
1511 936
1512 1271
1513 1674
1514 1451
1515 1304
1516 1227
1517 1232
1518 929
1519 721
1520 1224
1521 824
1522 805
1523 1339
1524 100
1525 706
1526 1175
1527 466
1528 650
1529 838
1530 1066
1531 1372
1532 1507
1533 115
1534 870
1535 1481
1536 464
1537 969
1538 34
1539 21
1540 1141
1541 711
1542 1193
1543 1520
1544 654
1545 1169
1546 1261
1547 705
1548 699
1549 1011
1550 480
1551 1230
1552 406
1553 124
1554 1677
1555 1497
1556 1270
1557 267
1558 372
1559 1503
1560 463
1561 219
1562 84
1563 658
1564 1444
1565 117
1566 1264
1567 782
1568 987
1569 1243
1570 1049
1571 609
1572 256
1573 839
1574 1182
1575 173
1576 1076
1577 20
1578 766
1579 1189
1580 612
1581 372
1582 729
1583 450
1584 324
1585 141
1586 257
1587 1500
1588 1040
1589 728
1590 858
1591 1133
1592 78
1593 955
1594 338
1595 353
1596 1250
1597 1417
1598 1661
1599 1035
1600 352
1601 200
1602 96
1603 1138
1604 1498
1605 1293
1606 1351
1607 662
1608 1138
1609 513
1610 1333
1611 541
1612 1602
1613 403
1614 899
1615 1114
1616 115
1617 1478
1618 252
1619 1601
1620 1346
1621 167
1622 344
1623 631
1624 789
1625 582
1626 618
1627 467
1628 506
1629 989
1630 853
1631 621
1632 1059
1633 808
1634 1054
1635 1346
1636 252
1637 597
1638 1003
1639 953
1640 1569
1641 276
1642 962
1643 1135
1644 911
1645 799
1646 51
1647 1355
1648 1402
1649 896
1650 1476
1651 528
1652 418
1653 1470
1654 674
1655 329
1656 977
1657 533
1658 725
1659 662
1660 1108
1661 1048
1662 352
1663 78
1664 275
1665 490
1666 670
1667 1445
1668 159
1669 362
1670 0
1671 878
1672 1031
1673 311
1674 183
1675 1509
1676 537
1677 587
1678 1134
1679 813
1680 503
1681 1515
1682 55
1683 1693
1684 238
1685 406
1686 12
1687 422
1688 123
1689 853
1690 911
1691 549
1692 1019
1693 486
0 691
1 1517
2 1475
3 1125
4 285
5 1328
6 1484
7 468
8 279
9 1465
10 1060
11 1402
12 1658
13 266
14 859
15 588
16 428
17 437
18 1120
19 1273
20 1628
21 1168
22 915
23 423
24 1128
25 1672
26 1077
27 1496
28 1584
29 194
30 64
31 564
32 79
33 877
34 1012
35 1277
36 11
37 595
38 431
39 1377
40 3
41 429
42 416
43 923
44 1268
45 1077
46 921
47 1043
48 1421
49 251
50 804
51 1492
52 1503
53 107
54 942
55 1434
56 1480
57 750
58 253
59 1265
60 1095
61 846
62 1199
63 1626
64 144
65 753
66 1359
67 527
68 709
69 310
70 1047
71 276
72 1577
73 1322
74 1478
75 1223
76 529
77 1689
78 330
79 720
80 642
81 1437
82 1239
83 48
84 815
85 781
86 1307
87 415
88 324
89 1031
90 1086
91 790
92 470
93 984
94 837
95 31
96 795
97 741
98 223
99 429
100 1250
101 642
102 714
103 790
104 1220
105 1470
106 1237
107 1416
108 1478
109 1592
110 757
111 1289
112 795
113 1057
114 740
115 838
116 1154
117 96
118 289
119 390
120 984
121 583
122 1272
123 205
124 581
125 1588
126 1308
127 1676
128 1250
129 533
130 493
131 1425
132 124
133 232
134 546
135 1435
136 578
137 152
138 1072
139 272
140 1605
141 1245
142 292
143 11
144 1608
145 1245
146 1118
147 190
148 138
149 161
150 1515
151 112
152 874
153 834
154 738
155 1635
156 720
157 1355
158 1365
159 1630
160 200
161 636
162 797
163 936
164 583
165 790
166 336
167 1293
168 1309
169 992
170 1297
171 974
172 346
173 949
174 38
175 216
176 256
177 905
178 84
179 88
180 106
181 119
182 888
183 42
184 300
185 1069
186 1324
187 680
188 1362
189 1156
190 302
191 28
192 132
193 690
194 1680
195 1487
196 175
197 1468
198 517
199 1558
200 1460
201 1543
202 1267
203 193
204 510
205 1420
206 1170
207 1435
208 931
209 1394
210 662
211 863
212 526
213 285
214 1599
215 40
216 1042
217 1444
218 498
219 357
220 1090
221 536
222 281
223 1557
224 122
225 101
226 121
227 450
228 189
229 893
230 831
231 168
232 1343
233 1491
234 588
235 1080
236 550
237 1270
238 903
239 48
240 339
241 1005
242 1386
243 555
244 620
245 935
246 1236
247 1243
248 1344
249 1640
250 239
251 1383
252 559
253 1443
254 3
255 419
256 79
257 941
258 1379
259 934
260 1504
261 1379
262 161
263 1223
264 673
265 390
266 1683
267 1050
268 711
269 1577
270 450
271 1282
272 429
273 9
274 152
275 1161
276 1096
277 212
278 680
279 1590
280 1268
281 1405
282 1363
283 1624
284 1018
285 152
286 503
287 766
288 1244
289 79
290 138
291 1424
292 852
293 679
294 1082
295 853
296 265
297 894
298 1499
299 1029
300 835
301 313
302 238
303 1045
304 1007
305 623
306 1309
307 956
308 41
309 616
310 906
311 1662
312 549
313 1420
314 1070
315 250
316 447
317 468
318 637
319 1009
320 1240
321 772
322 1588
323 1648
324 1252
325 602
326 1247
327 1687
328 878
329 94
330 1098
331 614
332 1625
333 1086
334 871
335 21
336 1411
337 523
338 1177
339 1595
340 1538
341 1108
342 931
343 141
344 481
345 292
346 385
347 739
348 989
349 22
350 1641
351 785
352 87
353 299
354 775
355 1401
356 1100
357 1250
358 962
359 1390
360 878
361 891
362 564
363 56
364 778
365 1498
366 1387
367 1320
368 1638
369 977
370 1340
371 1107
372 1053
373 1550
374 236
375 917
376 479
377 1200
378 762
379 492
380 399
381 1519
382 769
383 1596
384 297
385 1235
386 1150
387 1584
388 509
389 1627
390 1645
391 766
392 1300
393 1136
394 597
395 690
396 61
397 573
398 1479
399 788
400 245
401 330
402 649
403 1385
404 849
405 292
406 1615
407 1452
408 479
409 200
410 1537
411 309
412 115
413 179
414 431
415 682
416 1281
417 925
418 236
419 1175
420 166
421 397
422 1138
423 1329
424 993
425 66
426 944
427 1249
428 294
429 593
430 1125
431 1253
432 764
433 231
434 301
435 133
436 287
437 603
438 838
439 1082
440 1267
441 295
442 1692
443 913
444 965
445 607
446 384
447 710
448 1232
449 247
450 230
451 1535
452 98
453 186
454 1543
455 971
456 1025
457 956
458 1315
459 282
460 521
461 1325
462 566
463 739
464 558
465 1651
466 908
467 1646
468 164
469 304
470 1559
471 889
472 967
473 1387
474 1094
475 1045
476 1177
477 519
478 1254
479 1074
480 59
481 298
482 596
483 253
484 342
485 551
486 614
487 20
488 571
489 592
490 485
491 1276
492 406
493 903
494 987
495 658
496 1642
497 592
498 1481
499 90
500 1523
501 1570
502 1098
503 1228
504 675
505 2
506 1010
507 636
508 772
509 513
510 102
511 185
512 941
513 521
514 696
515 1514
516 1395
517 248
518 1572
519 749
520 18
521 1638
522 263
523 777
524 69
525 1617
526 380
527 1449
528 935
529 1132
530 183
531 0
532 1494
533 703
534 279
535 27
536 1083
537 1171
538 1205
539 1149
540 765
541 992
542 1046
543 1422
544 1182
545 1343
546 1121
547 178
548 1208
549 123
550 1450
551 949
552 1588
553 1500
554 1603
555 1506
556 812
557 892
558 625
559 1178
560 1068
561 1558
562 319
563 1636
564 1616
565 975
566 762
567 724
568 1579
569 331
570 1237
571 1317
572 473
573 716
574 1661
575 484
576 624
577 1260
578 1534
579 824
580 1449
581 1634
582 1615
583 936
584 1269
585 1131
586 1084
587 1282
588 1467
589 530
590 975
591 458
592 1604
593 320
594 745
595 319
596 1668
597 731
598 1412
599 1578
600 1195
601 19
602 149
603 474
604 634
605 689
606 1437
607 1140
608 14
609 493
610 797
611 328
612 1366
613 885
614 1616
615 252
616 435
617 317
618 1238
619 790
620 1254
621 182
622 358
623 920
624 1320
625 538
626 390
627 840
628 1055
629 1291
630 600
631 1679
632 604
633 1259
634 321
635 1598
636 242
637 1240
638 103
639 669
640 1387
641 1478
642 1518
643 251
644 643
645 1285
646 913
647 72
648 1527
649 695
650 504
651 476
652 1286
653 1559
654 1582
655 483
656 715
657 322
658 242
659 1172
660 596
661 1064
662 314
663 87
664 468
665 1629
666 336
667 1585
668 238
669 623
670 1119
671 1252
672 1579
673 117
674 436
675 792
676 673
677 40
678 677
679 1452
680 218
681 1176
682 230
683 73
684 1231
685 1345
686 525
687 1175
688 454
689 1632
690 482
691 422
692 1177
693 166
694 1016
695 144
696 1226
697 478
698 1102
699 15
700 977
701 1026
702 1130
703 870
704 1198
705 888
706 740
707 887
708 464
709 1682
710 647
711 1615
712 1491
713 832
714 1261
715 1595
716 454
717 102
718 534
719 1088
720 1113
721 98
722 1158
723 1630
724 492
725 1505
726 452
727 1115
728 521
729 1591
730 549
731 646
732 850
733 1426
734 1236
735 582
736 1631
737 483
738 976
739 1604
740 647
741 799
742 46
743 203
744 39
745 152
746 1255
747 514
748 1665
749 971
750 1293
751 1495
752 370
753 1637
754 397
755 859
756 917
757 124
758 179
759 719
760 807
761 421
762 1068
763 1570
764 186
765 23
766 101
767 619
768 829
769 930
770 1593
771 1114
772 1588
773 755
774 253
775 1498
776 974
777 417
778 760
779 527
780 873
781 802
782 228
783 81
784 1247
785 252
786 1165
787 1132
788 1146
789 437
790 670
791 66
792 601
793 1168
794 156
795 1245
796 1122
797 153
798 150
799 896
800 361
801 880
802 326
803 1666
804 829
805 1098
806 254
807 111
808 1104
809 1345
810 26
811 219
812 620
813 1578
814 686
815 950
816 287
817 402
818 289
819 541
820 1330
821 285
822 230
823 217
824 394
825 470
826 419
827 1108
828 1465
829 1627
830 1081
831 513
832 1122
833 1092
834 1397
835 169
836 1139
837 318
838 259
839 1296
840 681
841 471
842 782
843 356
844 1243
845 1392
846 512
847 551
848 412
849 1538
850 510
851 356
852 1375
853 1637
854 624
855 1558
856 1586
857 1382
858 768
859 159
860 213
861 270
862 1489
863 349
864 1199
865 1678
866 1601
867 1502
868 222
869 339
870 743
871 1342
872 179
873 164
874 423
875 625
876 905
877 605
878 834
879 1334
880 1055
881 1010
882 439
883 161
884 1013
885 60
886 196
887 517
888 444
889 286
890 1598
891 580
892 518
893 302
894 496
895 41
896 558
897 1567
898 705
899 263
900 867
901 241
902 997
903 217
904 1231
905 49
906 349
907 820
908 865
909 1581
910 1689
911 800
912 675
913 358
914 863
915 668
916 175
917 772
918 535
919 706
920 148
921 1097
922 709
923 1660
924 1592
925 606
926 1402
927 1321
928 75
929 134
930 82
931 15
932 865
933 1297
934 96
935 838
936 1231
937 769
938 421
939 550
940 520
941 946
942 1009
943 876
944 1486
945 778
946 1241
947 372
948 1137
949 806
950 520
951 1498
952 1503
953 792
954 838
955 1195
956 1194
957 222
958 1378
959 1464
960 1
961 1153
962 1622
963 562
964 1566
965 173
966 443
967 973
968 1645
969 241
970 752
971 1570
972 1139
973 939
974 429
975 1485
976 733
977 437
978 744
979 1207
980 1526
981 1017
982 483
983 1672
984 1035
985 1155
986 1633
987 1167
988 1666
989 181
990 1338
991 96
992 544
993 910
994 1476
995 1380
996 276
997 852
998 480
999 1393
1000 854
1001 278
1002 550
1003 1634
1004 1120
1005 828
1006 965
1007 205
1008 907
1009 59
1010 1456
1011 1143
1012 70
1013 915
1014 41
1015 525
1016 1215
1017 865
1018 191
1019 354
1020 1582
1021 300
1022 1325
1023 676
1024 1082
1025 810
1026 396
1027 1638
1028 70
1029 1468
1030 687
1031 628
1032 1066
1033 1588
1034 944
1035 648
1036 1467
1037 1665
1038 787
1039 743
1040 788
1041 794
1042 331
1043 869
1044 1312
1045 1158
1046 970
1047 676
1048 202
1049 305
1050 551
1051 204
1052 1443
1053 755
1054 752
1055 919
1056 917
1057 1487
1058 282
1059 48
1060 323
1061 917
1062 1631
1063 964
1064 1462
1065 348
1066 516
1067 1342
1068 424
1069 1221
1070 560
1071 544
1072 453
1073 572
1074 44
1075 366
1076 1481
1077 926
1078 613
1079 420
1080 182
1081 1422
1082 636
1083 1223
1084 1582
1085 373
1086 1379
1087 1271
1088 287
1089 937
1090 153
1091 1010
1092 212
1093 1032
1094 1605
1095 643
1096 342
1097 1435
1098 540
1099 815
1100 978
1101 195
1102 382
1103 1151
1104 224
1105 1682
1106 835
1107 1004
1108 1252
1109 309
1110 1435
1111 1654
1112 1611
1113 424
1114 950
1115 732
1116 1440
1117 1154
1118 530
1119 1166
1120 1394
1121 1662
1122 1167
1123 1311
1124 237
1125 63
1126 174
1127 539
1128 288
1129 619
1130 1422
1131 225
1132 1003
1133 1311
1134 1376
1135 1509
1136 140
1137 1357
1138 467
1139 850
1140 229
1141 1042
1142 1574
1143 1208
1144 377
1145 948
1146 1384
1147 1179
1148 846
1149 1336
1150 1271
1151 805
1152 194
1153 1116
1154 534
1155 770
1156 208
1157 451
1158 223
1159 95
1160 1059
1161 709
1162 616
1163 1054
1164 659
1165 1476
1166 168
1167 430
1168 967
1169 409
1170 764
1171 57
1172 316
1173 1087
1174 1463
1175 855
1176 280
1177 859
1178 1213
1179 597
1180 872
1181 1043
1182 1141
1183 1383
1184 1033
1185 1641
1186 1061
1187 1018
1188 134
1189 1440
1190 1394
1191 394
1192 702
1193 1109
1194 719
1195 1006
1196 1504
1197 35
1198 801
1199 1160
1200 1538
1201 706
1202 1052
1203 1316
1204 199
1205 1663
1206 1000
1207 988
1208 227
1209 622
1210 1342
1211 758
1212 1156
1213 78
1214 691
1215 554
1216 1453
1217 1649
1218 1318
1219 90
1220 862
1221 1169
1222 137
1223 532
1224 1375
1225 897
1226 779
1227 598
1228 1641
1229 447
1230 1093
1231 1055
1232 846
1233 1441
1234 556
1235 48
1236 1567
1237 176
1238 318
1239 1421
1240 924
1241 1028
1242 290
1243 64
1244 266
1245 1539
1246 242
1247 518
1248 1454
1249 359
1250 912
1251 1510
1252 1289
1253 460
1254 250
1255 1038
1256 65
1257 756
1258 214
1259 1440
1260 853
1261 1234
1262 1282
1263 219
1264 931
1265 1483
1266 1072
1267 698
1268 1626
1269 37
1270 720
1271 980
1272 1589
1273 215
1274 1388
1275 1576
1276 253
1277 1482
1278 182
1279 567
1280 1385
1281 1429
1282 1567
1283 1655
1284 137
1285 991
1286 1319
1287 574
1288 444
1289 906
1290 973
1291 1382
1292 352
1293 46
1294 60
1295 1627
1296 392
1297 638
1298 1208
1299 1648
1300 1379
1301 953
1302 940
1303 871
1304 1249
1305 547
1306 325
1307 1464
1308 121
1309 765
1310 501
1311 1020
1312 397
1313 592
1314 407
1315 687
1316 601
1317 215
1318 1589
1319 1475
1320 597
1321 1454
1322 66
1323 1254
1324 1031
1325 552
1326 1612
1327 932
1328 537
1329 612
1330 1296
1331 278
1332 1482
1333 915
1334 614
1335 559
1336 987
1337 96
1338 395
1339 518
1340 712
1341 63
1342 810
1343 170
1344 748
1345 204
1346 863
1347 123
1348 1624
1349 311
1350 1463
1351 1287
1352 217
1353 1241
1354 1040
1355 1486
1356 76
1357 295
1358 1478
1359 1210
1360 1489
1361 352
1362 879
1363 1202
1364 242
1365 713
1366 516
1367 935
1368 210
1369 1164
1370 703
1371 1279
1372 1177
1373 798
1374 651
1375 3
1376 1447
1377 1236
1378 1571
1379 86
1380 1381
1381 189
1382 128
1383 1670
1384 1531
1385 317
1386 1063
1387 733
1388 692
1389 108
1390 1165
1391 897
1392 596
1393 533
1394 53
1395 1557
1396 798
1397 1282
1398 724
1399 1027
1400 1229
1401 1053
1402 1050
1403 892
1404 1520
1405 13
1406 1443
1407 1568
1408 1321
1409 1196
1410 829
1411 74
1412 947
1413 1470
1414 1071
1415 26
1416 1537
1417 1470
1418 1667
1419 304
1420 1635
1421 776
1422 1124
1423 477
1424 563
1425 900
1426 1503
1427 1340
1428 306
1429 1271
1430 553
1431 89
1432 198
1433 806
1434 1293
1435 1608
1436 1005
1437 215
1438 727
1439 1004
1440 1566
1441 1222
1442 408
1443 364
1444 848
1445 1197
1446 1210
1447 98
1448 316
1449 946
1450 1247
1451 929
1452 390
1453 423
1454 1427
1455 1393
1456 481
1457 865
1458 311
1459 1623
1460 1109
1461 362
1462 205
1463 598
1464 1680
1465 868
1466 104
1467 824
1468 331
1469 827
1470 788
1471 183
1472 1634
1473 1690
1474 757
1475 825
1476 584
1477 691
1478 1444
1479 826
1480 8
1481 472
1482 341
1483 974
1484 813
1485 1348
1486 1071
1487 1134
1488 389
1489 439
1490 537
1491 961
1492 1585
1493 1651
1494 689
1495 1644
1496 914
1497 512
1498 600
1499 836
1500 1680
1501 1299
1502 286
1503 1648
1504 831
1505 1364
1506 1203
1507 259
1508 1601
1509 1265
1510 1348
1511 350
1512 1245
1513 973
1514 1451
1515 1257
1516 1134
1517 1232
1518 929
1519 806
1520 1224
1521 137
1522 805
1523 254
1524 998
1525 706
1526 55
1527 423
1528 1658
1529 1278
1530 1455
1531 1592
1532 1507
1533 115
1534 900
1535 968
1536 464
1537 969
1538 34
1539 1630
1540 1063
1541 711
1542 1193
1543 833
1544 654
1545 1169
1546 1261
1547 932
1548 177
1549 1011
1550 1255
1551 1312
1552 693
1553 124
1554 379
1555 1497
1556 1270
1557 267
1558 372
1559 1503
1560 463
1561 837
1562 152
1563 658
1564 1534
1565 160
1566 46
1567 782
1568 987
1569 1243
1570 1049
1571 609
1572 170
1573 839
1574 695
1575 173
1576 1600
1577 1455
1578 1350
1579 480
1580 612
1581 372
1582 927
1583 1344
1584 1332
1585 141
1586 922
1587 1306
1588 1040
1589 921
1590 1315
1591 1580
1592 1672
1593 1423
1594 831
1595 1582
1596 566
1597 136
1598 1661
1599 1601
1600 352
1601 200
1602 757
1603 1117
1604 455
1605 1298
1606 899
1607 1289
1608 1138
1609 706
1610 1333
1611 294
1612 1602
1613 1012
1614 899
1615 75
1616 854
1617 441
1618 252
1619 380
1620 466
1621 419
1622 344
1623 631
1624 789
1625 1470
1626 1588
1627 608
1628 950
1629 989
1630 853
1631 621
1632 1059
1633 808
1634 1054
1635 486
1636 252
1637 1148
1638 267
1639 1348
1640 1473
1641 1181
1642 486
1643 1135
1644 1462
1645 84
1646 1691
1647 489
1648 1402
1649 557
1650 1476
1651 528
1652 418
1653 1470
1654 1541
1655 329
1656 1148
1657 533
1658 371
1659 331
1660 1108
1661 347
1662 416
1663 591
1664 149
1665 824
1666 670
1667 1627
1668 1608
1669 1314
1670 0
1671 170
1672 1031
1673 311
1674 47
1675 920
1676 1419
1677 587
1678 217
1679 269
1680 503
1681 1515
1682 358
1683 1462
1684 180
1685 387
1686 12
1687 422
1688 656
1689 297
1690 911
1691 125
1692 1019
1693 486
