0 1565
1 183
2 1425
3 1243
4 1340
5 1461
6 513
7 314
8 1410
9 1458
10 578
11 1297
12 678
13 618
14 1372
15 1274
16 187
17 1050
18 295
19 959
20 173
21 277
22 67
23 1307
24 1680
25 865
26 1656
27 869
28 1464
29 1664
30 267
31 1649
32 400
33 1626
34 1035
35 559
36 269
37 1689
38 457
39 485
40 783
41 1313
42 728
43 436
44 1225
45 1478
46 307
47 977
48 738
49 388
50 423
51 814
52 179
53 1644
54 1372
55 397
56 109
57 315
58 1551
59 1639
60 1407
61 1297
62 268
63 383
64 580
65 1620
66 262
67 22
68 558
69 865
70 289
71 663
72 1355
73 367
74 1278
75 1526
76 1158
77 420
78 704
79 582
80 1209
81 500
82 298
83 443
84 109
85 1113
86 897
87 344
88 594
89 1166
90 660
91 387
92 697
93 616
94 1212
95 160
96 121
97 949
98 1066
99 1132
100 1298
101 1580
102 1472
103 214
104 1125
105 1392
106 504
107 344
108 1011
109 124
110 973
111 42
112 1612
113 1177
114 707
115 456
116 1251
117 1483
118 683
119 1372
120 798
121 53
122 1296
123 69
124 718
125 1488
126 367
127 352
128 303
129 1538
130 90
131 115
132 345
133 659
134 1665
135 898
136 400
137 112
138 1573
139 237
140 1557
141 1473
142 1683
143 341
144 1299
145 1030
146 739
147 325
148 604
149 198
150 531
151 1234
152 979
153 182
154 1019
155 386
156 1214
157 1381
158 1020
159 1106
160 579
161 147
162 280
163 1013
164 379
165 577
166 307
167 94
168 850
169 970
170 356
171 501
172 1678
173 73
174 1605
175 1530
176 1550
177 739
178 782
179 1554
180 1207
181 1465
182 988
183 925
184 372
185 722
186 133
187 1095
188 113
189 1505
190 201
191 351
192 1231
193 270
194 1237
195 1411
196 499
197 426
198 618
199 1651
200 1117
201 1666
202 956
203 1303
204 1245
205 1337
206 377
207 266
208 1376
209 1570
210 1684
211 317
212 786
213 29
214 483
215 1027
216 495
217 918
218 1369
219 19
220 1231
221 524
222 597
223 1654
224 69
225 201
226 1521
227 709
228 898
229 1357
230 1591
231 64
232 553
233 325
234 1387
235 1198
236 942
237 1197
238 421
239 954
240 97
241 173
242 378
243 571
244 325
245 1637
246 1200
247 754
248 910
249 808
250 94
251 1090
252 1449
253 396
254 177
255 1029
256 1193
257 1354
258 1475
259 1427
260 239
261 40
262 1636
263 869
264 869
265 265
266 926
267 1445
268 1013
269 462
270 395
271 399
272 1645
273 385
274 416
275 774
276 1580
277 1256
278 117
279 1309
280 1329
281 942
282 1462
283 611
284 1111
285 918
286 401
287 202
288 468
289 829
290 1605
291 705
292 1570
293 543
294 782
295 20
296 1111
297 426
298 778
299 594
300 1103
301 761
302 34
303 577
304 1577
305 1067
306 1127
307 986
308 1663
309 1036
310 815
311 1240
312 655
313 1135
314 409
315 35
316 1656
317 190
318 1143
319 1158
320 753
321 1157
322 967
323 1490
324 1024
325 801
326 1354
327 868
328 464
329 1374
330 1218
331 1620
332 693
333 1185
334 1380
335 1341
336 374
337 1636
338 343
339 946
340 413
341 319
342 870
343 544
344 641
345 1610
346 311
347 590
348 921
349 784
350 579
351 291
352 245
353 1487
354 1512
355 779
356 1567
357 1395
358 434
359 695
360 468
361 1075
362 942
363 854
364 1531
365 325
366 774
367 336
368 1024
369 696
370 243
371 484
372 1514
373 1541
374 1399
375 1318
376 1050
377 91
378 59
379 781
380 1288
381 317
382 802
383 1355
384 1506
385 75
386 536
387 1101
388 1522
389 1664
390 776
391 1662
392 1512
393 522
394 1270
395 1039
396 908
397 1043
398 565
399 307
400 234
401 834
402 1225
403 800
404 373
405 277
406 205
407 345
408 351
409 1612
410 557
411 1067
412 732
413 997
414 667
415 958
416 315
417 431
418 1454
419 36
420 707
421 1381
422 742
423 1204
424 130
425 264
426 1283
427 389
428 1620
429 1595
430 470
431 880
432 1375
433 1015
434 190
435 262
436 892
437 1522
438 291
439 1625
440 697
441 1226
442 1111
443 21
444 1432
445 930
446 258
447 720
448 1034
449 179
450 1002
451 681
452 1469
453 1383
454 231
455 263
456 808
457 275
458 682
459 1370
460 1483
461 744
462 719
463 1182
464 1664
465 1588
466 1601
467 1469
468 894
469 822
470 640
471 898
472 1361
473 1592
474 1649
475 485
476 1390
477 958
478 885
479 375
480 532
481 627
482 475
483 504
484 348
485 458
486 1304
487 1502
488 25
489 1574
490 142
491 445
492 913
493 962
494 286
495 706
496 40
497 1310
498 356
499 79
500 441
501 1034
502 851
503 173
504 876
505 444
506 922
507 878
508 789
509 976
510 1361
511 542
512 217
513 215
514 662
515 74
516 1280
517 1673
518 1562
519 4
520 1081
521 1103
522 1045
523 386
524 397
525 1309
526 851
527 1419
528 1417
529 951
530 19
531 226
532 1040
533 1071
534 625
535 207
536 1216
537 964
538 1575
539 479
540 1042
541 819
542 1312
543 226
544 678
545 514
546 203
547 349
548 1351
549 275
550 642
551 1311
552 687
553 593
554 1679
555 296
556 1358
557 1245
558 57
559 191
560 945
561 1507
562 1288
563 30
564 1399
565 1029
566 590
567 528
568 1617
569 1155
570 1473
571 853
572 1610
573 614
574 1418
575 1344
576 1395
577 888
578 576
579 1210
580 165
581 1376
582 174
583 531
584 1325
585 566
586 704
587 1505
588 1611
589 466
590 1433
591 506
592 1615
593 710
594 1010
595 1381
596 1582
597 187
598 1293
599 1279
600 1222
601 492
602 1491
603 582
604 1088
605 118
606 799
607 988
608 324
609 766
610 271
611 645
612 799
613 1474
614 1328
615 1188
616 231
617 315
618 1212
619 217
620 27
621 627
622 874
623 1493
624 1178
625 998
626 732
627 397
628 1337
629 1525
630 771
631 1010
632 814
633 1193
634 197
635 737
636 484
637 646
638 1170
639 1279
640 171
641 599
642 1579
643 1637
644 1390
645 1667
646 800
647 1192
648 363
649 493
650 1464
651 1152
652 980
653 1533
654 1474
655 862
656 378
657 228
658 476
659 1124
660 1415
661 387
662 741
663 252
664 1322
665 1302
666 1248
667 852
668 1428
669 68
670 505
671 137
672 788
673 163
674 49
675 533
676 815
677 395
678 1385
679 509
680 321
681 776
682 977
683 905
684 256
685 624
686 1489
687 1474
688 553
689 1187
690 195
691 1441
692 741
693 655
694 1686
695 1132
696 1431
697 995
698 379
699 1568
700 278
701 1224
702 1635
703 881
704 132
705 548
706 1322
707 539
708 608
709 990
710 911
711 528
712 59
713 898
714 179
715 640
716 992
717 1494
718 1584
719 1683
720 136
721 1576
722 162
723 275
724 312
725 1325
726 912
727 491
728 889
729 354
730 1037
731 1036
732 549
733 451
734 787
735 108
736 456
737 1153
738 1671
739 1364
740 142
741 151
742 1313
743 1437
744 366
745 1688
746 750
747 1284
748 1297
749 1603
750 1439
751 678
752 1603
753 1554
754 708
755 931
756 1604
757 1144
758 833
759 199
760 1397
761 623
762 778
763 1423
764 269
765 1243
766 480
767 1396
768 752
769 614
770 905
771 657
772 770
773 872
774 254
775 303
776 341
777 934
778 501
779 556
780 1682
781 1528
782 631
783 815
784 330
785 1571
786 310
787 1371
788 1236
789 717
790 838
791 1438
792 862
793 997
794 967
795 410
796 442
797 1360
798 742
799 1576
800 1585
801 533
802 456
803 961
804 972
805 261
806 595
807 823
808 1035
809 70
810 311
811 1273
812 1055
813 1106
814 1279
815 734
816 842
817 109
818 1423
819 1477
820 806
821 250
822 620
823 1029
824 93
825 558
826 130
827 236
828 1283
829 996
830 1251
831 1619
832 8
833 261
834 640
835 1123
836 1568
837 190
838 1213
839 60
840 369
841 1254
842 548
843 35
844 215
845 789
846 516
847 328
848 1180
849 777
850 649
851 205
852 44
853 709
854 969
855 468
856 563
857 1245
858 959
859 1413
860 1063
861 1562
862 267
863 869
864 968
865 1665
866 1369
867 1029
868 275
869 304
870 891
871 1195
872 1318
873 1630
874 1588
875 597
876 1330
877 418
878 431
879 914
880 1568
881 472
882 120
883 729
884 982
885 929
886 194
887 68
888 1179
889 1174
890 1087
891 36
892 1664
893 1377
894 1680
895 85
896 1379
897 18
898 96
899 259
900 227
901 1609
902 1456
903 804
904 161
905 223
906 1655
907 1018
908 564
909 1435
910 1516
911 1048
912 1523
913 1326
914 531
915 1496
916 338
917 1073
918 4
919 1214
920 1255
921 1272
922 1085
923 1583
924 292
925 1099
926 1460
927 681
928 1067
929 292
930 1064
931 831
932 773
933 455
934 967
935 977
936 302
937 527
938 330
939 1037
940 358
941 125
942 433
943 1117
944 1451
945 1331
946 152
947 1558
948 162
949 1088
950 1097
951 991
952 858
953 449
954 699
955 1306
956 400
957 217
958 410
959 1618
960 557
961 180
962 1005
963 1478
964 1685
965 398
966 191
967 241
968 1204
969 121
970 964
971 904
972 882
973 1051
974 257
975 0
976 1016
977 1522
978 1676
979 834
980 1592
981 1377
982 1380
983 1048
984 586
985 1139
986 396
987 1280
988 1274
989 325
990 881
991 308
992 107
993 362
994 236
995 1170
996 1056
997 53
998 1031
999 148
1000 1003
1001 880
1002 1254
1003 1423
1004 1340
1005 713
1006 1577
1007 849
1008 881
1009 1301
1010 1496
1011 909
1012 384
1013 430
1014 1533
1015 1390
1016 1071
1017 885
1018 934
1019 1305
1020 584
1021 1142
1022 1630
1023 921
1024 969
1025 1456
1026 1056
1027 1033
1028 1048
1029 1297
1030 1196
1031 1520
1032 1098
1033 1099
1034 1565
1035 618
1036 75
1037 1147
1038 291
1039 1068
1040 616
1041 546
1042 1611
1043 495
1044 1607
1045 1639
1046 1007
1047 824
1048 562
1049 661
1050 808
1051 642
1052 132
1053 1386
1054 531
1055 714
1056 1616
1057 941
1058 491
1059 1349
1060 1209
1061 716
1062 288
1063 236
1064 1067
1065 434
1066 397
1067 1579
1068 1417
1069 1306
1070 1104
1071 272
1072 1124
1073 909
1074 454
1075 1430
1076 1516
1077 201
1078 714
1079 1484
1080 616
1081 1432
1082 87
1083 835
1084 54
1085 399
1086 923
1087 1667
1088 1501
1089 228
1090 1042
1091 565
1092 832
1093 1660
1094 442
1095 407
1096 26
1097 884
1098 1131
1099 1128
1100 431
1101 434
1102 214
1103 246
1104 1490
1105 247
1106 24
1107 1309
1108 178
1109 566
1110 126
1111 379
1112 371
1113 1039
1114 651
1115 831
1116 502
1117 1137
1118 1473
1119 1567
1120 889
1121 855
1122 583
1123 1334
1124 224
1125 1413
1126 1235
1127 1171
1128 802
1129 1233
1130 399
1131 292
1132 487
1133 162
1134 878
1135 541
1136 1288
1137 1143
1138 655
1139 953
1140 1006
1141 753
1142 1408
1143 269
1144 1161
1145 1172
1146 785
1147 177
1148 712
1149 1507
1150 674
1151 1348
1152 1163
1153 128
1154 928
1155 1664
1156 1586
1157 936
1158 316
1159 593
1160 1171
1161 1578
1162 1296
1163 569
1164 1160
1165 1388
1166 149
1167 41
1168 315
1169 107
1170 303
1171 1301
1172 1586
1173 486
1174 719
1175 1554
1176 1688
1177 727
1178 374
1179 1653
1180 996
1181 95
1182 114
1183 452
1184 287
1185 524
1186 1657
1187 377
1188 1502
1189 715
1190 229
1191 344
1192 1074
1193 92
1194 1430
1195 1267
1196 719
1197 903
1198 490
1199 459
1200 1018
1201 1590
1202 1521
1203 828
1204 540
1205 778
1206 1588
1207 1221
1208 353
1209 607
1210 1021
1211 1138
1212 1022
1213 1427
1214 745
1215 515
1216 1323
1217 121
1218 1443
1219 816
1220 635
1221 1027
1222 495
1223 123
1224 1535
1225 58
1226 653
1227 643
1228 1225
1229 567
1230 1126
1231 757
1232 1197
1233 1508
1234 167
1235 847
1236 946
1237 1228
1238 436
1239 81
1240 1274
1241 764
1242 242
1243 379
1244 296
1245 1564
1246 1284
1247 264
1248 260
1249 749
1250 312
1251 732
1252 167
1253 221
1254 616
1255 819
1256 949
1257 687
1258 1605
1259 1180
1260 1525
1261 927
1262 683
1263 622
1264 628
1265 1273
1266 1619
1267 1157
1268 1425
1269 1438
1270 123
1271 1022
1272 31
1273 328
1274 1566
1275 1446
1276 276
1277 917
1278 1238
1279 965
1280 349
1281 99
1282 920
1283 802
1284 1197
1285 62
1286 1582
1287 1470
1288 772
1289 174
1290 1586
1291 125
1292 1673
1293 660
1294 1497
1295 1279
1296 916
1297 743
1298 575
1299 1105
1300 136
1301 334
1302 419
1303 744
1304 1619
1305 321
1306 521
1307 1040
1308 240
1309 1039
1310 846
1311 375
1312 543
1313 513
1314 831
1315 1114
1316 120
1317 670
1318 981
1319 1322
1320 912
1321 1179
1322 1416
1323 30
1324 779
1325 1318
1326 252
1327 1221
1328 1059
1329 425
1330 1666
1331 766
1332 497
1333 727
1334 1322
1335 534
1336 438
1337 1229
1338 1568
1339 154
1340 1454
1341 416
1342 537
1343 113
1344 87
1345 589
1346 336
1347 267
1348 1296
1349 1050
1350 1130
1351 754
1352 1305
1353 1647
1354 1173
1355 766
1356 550
1357 1204
1358 124
1359 764
1360 1080
1361 561
1362 1268
1363 686
1364 1421
1365 1162
1366 1230
1367 841
1368 26
1369 90
1370 277
1371 1688
1372 768
1373 1363
1374 1111
1375 610
1376 1477
1377 108
1378 1193
1379 56
1380 463
1381 740
1382 1336
1383 684
1384 606
1385 431
1386 978
1387 467
1388 492
1389 47
1390 149
1391 1660
1392 85
1393 387
1394 664
1395 341
1396 1599
1397 1684
1398 3
1399 670
1400 738
1401 922
1402 4
1403 828
1404 1580
1405 1106
1406 1691
1407 1493
1408 1545
1409 1464
1410 1084
1411 292
1412 743
1413 175
1414 1211
1415 723
1416 1470
1417 1101
1418 1201
1419 111
1420 1680
1421 25
1422 716
1423 1384
1424 758
1425 1417
1426 1091
1427 745
1428 367
1429 1242
1430 1288
1431 1228
1432 1070
1433 51
1434 170
1435 1541
1436 1172
1437 1256
1438 1259
1439 788
1440 1303
1441 360
1442 267
1443 504
1444 1536
1445 538
1446 1477
1447 628
1448 1266
1449 836
1450 1335
1451 801
1452 532
1453 1585
1454 1442
1455 1241
1456 749
1457 602
1458 386
1459 1094
1460 773
1461 1160
1462 1088
1463 979
1464 1468
1465 1321
1466 257
1467 180
1468 402
1469 469
1470 1037
1471 1050
1472 501
1473 1100
1474 1231
1475 496
1476 528
1477 1620
1478 157
1479 1598
1480 1068
1481 194
1482 1394
1483 813
1484 1456
1485 414
1486 216
1487 519
1488 38
1489 1562
1490 1061
1491 732
1492 997
1493 1643
1494 509
1495 603
1496 1223
1497 1508
1498 1666
1499 1575
1500 1629
1501 928
1502 667
1503 110
1504 1397
1505 237
1506 952
1507 177
1508 389
1509 176
1510 1026
1511 1567
1512 1345
1513 951
1514 603
1515 90
1516 956
1517 1638
1518 1502
1519 264
1520 1404
1521 786
1522 616
1523 225
1524 644
1525 1411
1526 1255
1527 678
1528 954
1529 1543
1530 1525
1531 1013
1532 1612
1533 160
1534 238
1535 569
1536 882
1537 437
1538 728
1539 1026
1540 1214
1541 1285
1542 668
1543 42
1544 1530
1545 697
1546 1273
1547 1433
1548 1647
1549 284
1550 330
1551 1346
1552 765
1553 604
1554 1144
1555 1098
1556 237
1557 975
1558 1553
1559 844
1560 1560
1561 1382
1562 1337
1563 612
1564 859
1565 710
1566 745
1567 435
1568 175
1569 689
1570 1426
1571 1315
1572 51
1573 1285
1574 986
1575 1337
1576 288
1577 97
1578 1324
1579 617
1580 1179
1581 947
1582 47
1583 1281
1584 360
1585 1647
1586 842
1587 933
1588 1134
1589 154
1590 882
1591 494
1592 1245
1593 512
1594 1286
1595 236
1596 1592
1597 115
1598 81
1599 1419
1600 327
1601 613
1602 1600
1603 1197
1604 235
1605 975
1606 1215
1607 1466
1608 979
1609 420
1610 1395
1611 1385
1612 575
1613 1619
1614 1211
1615 701
1616 1154
1617 788
1618 1387
1619 281
1620 1627
1621 520
1622 1520
1623 1343
1624 58
1625 259
1626 1143
1627 953
1628 514
1629 596
1630 1069
1631 260
1632 1411
1633 343
1634 1469
1635 232
1636 10
1637 500
1638 49
1639 744
1640 562
1641 413
1642 1109
1643 303
1644 755
1645 96
1646 591
1647 1636
1648 517
1649 463
1650 385
1651 433
1652 1226
1653 1607
1654 1278
1655 952
1656 1486
1657 771
1658 534
1659 1650
1660 1597
1661 710
1662 1012
1663 1286
1664 409
1665 1440
1666 573
1667 364
1668 1598
1669 502
1670 948
1671 658
1672 1224
1673 256
1674 446
1675 814
1676 1531
1677 129
1678 63
1679 1580
1680 39
1681 1
1682 1488
1683 601
1684 859
1685 1099
1686 1205
1687 1123
1688 1405
1689 90
1690 1180
1691 633
1692 1121
1693 876
0 1183
1 1438
2 1100
3 1243
4 1340
5 821
6 513
7 314
8 69
9 540
10 572
11 1297
12 894
13 618
14 1372
15 1660
16 737
17 516
18 217
19 959
20 564
21 334
22 1352
23 1307
24 962
25 1325
26 213
27 1614
28 1464
29 1664
30 267
31 69
32 400
33 274
34 879
35 559
36 1320
37 1430
38 613
39 1031
40 783
41 1164
42 294
43 1044
44 148
45 1478
46 1282
47 565
48 664
49 1386
50 912
51 814
52 458
53 847
54 369
55 397
56 109
57 315
58 485
59 921
60 1407
61 1568
62 60
63 823
64 580
65 1620
66 262
67 22
68 128
69 1315
70 316
71 219
72 1237
73 367
74 1278
75 1069
76 1158
77 666
78 704
79 1185
80 1209
81 738
82 298
83 662
84 359
85 1113
86 1300
87 344
88 1224
89 1087
90 1654
91 809
92 1680
93 969
94 385
95 160
96 121
97 949
98 1066
99 433
100 481
101 1580
102 1230
103 592
104 1125
105 1634
106 259
107 501
108 1011
109 581
110 973
111 1044
112 1612
113 1177
114 707
115 456
116 70
117 1483
118 683
119 1372
120 798
121 795
122 432
123 157
124 579
125 1352
126 367
127 303
128 303
129 1293
130 617
131 1408
132 1137
133 659
134 696
135 898
136 923
137 112
138 1573
139 1007
140 1557
141 430
142 1683
143 500
144 1299
145 87
146 1636
147 1482
148 604
149 691
150 531
151 1234
152 1374
153 182
154 1467
155 386
156 595
157 270
158 1256
159 1602
160 1000
161 595
162 280
163 618
164 1289
165 577
166 307
167 1479
168 850
169 970
170 390
171 501
172 1678
173 809
174 1605
175 551
176 548
177 1155
178 574
179 992
180 1207
181 1465
182 1109
183 1532
184 372
185 792
186 1127
187 1095
188 113
189 103
190 1564
191 986
192 1489
193 829
194 238
195 397
196 162
197 1380
198 1061
199 1240
200 61
201 1610
202 82
203 1303
204 998
205 883
206 1575
207 266
208 1036
209 1570
210 1684
211 317
212 786
213 74
214 852
215 1335
216 495
217 918
218 1129
219 415
220 1231
221 813
222 1560
223 164
224 69
225 1287
226 3
227 1293
228 823
229 1357
230 1673
231 64
232 388
233 1337
234 946
235 628
236 942
237 487
238 404
239 130
240 1523
241 891
242 914
243 1434
244 182
245 967
246 131
247 779
248 910
249 1118
250 699
251 1267
252 1449
253 396
254 177
255 639
256 1193
257 1354
258 1047
259 1427
260 239
261 1292
262 26
263 869
264 984
265 765
266 558
267 1445
268 328
269 796
270 395
271 399
272 1645
273 385
274 1592
275 1414
276 212
277 574
278 117
279 1659
280 1329
281 942
282 425
283 273
284 1112
285 918
286 1673
287 80
288 169
289 1064
290 1605
291 705
292 1570
293 543
294 1635
295 1513
296 1111
297 1631
298 21
299 594
300 324
301 602
302 34
303 915
304 376
305 437
306 172
307 1071
308 1693
309 683
310 786
311 1240
312 1201
313 985
314 409
315 158
316 1656
317 903
318 635
319 1427
320 753
321 294
322 967
323 657
324 314
325 1530
326 1354
327 868
328 464
329 1516
330 869
331 1073
332 214
333 359
334 1298
335 1304
336 562
337 433
338 343
339 946
340 1520
341 319
342 22
343 727
344 641
345 1610
346 206
347 1418
348 1346
349 1072
350 579
351 291
352 245
353 1487
354 348
355 779
356 1383
357 164
358 434
359 1660
360 468
361 1075
362 942
363 854
364 1531
365 437
366 1089
367 336
368 514
369 746
370 203
371 204
372 1174
373 1537
374 1399
375 1395
376 508
377 350
378 1453
379 1335
380 1288
381 317
382 802
383 1375
384 1330
385 75
386 1017
387 970
388 678
389 1238
390 776
391 1662
392 1512
393 49
394 1270
395 1039
396 1019
397 503
398 1290
399 307
400 234
401 1481
402 1098
403 824
404 986
405 179
406 205
407 345
408 55
409 1143
410 557
411 174
412 732
413 544
414 667
415 958
416 315
417 654
418 597
419 36
420 707
421 1643
422 679
423 379
424 1410
425 264
426 1475
427 389
428 1620
429 1595
430 222
431 734
432 1375
433 421
434 189
435 1078
436 1590
437 655
438 291
439 808
440 1688
441 1226
442 871
443 21
444 1140
445 111
446 258
447 720
448 1068
449 179
450 342
451 675
452 1101
453 386
454 186
455 1596
456 1193
457 275
458 682
459 1133
460 1483
461 744
462 1587
463 1182
464 1111
465 1588
466 1488
467 1469
468 1282
469 419
470 640
471 102
472 1361
473 1592
474 1649
475 1234
476 1390
477 1048
478 1390
479 941
480 532
481 1657
482 1441
483 504
484 1295
485 503
486 1304
487 1502
488 63
489 1255
490 776
491 475
492 913
493 236
494 286
495 532
496 17
497 980
498 1267
499 79
500 1168
501 1643
502 851
503 173
504 288
505 444
506 743
507 878
508 879
509 1397
510 474
511 542
512 217
513 139
514 654
515 72
516 1594
517 1673
518 1562
519 1221
520 851
521 139
522 129
523 386
524 20
525 950
526 851
527 736
528 1417
529 951
530 304
531 226
532 1635
533 518
534 625
535 1003
536 407
537 964
538 1575
539 1278
540 1042
541 1102
542 872
543 709
544 359
545 340
546 203
547 349
548 1351
549 275
550 695
551 1311
552 340
553 1369
554 1679
555 296
556 1358
557 1245
558 1622
559 191
560 945
561 1507
562 880
563 1112
564 1455
565 487
566 216
567 390
568 1541
569 1516
570 687
571 1423
572 1610
573 208
574 1418
575 1344
576 1395
577 888
578 950
579 1210
580 1035
581 1062
582 591
583 214
584 1469
585 566
586 736
587 1505
588 1611
589 466
590 1433
591 1635
592 1019
593 1471
594 661
595 1381
596 110
597 187
598 1248
599 1279
600 510
601 491
602 309
603 309
604 1450
605 365
606 364
607 988
608 153
609 766
610 1015
611 1512
612 799
613 1241
614 1457
615 626
616 231
617 315
618 1212
619 1123
620 27
621 627
622 924
623 799
624 1178
625 115
626 1204
627 1547
628 1657
629 1525
630 771
631 1010
632 514
633 543
634 743
635 723
636 998
637 646
638 419
639 682
640 1152
641 599
642 1579
643 1637
644 1390
645 1667
646 800
647 1192
648 363
649 779
650 1100
651 1152
652 980
653 1351
654 1474
655 1
656 609
657 228
658 476
659 1124
660 269
661 1510
662 741
663 252
664 735
665 434
666 790
667 1251
668 1428
669 908
670 505
671 22
672 788
673 163
674 49
675 805
676 1166
677 1300
678 1115
679 103
680 259
681 1317
682 208
683 1471
684 646
685 624
686 877
687 1630
688 763
689 1187
690 1477
691 247
692 186
693 655
694 1686
695 1132
696 1431
697 893
698 732
699 561
700 278
701 1692
702 737
703 921
704 1437
705 477
706 1322
707 539
708 608
709 482
710 911
711 528
712 59
713 445
714 179
715 640
716 389
717 1494
718 1584
719 1683
720 136
721 1576
722 1650
723 275
724 1658
725 1325
726 324
727 66
728 259
729 354
730 56
731 1346
732 1305
733 451
734 787
735 1027
736 575
737 1153
738 649
739 274
740 1122
741 151
742 927
743 1168
744 366
745 811
746 750
747 1284
748 1438
749 1603
750 1261
751 773
752 1603
753 899
754 495
755 807
756 1531
757 16
758 782
759 1273
760 667
761 943
762 778
763 757
764 1516
765 1243
766 480
767 774
768 752
769 48
770 905
771 1084
772 1436
773 872
774 254
775 303
776 341
777 280
778 501
779 393
780 1168
781 1528
782 631
783 815
784 330
785 1571
786 728
787 74
788 1282
789 713
790 838
791 1438
792 862
793 997
794 967
795 1064
796 902
797 1360
798 742
799 1576
800 1012
801 756
802 456
803 961
804 1508
805 1421
806 758
807 1689
808 1035
809 1536
810 311
811 977
812 1055
813 1147
814 1548
815 734
816 842
817 418
818 38
819 1477
820 806
821 1148
822 620
823 62
824 93
825 558
826 130
827 236
828 1283
829 1322
830 1251
831 1619
832 1422
833 261
834 1222
835 631
836 1000
837 1187
838 1213
839 848
840 369
841 1369
842 1050
843 341
844 215
845 172
846 516
847 518
848 1180
849 1339
850 649
851 205
852 1034
853 709
854 442
855 123
856 563
857 1245
858 959
859 290
860 1166
861 1689
862 273
863 869
864 290
865 857
866 1167
867 1029
868 1663
869 304
870 1009
871 1668
872 427
873 1630
874 1588
875 1456
876 1330
877 418
878 903
879 912
880 1568
881 472
882 140
883 729
884 301
885 929
886 1453
887 68
888 798
889 1025
890 1087
891 36
892 218
893 1167
894 1048
895 126
896 1379
897 1364
898 721
899 472
900 227
901 1609
902 1456
903 471
904 1475
905 1246
906 1052
907 816
908 65
909 916
910 1516
911 41
912 1462
913 127
914 892
915 1496
916 1472
917 85
918 1206
919 983
920 1255
921 1272
922 6
923 1583
924 182
925 1099
926 464
927 681
928 595
929 1534
930 1064
931 831
932 773
933 1395
934 570
935 977
936 502
937 527
938 330
939 431
940 188
941 125
942 433
943 1052
944 1451
945 780
946 1218
947 936
948 162
949 1088
950 118
951 502
952 858
953 637
954 699
955 347
956 1055
957 1652
958 141
959 832
960 113
961 180
962 712
963 1478
964 52
965 398
966 191
967 241
968 1116
969 121
970 474
971 839
972 101
973 1051
974 764
975 1278
976 1016
977 1158
978 898
979 834
980 852
981 1495
982 27
983 1165
984 586
985 58
986 916
987 1283
988 1274
989 1212
990 881
991 308
992 931
993 55
994 61
995 1533
996 56
997 838
998 1031
999 710
1000 1003
1001 880
1002 1413
1003 1423
1004 1340
1005 1550
1006 1138
1007 1616
1008 808
1009 1398
1010 1496
1011 909
1012 384
1013 405
1014 1533
1015 1390
1016 1071
1017 544
1018 17
1019 1305
1020 649
1021 1547
1022 1630
1023 921
1024 1586
1025 1456
1026 589
1027 1304
1028 1048
1029 102
1030 816
1031 532
1032 519
1033 196
1034 247
1035 1137
1036 75
1037 1147
1038 1602
1039 753
1040 1159
1041 308
1042 1611
1043 495
1044 1607
1045 16
1046 1007
1047 824
1048 697
1049 661
1050 808
1051 1144
1052 721
1053 1377
1054 531
1055 271
1056 1164
1057 1112
1058 491
1059 1349
1060 1038
1061 716
1062 194
1063 850
1064 153
1065 434
1066 1100
1067 981
1068 553
1069 1306
1070 1104
1071 272
1072 1124
1073 909
1074 1519
1075 905
1076 128
1077 1607
1078 714
1079 1484
1080 1110
1081 1676
1082 87
1083 517
1084 54
1085 399
1086 923
1087 1667
1088 511
1089 1140
1090 1611
1091 543
1092 832
1093 527
1094 1441
1095 1331
1096 516
1097 1086
1098 1131
1099 1128
1100 431
1101 821
1102 214
1103 246
1104 695
1105 575
1106 572
1107 1309
1108 178
1109 1656
1110 126
1111 1094
1112 458
1113 1039
1114 816
1115 1389
1116 502
1117 1137
1118 1289
1119 1567
1120 174
1121 748
1122 1147
1123 1056
1124 224
1125 1413
1126 1235
1127 1160
1128 1292
1129 1233
1130 399
1131 292
1132 130
1133 162
1134 878
1135 519
1136 1288
1137 1454
1138 809
1139 1182
1140 1006
1141 838
1142 1584
1143 269
1144 1161
1145 1172
1146 89
1147 177
1148 1257
1149 981
1150 682
1151 1348
1152 1290
1153 128
1154 689
1155 1657
1156 1492
1157 936
1158 1091
1159 593
1160 1171
1161 1260
1162 319
1163 651
1164 1160
1165 1388
1166 149
1167 41
1168 315
1169 1500
1170 303
1171 440
1172 197
1173 911
1174 929
1175 1554
1176 844
1177 1546
1178 374
1179 1624
1180 996
1181 95
1182 114
1183 764
1184 287
1185 524
1186 1657
1187 473
1188 1228
1189 715
1190 554
1191 344
1192 1397
1193 1256
1194 808
1195 1613
1196 789
1197 743
1198 430
1199 459
1200 1405
1201 1590
1202 1521
1203 828
1204 1378
1205 778
1206 1637
1207 1221
1208 353
1209 544
1210 1021
1211 1138
1212 1022
1213 1427
1214 12
1215 586
1216 1051
1217 306
1218 1443
1219 1215
1220 924
1221 290
1222 495
1223 110
1224 1535
1225 1308
1226 653
1227 335
1228 1281
1229 179
1230 218
1231 889
1232 1197
1233 1667
1234 1086
1235 1625
1236 946
1237 115
1238 72
1239 81
1240 1274
1241 66
1242 242
1243 1662
1244 296
1245 1564
1246 902
1247 1414
1248 260
1249 749
1250 84
1251 1341
1252 1486
1253 1643
1254 1594
1255 1503
1256 1067
1257 687
1258 897
1259 1180
1260 3
1261 927
1262 683
1263 726
1264 628
1265 1119
1266 1552
1267 1157
1268 1425
1269 850
1270 517
1271 1022
1272 31
1273 328
1274 1450
1275 1446
1276 276
1277 992
1278 1163
1279 965
1280 1250
1281 593
1282 920
1283 802
1284 1008
1285 436
1286 1582
1287 1470
1288 430
1289 202
1290 1586
1291 1589
1292 1325
1293 1479
1294 1497
1295 569
1296 1534
1297 412
1298 357
1299 1507
1300 302
1301 233
1302 1537
1303 744
1304 527
1305 301
1306 521
1307 1348
1308 1248
1309 1588
1310 139
1311 728
1312 297
1313 513
1314 40
1315 1114
1316 120
1317 961
1318 981
1319 1322
1320 1677
1321 1079
1322 94
1323 30
1324 255
1325 1318
1326 289
1327 1221
1328 1059
1329 829
1330 1030
1331 766
1332 477
1333 802
1334 1672
1335 1061
1336 438
1337 439
1338 1568
1339 1167
1340 1295
1341 416
1342 1420
1343 113
1344 849
1345 654
1346 1547
1347 222
1348 1067
1349 1224
1350 1456
1351 123
1352 758
1353 303
1354 268
1355 628
1356 217
1357 1244
1358 1035
1359 390
1360 1071
1361 853
1362 1268
1363 726
1364 1421
1365 380
1366 1230
1367 841
1368 342
1369 336
1370 910
1371 1688
1372 1329
1373 1363
1374 413
1375 488
1376 533
1377 108
1378 1193
1379 56
1380 463
1381 740
1382 957
1383 684
1384 606
1385 908
1386 583
1387 467
1388 1510
1389 160
1390 50
1391 1660
1392 362
1393 1363
1394 462
1395 1621
1396 1252
1397 1092
1398 3
1399 670
1400 794
1401 681
1402 107
1403 828
1404 1580
1405 969
1406 1691
1407 1493
1408 363
1409 1165
1410 191
1411 292
1412 228
1413 213
1414 1211
1415 1474
1416 1470
1417 1101
1418 1201
1419 1644
1420 654
1421 1026
1422 716
1423 171
1424 1677
1425 6
1426 833
1427 516
1428 1222
1429 1273
1430 1288
1431 1518
1432 1070
1433 51
1434 1443
1435 1250
1436 1172
1437 1256
1438 1259
1439 788
1440 1303
1441 360
1442 1482
1443 436
1444 560
1445 538
1446 1118
1447 628
1448 1600
1449 836
1450 1335
1451 801
1452 1199
1453 1585
1454 1442
1455 80
1456 749
1457 602
1458 386
1459 1094
1460 773
1461 172
1462 541
1463 1057
1464 1104
1465 1321
1466 257
1467 180
1468 402
1469 469
1470 379
1471 515
1472 1147
1473 930
1474 1194
1475 496
1476 878
1477 1418
1478 63
1479 1598
1480 896
1481 742
1482 1270
1483 813
1484 1407
1485 414
1486 216
1487 519
1488 628
1489 793
1490 281
1491 1674
1492 1555
1493 744
1494 1250
1495 41
1496 1340
1497 1503
1498 602
1499 1575
1500 1140
1501 928
1502 1404
1503 1023
1504 1549
1505 237
1506 952
1507 28
1508 210
1509 176
1510 992
1511 1567
1512 1345
1513 1223
1514 1224
1515 224
1516 219
1517 1638
1518 953
1519 1524
1520 266
1521 786
1522 46
1523 225
1524 166
1525 1411
1526 1255
1527 678
1528 958
1529 1655
1530 491
1531 1013
1532 1612
1533 835
1534 790
1535 1223
1536 890
1537 1665
1538 728
1539 1379
1540 700
1541 1285
1542 668
1543 506
1544 1530
1545 697
1546 1273
1547 1433
1548 584
1549 284
1550 330
1551 1220
1552 352
1553 604
1554 1408
1555 175
1556 63
1557 90
1558 1553
1559 844
1560 1560
1561 1207
1562 118
1563 612
1564 452
1565 1077
1566 1241
1567 503
1568 808
1569 1069
1570 1426
1571 1266
1572 1179
1573 1367
1574 986
1575 1013
1576 288
1577 8
1578 763
1579 1143
1580 1179
1581 947
1582 595
1583 747
1584 735
1585 1101
1586 1413
1587 933
1588 1134
1589 154
1590 882
1591 1516
1592 1117
1593 784
1594 473
1595 1352
1596 83
1597 115
1598 81
1599 1662
1600 185
1601 613
1602 1600
1603 1197
1604 1606
1605 692
1606 640
1607 1327
1608 852
1609 420
1610 1395
1611 1385
1612 575
1613 1335
1614 1211
1615 676
1616 1178
1617 7
1618 1387
1619 669
1620 1625
1621 945
1622 1109
1623 1343
1624 1684
1625 961
1626 1143
1627 1082
1628 514
1629 1234
1630 1434
1631 391
1632 1411
1633 1074
1634 1469
1635 136
1636 10
1637 500
1638 105
1639 744
1640 712
1641 413
1642 1636
1643 527
1644 755
1645 41
1646 983
1647 1636
1648 517
1649 463
1650 1244
1651 1328
1652 1350
1653 1607
1654 1605
1655 952
1656 1022
1657 1689
1658 571
1659 1666
1660 91
1661 1399
1662 439
1663 1286
1664 586
1665 1477
1666 1660
1667 364
1668 1389
1669 1055
1670 731
1671 1337
1672 1224
1673 1111
1674 512
1675 17
1676 1272
1677 729
1678 63
1679 1580
1680 39
1681 1
1682 1488
1683 601
1684 618
1685 1099
1686 1205
1687 1123
1688 1405
1689 1519
1690 1180
1691 506
1692 1121
1693 876
