0 954
1 807
2 1148
3 1411
4 319
5 1227
6 377
7 209
8 667
9 1206
10 389
11 1017
12 373
13 1042
14 1
15 434
16 745
17 1455
18 1239
19 671
20 1342
21 1146
22 217
23 1693
24 1601
25 24
26 1675
27 1197
28 334
29 1118
30 977
31 802
32 512
33 1400
34 1177
35 844
36 440
37 1488
38 1548
39 785
40 1459
41 1366
42 270
43 768
44 1453
45 66
46 75
47 212
48 174
49 1054
50 735
51 1376
52 374
53 551
54 86
55 873
56 1248
57 1058
58 907
59 1122
60 1324
61 874
62 5
63 1654
64 1587
65 494
66 1095
67 1466
68 1009
69 1608
70 1558
71 1044
72 607
73 643
74 385
75 125
76 1533
77 1084
78 140
79 774
80 1684
81 916
82 1070
83 1509
84 989
85 81
86 319
87 73
88 874
89 594
90 483
91 570
92 636
93 404
94 1176
95 1525
96 210
97 622
98 1257
99 338
100 1687
101 1364
102 1095
103 958
104 199
105 474
106 854
107 604
108 1327
109 1019
110 119
111 138
112 623
113 365
114 273
115 875
116 741
117 1205
118 1535
119 1404
120 80
121 1270
122 71
123 1130
124 307
125 139
126 49
127 1550
128 1413
129 1406
130 1291
131 377
132 430
133 0
134 459
135 31
136 657
137 1020
138 468
139 1500
140 1048
141 970
142 1609
143 1142
144 978
145 469
146 1450
147 434
148 1076
149 357
150 63
151 1146
152 1289
153 1367
154 121
155 1272
156 28
157 988
158 975
159 519
160 836
161 929
162 1639
163 1636
164 802
165 1023
166 426
167 892
168 21
169 716
170 143
171 1536
172 53
173 332
174 1014
175 1422
176 360
177 303
178 1572
179 706
180 396
181 1424
182 284
183 1076
184 1187
185 839
186 216
187 1277
188 588
189 287
190 661
191 779
192 1569
193 314
194 1386
195 1486
196 238
197 1648
198 1615
199 1057
200 1451
201 650
202 554
203 656
204 1557
205 736
206 618
207 532
208 1446
209 73
210 503
211 685
212 768
213 16
214 1041
215 728
216 1658
217 855
218 478
219 870
220 50
221 1644
222 1373
223 1555
224 960
225 7
226 72
227 1066
228 1247
229 117
230 1578
231 1658
232 679
233 1400
234 796
235 237
236 994
237 1105
238 985
239 710
240 208
241 619
242 1226
243 317
244 59
245 145
246 812
247 1090
248 1683
249 1088
250 885
251 1271
252 1643
253 1621
254 1147
255 552
256 633
257 976
258 1392
259 906
260 467
261 1333
262 1378
263 1658
264 630
265 108
266 431
267 910
268 369
269 1169
270 98
271 1211
272 306
273 1056
274 546
275 395
276 206
277 258
278 1261
279 813
280 850
281 414
282 188
283 1598
284 1682
285 333
286 1603
287 739
288 531
289 952
290 190
291 598
292 363
293 404
294 740
295 601
296 1215
297 952
298 126
299 190
300 314
301 466
302 1619
303 851
304 687
305 934
306 1131
307 101
308 553
309 673
310 91
311 813
312 968
313 27
314 1449
315 1659
316 267
317 1143
318 31
319 561
320 1428
321 694
322 797
323 1093
324 418
325 703
326 666
327 226
328 1504
329 581
330 172
331 88
332 316
333 890
334 964
335 1460
336 1116
337 1419
338 692
339 157
340 847
341 1649
342 818
343 302
344 1384
345 470
346 987
347 1165
348 1629
349 460
350 1314
351 502
352 722
353 1535
354 58
355 1211
356 459
357 1300
358 512
359 895
360 924
361 1390
362 888
363 432
364 1669
365 176
366 1681
367 178
368 1215
369 1167
370 894
371 909
372 179
373 476
374 174
375 187
376 344
377 1029
378 1463
379 297
380 1
381 777
382 1207
383 797
384 1042
385 41
386 83
387 1643
388 1139
389 539
390 661
391 240
392 1511
393 1284
394 585
395 151
396 795
397 877
398 226
399 470
400 947
401 630
402 602
403 84
404 60
405 879
406 1652
407 240
408 1142
409 1549
410 724
411 337
412 46
413 96
414 1343
415 1658
416 1669
417 723
418 1321
419 1545
420 548
421 1187
422 171
423 491
424 498
425 385
426 774
427 287
428 816
429 294
430 926
431 25
432 239
433 200
434 782
435 1424
436 1544
437 257
438 1494
439 1083
440 1479
441 241
442 557
443 89
444 1428
445 1328
446 119
447 1187
448 1137
449 993
450 1115
451 1463
452 942
453 352
454 1676
455 440
456 687
457 1387
458 602
459 347
460 1548
461 93
462 516
463 863
464 557
465 859
466 1080
467 535
468 884
469 672
470 1399
471 1406
472 380
473 1540
474 1654
475 972
476 674
477 727
478 985
479 509
480 676
481 291
482 1689
483 821
484 761
485 1562
486 200
487 1278
488 563
489 73
490 1165
491 1256
492 970
493 1171
494 1683
495 484
496 562
497 1356
498 56
499 539
500 473
501 686
502 258
503 563
504 477
505 1636
506 1346
507 1372
508 375
509 1086
510 822
511 228
512 1078
513 138
514 1636
515 825
516 1140
517 1488
518 677
519 463
520 1579
521 604
522 680
523 1009
524 725
525 1597
526 660
527 502
528 661
529 52
530 1640
531 1368
532 203
533 606
534 1515
535 226
536 1379
537 1176
538 1057
539 1467
540 1580
541 1339
542 1107
543 238
544 921
545 1434
546 419
547 308
548 208
549 1332
550 1634
551 436
552 977
553 1476
554 1522
555 1594
556 579
557 1207
558 555
559 1287
560 1389
561 165
562 440
563 1592
564 110
565 561
566 1628
567 1671
568 1376
569 1358
570 136
571 881
572 382
573 1084
574 578
575 690
576 287
577 1075
578 1457
579 57
580 1096
581 263
582 1495
583 1451
584 887
585 1125
586 101
587 1550
588 920
589 184
590 77
591 269
592 1517
593 1283
594 1634
595 718
596 312
597 1672
598 620
599 1395
600 892
601 1498
602 364
603 812
604 565
605 1572
606 1540
607 242
608 1526
609 669
610 1282
611 1589
612 1232
613 208
614 1252
615 319
616 1141
617 240
618 787
619 1671
620 1615
621 1256
622 1523
623 1267
624 1473
625 18
626 497
627 790
628 713
629 1679
630 412
631 954
632 753
633 1443
634 1600
635 949
636 656
637 84
638 1303
639 689
640 545
641 662
642 1167
643 1205
644 656
645 1679
646 1362
647 1640
648 764
649 971
650 502
651 120
652 1308
653 606
654 770
655 668
656 284
657 1516
658 1445
659 135
660 1215
661 671
662 692
663 1622
664 1238
665 1140
666 1284
667 386
668 1669
669 751
670 863
671 1551
672 35
673 696
674 85
675 608
676 828
677 834
678 144
679 1645
680 724
681 986
682 876
683 969
684 635
685 929
686 215
687 1607
688 267
689 538
690 59
691 1488
692 1665
693 926
694 449
695 1330
696 629
697 45
698 832
699 9
700 934
701 887
702 445
703 270
704 237
705 1233
706 580
707 84
708 395
709 1469
710 670
711 836
712 1288
713 977
714 1410
715 1074
716 766
717 1133
718 1125
719 1372
720 346
721 62
722 1375
723 1554
724 1588
725 992
726 1481
727 278
728 1398
729 642
730 1351
731 828
732 1057
733 470
734 514
735 1059
736 1085
737 665
738 12
739 727
740 782
741 1618
742 197
743 1454
744 480
745 427
746 452
747 686
748 1241
749 273
750 1247
751 1253
752 1229
753 853
754 473
755 985
756 827
757 1664
758 393
759 72
760 842
761 1563
762 236
763 60
764 582
765 28
766 1328
767 941
768 1348
769 553
770 854
771 317
772 1486
773 769
774 1331
775 538
776 861
777 493
778 515
779 471
780 1065
781 166
782 1643
783 1189
784 52
785 473
786 516
787 34
788 228
789 313
790 445
791 1423
792 651
793 51
794 1343
795 517
796 1570
797 455
798 391
799 1054
800 174
801 78
802 1387
803 1425
804 75
805 566
806 29
807 1548
808 64
809 411
810 122
811 1137
812 713
813 621
814 926
815 145
816 697
817 573
818 951
819 1630
820 1570
821 1240
822 398
823 922
824 820
825 1413
826 560
827 1407
828 1574
829 98
830 1370
831 272
832 103
833 488
834 613
835 1664
836 12
837 224
838 222
839 346
840 1294
841 1349
842 866
843 436
844 1579
845 736
846 1439
847 535
848 636
849 698
850 1245
851 1468
852 654
853 241
854 862
855 882
856 1439
857 40
858 326
859 857
860 458
861 1277
862 1437
863 83
864 936
865 306
866 540
867 680
868 257
869 71
870 1402
871 427
872 161
873 1677
874 484
875 1115
876 1080
877 1083
878 422
879 285
880 446
881 1033
882 110
883 1203
884 780
885 818
886 330
887 50
888 1655
889 1340
890 152
891 1652
892 9
893 745
894 1526
895 1428
896 43
897 1167
898 558
899 1659
900 1559
901 331
902 199
903 583
904 279
905 1553
906 1662
907 1441
908 483
909 1456
910 1498
911 1605
912 862
913 1589
914 541
915 1353
916 1497
917 618
918 313
919 251
920 283
921 682
922 1110
923 221
924 308
925 709
926 492
927 837
928 1363
929 689
930 1608
931 94
932 436
933 606
934 181
935 567
936 273
937 1512
938 711
939 168
940 950
941 615
942 529
943 308
944 1462
945 1035
946 1401
947 232
948 984
949 1579
950 770
951 480
952 1335
953 707
954 614
955 920
956 540
957 79
958 1294
959 1107
960 3
961 1168
962 565
963 1512
964 1491
965 857
966 287
967 1117
968 127
969 1243
970 1453
971 509
972 189
973 1122
974 1319
975 1024
976 566
977 597
978 557
979 788
980 302
981 375
982 986
983 1054
984 291
985 174
986 1499
987 233
988 1003
989 887
990 251
991 38
992 1588
993 469
994 978
995 46
996 762
997 539
998 404
999 5
1000 52
1001 1597
1002 643
1003 396
1004 645
1005 1430
1006 846
1007 688
1008 205
1009 1285
1010 180
1011 1611
1012 1188
1013 1669
1014 43
1015 721
1016 684
1017 1473
1018 202
1019 365
1020 378
1021 1369
1022 435
1023 1166
1024 1409
1025 960
1026 111
1027 1464
1028 873
1029 1077
1030 1331
1031 129
1032 330
1033 541
1034 570
1035 1543
1036 1204
1037 47
1038 366
1039 1512
1040 713
1041 1470
1042 379
1043 400
1044 630
1045 802
1046 1109
1047 143
1048 558
1049 729
1050 619
1051 950
1052 1526
1053 1322
1054 661
1055 61
1056 188
1057 1225
1058 984
1059 237
1060 1135
1061 1179
1062 1191
1063 534
1064 605
1065 931
1066 1380
1067 488
1068 899
1069 864
1070 807
1071 1141
1072 1350
1073 1587
1074 140
1075 753
1076 489
1077 1693
1078 1605
1079 600
1080 937
1081 1643
1082 584
1083 389
1084 1281
1085 1533
1086 88
1087 1486
1088 363
1089 1077
1090 1352
1091 858
1092 1190
1093 649
1094 1119
1095 1570
1096 1223
1097 406
1098 1141
1099 1482
1100 264
1101 155
1102 661
1103 1143
1104 484
1105 1392
1106 102
1107 1264
1108 776
1109 59
1110 1099
1111 1591
1112 854
1113 1321
1114 775
1115 1247
1116 285
1117 1057
1118 639
1119 701
1120 1473
1121 384
1122 790
1123 474
1124 372
1125 448
1126 1483
1127 505
1128 900
1129 883
1130 226
1131 731
1132 756
1133 1295
1134 200
1135 483
1136 912
1137 908
1138 319
1139 856
1140 244
1141 1515
1142 606
1143 277
1144 325
1145 1213
1146 1421
1147 384
1148 141
1149 816
1150 1588
1151 464
1152 728
1153 1068
1154 1117
1155 1389
1156 1645
1157 811
1158 1569
1159 138
1160 792
1161 544
1162 1145
1163 123
1164 1368
1165 1677
1166 1457
1167 1625
1168 734
1169 1055
1170 574
1171 507
1172 1672
1173 1014
1174 1182
1175 1523
1176 697
1177 1380
1178 699
1179 755
1180 797
1181 940
1182 1599
1183 269
1184 563
1185 346
1186 654
1187 1680
1188 574
1189 1551
1190 1384
1191 1608
1192 651
1193 1370
1194 1429
1195 760
1196 650
1197 457
1198 1303
1199 128
1200 113
1201 1363
1202 724
1203 658
1204 222
1205 1360
1206 204
1207 1423
1208 285
1209 1141
1210 1638
1211 1205
1212 1218
1213 1020
1214 1220
1215 807
1216 241
1217 17
1218 1068
1219 908
1220 1347
1221 1002
1222 26
1223 726
1224 679
1225 677
1226 245
1227 387
1228 789
1229 1646
1230 1402
1231 320
1232 806
1233 1636
1234 1137
1235 1240
1236 853
1237 330
1238 645
1239 789
1240 282
1241 904
1242 996
1243 1434
1244 1338
1245 471
1246 656
1247 1516
1248 813
1249 909
1250 1038
1251 1313
1252 283
1253 861
1254 995
1255 443
1256 1331
1257 1145
1258 941
1259 596
1260 1486
1261 1236
1262 829
1263 691
1264 1220
1265 1417
1266 1005
1267 1350
1268 1693
1269 979
1270 1528
1271 1376
1272 495
1273 1122
1274 766
1275 1041
1276 208
1277 499
1278 1047
1279 416
1280 1662
1281 848
1282 1277
1283 1460
1284 228
1285 631
1286 1509
1287 1472
1288 1669
1289 914
1290 1479
1291 40
1292 1123
1293 945
1294 105
1295 1006
1296 346
1297 707
1298 572
1299 1459
1300 922
1301 184
1302 834
1303 1390
1304 768
1305 140
1306 1212
1307 1461
1308 24
1309 1685
1310 119
1311 1642
1312 34
1313 1134
1314 641
1315 1599
1316 981
1317 1293
1318 983
1319 552
1320 4
1321 1308
1322 1063
1323 1406
1324 165
1325 492
1326 1490
1327 1300
1328 617
1329 187
1330 645
1331 930
1332 1327
1333 355
1334 584
1335 1369
1336 554
1337 873
1338 1045
1339 645
1340 1560
1341 787
1342 1025
1343 1602
1344 1603
1345 60
1346 1447
1347 1452
1348 920
1349 689
1350 79
1351 685
1352 1475
1353 1624
1354 1516
1355 1667
1356 474
1357 541
1358 1238
1359 1005
1360 1541
1361 1073
1362 1034
1363 1160
1364 485
1365 1510
1366 1093
1367 800
1368 1578
1369 144
1370 298
1371 864
1372 943
1373 761
1374 1675
1375 518
1376 1
1377 637
1378 610
1379 1112
1380 1636
1381 1271
1382 1545
1383 1658
1384 1234
1385 1156
1386 989
1387 1500
1388 953
1389 724
1390 1236
1391 349
1392 1578
1393 1166
1394 1082
1395 1037
1396 488
1397 1389
1398 866
1399 120
1400 251
1401 377
1402 1424
1403 1672
1404 341
1405 921
1406 903
1407 714
1408 494
1409 1657
1410 1404
1411 112
1412 1059
1413 260
1414 100
1415 190
1416 111
1417 909
1418 1497
1419 1049
1420 1178
1421 1497
1422 134
1423 63
1424 816
1425 1390
1426 154
1427 1301
1428 272
1429 20
1430 482
1431 1537
1432 46
1433 1161
1434 996
1435 376
1436 386
1437 171
1438 383
1439 316
1440 452
1441 379
1442 1632
1443 962
1444 812
1445 744
1446 788
1447 204
1448 1106
1449 260
1450 356
1451 936
1452 517
1453 1274
1454 1610
1455 603
1456 255
1457 1473
1458 1140
1459 1237
1460 1508
1461 1423
1462 701
1463 67
1464 1216
1465 670
1466 1209
1467 838
1468 1657
1469 1134
1470 988
1471 1415
1472 663
1473 784
1474 76
1475 1429
1476 966
1477 1518
1478 693
1479 1400
1480 857
1481 415
1482 1176
1483 1001
1484 71
1485 6
1486 1076
1487 907
1488 1467
1489 1458
1490 973
1491 1647
1492 1153
1493 884
1494 652
1495 1642
1496 640
1497 372
1498 1202
1499 413
1500 318
1501 5
1502 1172
1503 1372
1504 802
1505 452
1506 516
1507 970
1508 1567
1509 1448
1510 1234
1511 530
1512 1259
1513 1626
1514 753
1515 981
1516 91
1517 1174
1518 1359
1519 1654
1520 954
1521 1314
1522 1644
1523 1685
1524 1626
1525 657
1526 79
1527 1276
1528 1376
1529 1532
1530 429
1531 584
1532 1156
1533 1620
1534 724
1535 219
1536 923
1537 667
1538 316
1539 1685
1540 567
1541 853
1542 57
1543 789
1544 416
1545 457
1546 442
1547 1394
1548 419
1549 37
1550 1620
1551 796
1552 966
1553 974
1554 1047
1555 235
1556 1576
1557 809
1558 1618
1559 122
1560 642
1561 449
1562 864
1563 315
1564 1251
1565 1250
1566 257
1567 390
1568 398
1569 443
1570 998
1571 921
1572 1442
1573 1364
1574 559
1575 1395
1576 206
1577 793
1578 878
1579 921
1580 280
1581 1337
1582 1225
1583 1082
1584 1645
1585 328
1586 1062
1587 1131
1588 1360
1589 1647
1590 156
1591 1322
1592 898
1593 556
1594 662
1595 143
1596 1425
1597 1549
1598 805
1599 779
1600 1095
1601 1438
1602 734
1603 121
1604 1412
1605 528
1606 1347
1607 526
1608 783
1609 526
1610 392
1611 822
1612 47
1613 1350
1614 1172
1615 789
1616 252
1617 1627
1618 679
1619 29
1620 815
1621 25
1622 1255
1623 1204
1624 1372
1625 1348
1626 1422
1627 795
1628 614
1629 37
1630 38
1631 549
1632 1517
1633 259
1634 1477
1635 1513
1636 449
1637 891
1638 778
1639 404
1640 1246
1641 1004
1642 218
1643 1273
1644 467
1645 624
1646 1235
1647 43
1648 76
1649 1614
1650 124
1651 1640
1652 43
1653 826
1654 3
1655 492
1656 288
1657 1044
1658 1496
1659 1080
1660 1422
1661 1175
1662 416
1663 315
1664 1394
1665 453
1666 525
1667 510
1668 753
1669 1070
1670 727
1671 1521
1672 733
1673 500
1674 750
1675 800
1676 581
1677 1689
1678 443
1679 1546
1680 1407
1681 1036
1682 77
1683 792
1684 402
1685 999
1686 1382
1687 114
1688 1235
1689 98
1690 372
1691 1381
1692 237
1693 181
0 954
1 894
2 393
3 379
4 319
5 1194
6 1500
7 157
8 935
9 1206
10 1192
11 1017
12 373
13 292
14 712
15 434
16 930
17 1308
18 575
19 671
20 1342
21 945
22 217
23 716
24 1601
25 190
26 1675
27 1197
28 334
29 246
30 977
31 1370
32 1320
33 1400
34 1177
35 844
36 440
37 621
38 1548
39 785
40 1459
41 396
42 1213
43 768
44 1066
45 110
46 75
47 1116
48 1665
49 1070
50 735
51 747
52 87
53 551
54 1015
55 360
56 1248
57 1439
58 907
59 1356
60 1324
61 349
62 48
63 1025
64 1298
65 277
66 1164
67 1275
68 68
69 1608
70 1558
71 1364
72 297
73 1125
74 1178
75 400
76 1471
77 341
78 140
79 1394
80 493
81 507
82 1536
83 1509
84 1200
85 1671
86 1346
87 141
88 549
89 1216
90 871
91 570
92 225
93 404
94 1176
95 1525
96 1280
97 1080
98 1257
99 338
100 1687
101 1374
102 1095
103 56
104 199
105 474
106 1301
107 604
108 1327
109 770
110 119
111 590
112 623
113 365
114 1059
115 875
116 741
117 1205
118 385
119 1404
120 38
121 977
122 24
123 619
124 307
125 139
126 49
127 1633
128 1413
129 1153
130 1291
131 236
132 557
133 338
134 719
135 31
136 686
137 22
138 468
139 375
140 261
141 156
142 1053
143 1321
144 138
145 256
146 110
147 434
148 1632
149 424
150 707
151 1146
152 1289
153 826
154 665
155 992
156 28
157 988
158 975
159 734
160 715
161 1453
162 1639
163 1636
164 451
165 349
166 426
167 71
168 1256
169 716
170 143
171 1536
172 53
173 332
174 817
175 1422
176 360
177 1348
178 1082
179 265
180 376
181 185
182 477
183 1076
184 1187
185 1663
186 797
187 1277
188 588
189 921
190 1315
191 779
192 232
193 633
194 1386
195 1486
196 238
197 1648
198 1615
199 1604
200 1451
201 1240
202 800
203 155
204 1557
205 1502
206 690
207 623
208 1446
209 73
210 503
211 685
212 226
213 16
214 773
215 728
216 779
217 855
218 478
219 122
220 50
221 657
222 865
223 1279
224 698
225 572
226 12
227 1066
228 1019
229 1441
230 1578
231 1486
232 895
233 1400
234 760
235 529
236 994
237 1105
238 985
239 710
240 1601
241 619
242 932
243 1560
244 1251
245 145
246 743
247 1090
248 681
249 413
250 885
251 1271
252 1405
253 484
254 1531
255 888
256 710
257 976
258 1452
259 208
260 467
261 1233
262 1340
263 732
264 498
265 108
266 476
267 454
268 369
269 666
270 98
271 1371
272 945
273 394
274 777
275 395
276 206
277 575
278 1261
279 532
280 1216
281 414
282 188
283 1547
284 1021
285 1591
286 670
287 447
288 1076
289 1589
290 1521
291 598
292 363
293 299
294 740
295 1298
296 1215
297 1288
298 357
299 298
300 500
301 466
302 1619
303 4
304 687
305 1565
306 566
307 22
308 313
309 291
310 91
311 813
312 458
313 27
314 552
315 1659
316 586
317 1143
318 31
319 561
320 1428
321 950
322 344
323 1093
324 418
325 703
326 666
327 226
328 296
329 581
330 172
331 859
332 316
333 453
334 964
335 1460
336 1096
337 1419
338 597
339 157
340 84
341 1649
342 818
343 302
344 1384
345 463
346 987
347 123
348 1629
349 460
350 184
351 502
352 1325
353 1535
354 737
355 400
356 983
357 534
358 1333
359 718
360 122
361 769
362 888
363 432
364 1669
365 320
366 457
367 907
368 1215
369 1167
370 1596
371 813
372 1070
373 1504
374 713
375 763
376 344
377 1362
378 1463
379 297
380 1511
381 1271
382 168
383 788
384 1042
385 19
386 83
387 1219
388 1139
389 1326
390 1474
391 240
392 7
393 1284
394 585
395 151
396 429
397 939
398 685
399 470
400 947
401 121
402 602
403 84
404 1278
405 158
406 375
407 1359
408 1142
409 1100
410 97
411 414
412 220
413 96
414 11
415 1658
416 420
417 71
418 1321
419 789
420 548
421 1187
422 1419
423 716
424 1223
425 147
426 774
427 489
428 1591
429 1442
430 378
431 112
432 1441
433 395
434 985
435 1424
436 1544
437 257
438 1494
439 743
440 1479
441 123
442 1608
443 89
444 504
445 124
446 119
447 1676
448 523
449 993
450 1115
451 1252
452 1497
453 352
454 1282
455 1248
456 717
457 457
458 602
459 347
460 1548
461 93
462 550
463 1587
464 557
465 1332
466 1080
467 535
468 459
469 672
470 762
471 522
472 233
473 981
474 1506
475 1068
476 674
477 460
478 985
479 694
480 676
481 653
482 1689
483 1510
484 761
485 1562
486 200
487 955
488 662
489 746
490 368
491 1256
492 511
493 1217
494 1683
495 1003
496 1011
497 1239
498 56
499 539
500 473
501 1099
502 1489
503 1250
504 272
505 1210
506 1442
507 533
508 823
509 1086
510 458
511 1213
512 1078
513 1469
514 1636
515 825
516 1140
517 1557
518 677
519 463
520 1579
521 604
522 654
523 1009
524 67
525 1597
526 660
527 39
528 1297
529 1235
530 1464
531 1368
532 965
533 606
534 1515
535 272
536 1379
537 1501
538 1057
539 664
540 1580
541 159
542 904
543 1600
544 131
545 56
546 419
547 1578
548 193
549 424
550 1634
551 436
552 423
553 1034
554 1522
555 1594
556 350
557 1062
558 555
559 839
560 1389
561 165
562 541
563 1592
564 299
565 561
566 1628
567 1671
568 142
569 1358
570 136
571 881
572 1046
573 544
574 578
575 690
576 287
577 121
578 1590
579 1660
580 941
581 263
582 1478
583 1451
584 631
585 1125
586 1365
587 723
588 1674
589 280
590 77
591 523
592 12
593 570
594 1613
595 1312
596 312
597 1033
598 128
599 397
600 595
601 18
602 364
603 403
604 538
605 1572
606 1012
607 242
608 1626
609 669
610 1222
611 643
612 1232
613 1219
614 1252
615 1354
616 1141
617 28
618 787
619 1369
620 882
621 1256
622 360
623 1267
624 324
625 873
626 543
627 204
628 1210
629 425
630 556
631 851
632 753
633 1443
634 1600
635 949
636 560
637 84
638 1303
639 689
640 170
641 1556
642 722
643 1205
644 656
645 1679
646 54
647 1027
648 996
649 1350
650 502
651 489
652 1388
653 660
654 12
655 809
656 40
657 1042
658 1445
659 1371
660 1547
661 671
662 539
663 1622
664 1238
665 1140
666 963
667 1327
668 1329
669 934
670 753
671 1173
672 35
673 696
674 85
675 279
676 1181
677 1688
678 673
679 302
680 1541
681 986
682 876
683 969
684 1359
685 1356
686 1448
687 1022
688 750
689 1002
690 59
691 1488
692 1665
693 926
694 449
695 1270
696 629
697 45
698 219
699 9
700 934
701 1119
702 1354
703 1536
704 1530
705 1233
706 784
707 1242
708 395
709 1339
710 680
711 836
712 949
713 977
714 1410
715 1074
716 707
717 630
718 1125
719 1372
720 346
721 844
722 1375
723 1554
724 1588
725 992
726 1030
727 771
728 766
729 1570
730 1635
731 680
732 25
733 470
734 32
735 269
736 1085
737 665
738 12
739 1260
740 782
741 1618
742 1693
743 1454
744 480
745 1361
746 506
747 686
748 1241
749 485
750 1247
751 1275
752 1229
753 853
754 837
755 344
756 695
757 1664
758 569
759 729
760 842
761 926
762 236
763 60
764 944
765 956
766 665
767 43
768 423
769 553
770 854
771 317
772 1613
773 769
774 1207
775 259
776 861
777 1078
778 515
779 1339
780 1065
781 797
782 1643
783 1189
784 588
785 1381
786 1322
787 1129
788 141
789 1434
790 445
791 1423
792 651
793 1028
794 1343
795 164
796 1570
797 290
798 1036
799 1054
800 174
801 812
802 1129
803 1425
804 75
805 566
806 1615
807 1548
808 64
809 411
810 122
811 1010
812 116
813 621
814 1309
815 145
816 1234
817 888
818 1528
819 1174
820 1570
821 550
822 398
823 751
824 820
825 72
826 1612
827 1407
828 1597
829 98
830 941
831 888
832 259
833 307
834 613
835 253
836 12
837 212
838 410
839 346
840 714
841 1349
842 105
843 744
844 1579
845 736
846 443
847 535
848 636
849 277
850 844
851 1468
852 654
853 864
854 612
855 204
856 843
857 40
858 961
859 457
860 458
861 798
862 1437
863 83
864 1317
865 1545
866 901
867 680
868 0
869 188
870 697
871 427
872 1368
873 1677
874 484
875 1308
876 1132
877 1083
878 225
879 1031
880 158
881 1033
882 1080
883 1350
884 780
885 1192
886 330
887 50
888 1655
889 1340
890 1563
891 1007
892 1093
893 745
894 1370
895 1428
896 43
897 988
898 558
899 1659
900 1559
901 1033
902 1292
903 1245
904 279
905 1553
906 1690
907 682
908 97
909 1456
910 1498
911 1605
912 1106
913 1589
914 541
915 1133
916 1485
917 944
918 644
919 25
920 283
921 594
922 1110
923 221
924 168
925 709
926 492
927 519
928 1363
929 231
930 251
931 94
932 436
933 1621
934 181
935 899
936 273
937 1512
938 1628
939 168
940 950
941 615
942 529
943 1424
944 639
945 93
946 1401
947 1214
948 984
949 1579
950 770
951 480
952 1335
953 1659
954 380
955 1096
956 626
957 79
958 1294
959 1456
960 1243
961 780
962 405
963 1277
964 83
965 649
966 287
967 328
968 127
969 1243
970 1453
971 599
972 1374
973 565
974 880
975 1024
976 314
977 130
978 934
979 498
980 302
981 1165
982 1368
983 1054
984 1432
985 174
986 1290
987 291
988 965
989 1532
990 1563
991 483
992 83
993 469
994 342
995 737
996 1462
997 457
998 655
999 725
1000 1541
1001 1597
1002 643
1003 396
1004 654
1005 1430
1006 137
1007 1419
1008 1333
1009 1665
1010 33
1011 1611
1012 712
1013 964
1014 1678
1015 1567
1016 736
1017 1473
1018 202
1019 365
1020 811
1021 1369
1022 435
1023 789
1024 1409
1025 1558
1026 607
1027 1036
1028 847
1029 1077
1030 879
1031 129
1032 1195
1033 1038
1034 297
1035 31
1036 51
1037 47
1038 366
1039 1512
1040 713
1041 15
1042 379
1043 1384
1044 1092
1045 802
1046 316
1047 850
1048 323
1049 729
1050 619
1051 1183
1052 1526
1053 1023
1054 661
1055 71
1056 188
1057 508
1058 1064
1059 720
1060 689
1061 1179
1062 1607
1063 1446
1064 605
1065 931
1066 841
1067 1463
1068 899
1069 864
1070 807
1071 1141
1072 1589
1073 265
1074 530
1075 1570
1076 203
1077 903
1078 1605
1079 1450
1080 937
1081 144
1082 1538
1083 1375
1084 1281
1085 1163
1086 573
1087 1486
1088 1477
1089 73
1090 1403
1091 525
1092 718
1093 1178
1094 1233
1095 1667
1096 1088
1097 406
1098 1315
1099 1605
1100 264
1101 1342
1102 661
1103 567
1104 484
1105 1392
1106 102
1107 582
1108 776
1109 66
1110 551
1111 990
1112 854
1113 1304
1114 1498
1115 1002
1116 285
1117 1287
1118 431
1119 701
1120 1473
1121 1650
1122 790
1123 474
1124 716
1125 1309
1126 186
1127 897
1128 900
1129 1087
1130 220
1131 1132
1132 437
1133 383
1134 745
1135 483
1136 1261
1137 1591
1138 1673
1139 856
1140 797
1141 712
1142 868
1143 1548
1144 325
1145 1213
1146 1001
1147 1376
1148 562
1149 1106
1150 1588
1151 1015
1152 728
1153 1190
1154 1117
1155 293
1156 1645
1157 671
1158 1046
1159 138
1160 1389
1161 544
1162 1304
1163 237
1164 681
1165 814
1166 1093
1167 1625
1168 1627
1169 1055
1170 574
1171 507
1172 1327
1173 826
1174 22
1175 695
1176 552
1177 1380
1178 1093
1179 755
1180 817
1181 940
1182 1599
1183 269
1184 563
1185 346
1186 198
1187 1680
1188 1693
1189 1551
1190 1384
1191 84
1192 651
1193 323
1194 1429
1195 1655
1196 1091
1197 457
1198 1303
1199 128
1200 113
1201 1347
1202 274
1203 1258
1204 222
1205 909
1206 945
1207 1528
1208 1494
1209 239
1210 1638
1211 938
1212 1204
1213 933
1214 1220
1215 807
1216 241
1217 979
1218 522
1219 1606
1220 884
1221 633
1222 1286
1223 595
1224 679
1225 677
1226 245
1227 600
1228 303
1229 159
1230 1402
1231 140
1232 1286
1233 1636
1234 1137
1235 1260
1236 1128
1237 330
1238 645
1239 1504
1240 1416
1241 924
1242 996
1243 1434
1244 1338
1245 471
1246 656
1247 1516
1248 206
1249 289
1250 127
1251 1340
1252 1592
1253 1358
1254 995
1255 788
1256 734
1257 1145
1258 1136
1259 596
1260 1469
1261 406
1262 829
1263 691
1264 761
1265 903
1266 88
1267 1445
1268 1067
1269 979
1270 1528
1271 1376
1272 495
1273 1122
1274 218
1275 618
1276 984
1277 684
1278 677
1279 588
1280 1662
1281 1435
1282 1277
1283 1460
1284 783
1285 1650
1286 1473
1287 862
1288 1117
1289 189
1290 1479
1291 1239
1292 828
1293 945
1294 105
1295 1006
1296 544
1297 258
1298 848
1299 120
1300 922
1301 376
1302 1608
1303 827
1304 768
1305 273
1306 1212
1307 1030
1308 24
1309 1685
1310 153
1311 139
1312 34
1313 1134
1314 641
1315 1599
1316 1656
1317 1293
1318 531
1319 1501
1320 4
1321 1308
1322 466
1323 1665
1324 165
1325 1273
1326 1412
1327 1300
1328 979
1329 506
1330 645
1331 930
1332 1327
1333 1548
1334 584
1335 1602
1336 554
1337 873
1338 1045
1339 1507
1340 1560
1341 1280
1342 1441
1343 1602
1344 1519
1345 892
1346 39
1347 547
1348 920
1349 689
1350 732
1351 685
1352 135
1353 896
1354 1516
1355 1667
1356 630
1357 541
1358 1323
1359 205
1360 1505
1361 1073
1362 1034
1363 1160
1364 485
1365 1242
1366 861
1367 800
1368 1115
1369 144
1370 1290
1371 1318
1372 476
1373 409
1374 1675
1375 518
1376 1
1377 687
1378 1494
1379 800
1380 1636
1381 1271
1382 1201
1383 1658
1384 822
1385 1258
1386 989
1387 1654
1388 953
1389 724
1390 412
1391 680
1392 592
1393 1129
1394 1647
1395 597
1396 488
1397 1585
1398 866
1399 1080
1400 1100
1401 279
1402 1424
1403 455
1404 341
1405 1309
1406 323
1407 276
1408 494
1409 1657
1410 672
1411 761
1412 997
1413 260
1414 100
1415 190
1416 111
1417 927
1418 1443
1419 1035
1420 681
1421 176
1422 1327
1423 63
1424 816
1425 1390
1426 154
1427 338
1428 285
1429 350
1430 482
1431 1574
1432 46
1433 382
1434 541
1435 376
1436 386
1437 171
1438 312
1439 316
1440 413
1441 876
1442 1299
1443 962
1444 1242
1445 508
1446 788
1447 1454
1448 1106
1449 106
1450 324
1451 936
1452 490
1453 287
1454 1531
1455 603
1456 255
1457 926
1458 1103
1459 1237
1460 1012
1461 1596
1462 701
1463 1405
1464 33
1465 253
1466 1458
1467 497
1468 929
1469 934
1470 988
1471 1415
1472 1256
1473 784
1474 585
1475 1562
1476 966
1477 874
1478 1652
1479 541
1480 857
1481 651
1482 1100
1483 1001
1484 71
1485 6
1486 1076
1487 907
1488 1491
1489 1416
1490 973
1491 1531
1492 1153
1493 884
1494 652
1495 47
1496 1449
1497 571
1498 723
1499 760
1500 1512
1501 5
1502 1172
1503 1372
1504 509
1505 1066
1506 1692
1507 891
1508 1567
1509 1448
1510 254
1511 359
1512 1259
1513 1626
1514 753
1515 342
1516 91
1517 1174
1518 1359
1519 1654
1520 954
1521 1314
1522 1286
1523 1685
1524 1204
1525 1542
1526 79
1527 1276
1528 1376
1529 1532
1530 358
1531 1492
1532 1156
1533 1620
1534 724
1535 1283
1536 1255
1537 883
1538 316
1539 1590
1540 192
1541 507
1542 57
1543 789
1544 1197
1545 214
1546 442
1547 1394
1548 461
1549 1416
1550 1599
1551 317
1552 966
1553 974
1554 498
1555 235
1556 1576
1557 809
1558 1618
1559 783
1560 642
1561 1334
1562 1201
1563 792
1564 1251
1565 339
1566 257
1567 390
1568 398
1569 443
1570 156
1571 411
1572 125
1573 1481
1574 965
1575 1189
1576 991
1577 793
1578 1381
1579 809
1580 280
1581 1337
1582 988
1583 1263
1584 878
1585 328
1586 1062
1587 1131
1588 1360
1589 796
1590 769
1591 579
1592 1333
1593 1152
1594 662
1595 143
1596 1425
1597 1267
1598 805
1599 779
1600 1095
1601 662
1602 1235
1603 1504
1604 1412
1605 574
1606 132
1607 526
1608 1361
1609 1499
1610 392
1611 822
1612 47
1613 1597
1614 412
1615 1327
1616 625
1617 1627
1618 1107
1619 679
1620 1321
1621 1287
1622 757
1623 1204
1624 809
1625 485
1626 1422
1627 795
1628 1128
1629 37
1630 38
1631 1193
1632 382
1633 1189
1634 1477
1635 1513
1636 449
1637 1491
1638 778
1639 1000
1640 307
1641 625
1642 1328
1643 1273
1644 467
1645 252
1646 1235
1647 149
1648 1132
1649 1237
1650 945
1651 1640
1652 43
1653 826
1654 1671
1655 527
1656 288
1657 842
1658 1141
1659 765
1660 322
1661 840
1662 1672
1663 315
1664 772
1665 206
1666 735
1667 510
1668 1453
1669 874
1670 828
1671 247
1672 133
1673 670
1674 750
1675 1624
1676 581
1677 1689
1678 443
1679 1546
1680 732
1681 153
1682 350
1683 932
1684 402
1685 999
1686 1382
1687 114
1688 1693
1689 98
1690 372
1691 1381
1692 78
1693 382
