0 1560
1 138
2 565
3 1121
4 928
5 14
6 119
7 1171
8 230
9 807
10 866
11 859
12 1551
13 1682
14 424
15 1572
16 1645
17 1170
18 1690
19 1615
20 648
21 978
22 1266
23 564
24 1144
25 1585
26 43
27 1551
28 369
29 1052
30 284
31 1377
32 481
33 846
34 654
35 1641
36 280
37 1040
38 163
39 1536
40 174
41 1392
42 1527
43 1582
44 1051
45 406
46 903
47 1409
48 1489
49 1387
50 409
51 18
52 328
53 753
54 124
55 439
56 77
57 496
58 1193
59 1435
60 482
61 841
62 460
63 1609
64 1510
65 1409
66 1124
67 12
68 290
69 153
70 1004
71 515
72 946
73 976
74 94
75 206
76 396
77 1034
78 1600
79 471
80 468
81 1052
82 223
83 1643
84 457
85 1656
86 102
87 345
88 1287
89 1559
90 317
91 420
92 791
93 406
94 511
95 1236
96 527
97 870
98 9
99 1268
100 1397
101 281
102 285
103 157
104 113
105 678
106 706
107 431
108 701
109 831
110 993
111 1241
112 730
113 1495
114 1500
115 1436
116 603
117 1098
118 746
119 688
120 45
121 1693
122 410
123 626
124 1528
125 1159
126 1534
127 1170
128 664
129 597
130 189
131 1424
132 1561
133 769
134 990
135 384
136 818
137 770
138 532
139 1302
140 946
141 665
142 181
143 1628
144 246
145 1296
146 1665
147 256
148 258
149 193
150 66
151 1595
152 967
153 1525
154 755
155 745
156 1498
157 1204
158 8
159 545
160 1032
161 1007
162 222
163 727
164 1597
165 663
166 900
167 475
168 1463
169 105
170 978
171 897
172 1502
173 70
174 249
175 1090
176 729
177 1587
178 1481
179 580
180 955
181 1133
182 1204
183 882
184 946
185 368
186 607
187 1665
188 1027
189 974
190 1542
191 599
192 408
193 1493
194 220
195 59
196 1308
197 201
198 987
199 947
200 307
201 829
202 1097
203 843
204 1620
205 956
206 30
207 1530
208 5
209 409
210 1259
211 1488
212 1285
213 965
214 1496
215 372
216 362
217 112
218 1443
219 1400
220 1130
221 43
222 1245
223 245
224 1684
225 1560
226 829
227 160
228 350
229 281
230 54
231 1111
232 836
233 636
234 857
235 1363
236 1088
237 1177
238 150
239 1600
240 49
241 77
242 883
243 1264
244 40
245 1456
246 848
247 528
248 241
249 1548
250 450
251 478
252 583
253 578
254 493
255 1072
256 672
257 1320
258 1571
259 41
260 963
261 24
262 1466
263 623
264 1258
265 569
266 706
267 1433
268 1361
269 1224
270 130
271 648
272 445
273 98
274 208
275 222
276 852
277 1321
278 1343
279 715
280 1165
281 1167
282 959
283 1292
284 592
285 1205
286 690
287 1322
288 1570
289 53
290 416
291 1486
292 423
293 1502
294 614
295 171
296 629
297 1681
298 491
299 447
300 625
301 1232
302 1564
303 616
304 1295
305 357
306 333
307 193
308 224
309 1504
310 1327
311 491
312 1425
313 36
314 981
315 759
316 180
317 754
318 828
319 1339
320 1369
321 236
322 324
323 904
324 441
325 1272
326 856
327 1430
328 1009
329 1446
330 5
331 99
332 963
333 446
334 198
335 943
336 91
337 1053
338 800
339 409
340 1342
341 192
342 1194
343 859
344 1263
345 748
346 1580
347 317
348 1428
349 717
350 1424
351 181
352 1415
353 802
354 431
355 363
356 1393
357 141
358 365
359 334
360 1189
361 44
362 810
363 1199
364 397
365 1675
366 1195
367 1458
368 988
369 1282
370 448
371 692
372 1277
373 1011
374 107
375 1516
376 933
377 972
378 1561
379 580
380 73
381 65
382 383
383 447
384 979
385 966
386 1537
387 1221
388 1308
389 1434
390 1108
391 17
392 26
393 394
394 1256
395 225
396 393
397 730
398 1410
399 700
400 281
401 686
402 81
403 120
404 143
405 1377
406 563
407 674
408 1531
409 1328
410 458
411 524
412 515
413 145
414 1591
415 1387
416 393
417 1626
418 1351
419 1547
420 715
421 1311
422 605
423 449
424 896
425 1234
426 332
427 1672
428 1393
429 1106
430 22
431 312
432 159
433 1018
434 840
435 907
436 446
437 113
438 1551
439 731
440 1404
441 1525
442 509
443 1142
444 1290
445 189
446 1598
447 329
448 798
449 1434
450 714
451 1040
452 649
453 674
454 447
455 208
456 1669
457 1161
458 1354
459 150
460 878
461 1361
462 159
463 144
464 420
465 840
466 13
467 942
468 1072
469 989
470 602
471 1341
472 193
473 1574
474 1614
475 154
476 86
477 623
478 1108
479 976
480 981
481 1663
482 228
483 514
484 1534
485 491
486 662
487 37
488 1642
489 589
490 336
491 1108
492 1611
493 1615
494 999
495 167
496 1285
497 1335
498 1555
499 1475
500 831
501 335
502 70
503 984
504 1623
505 800
506 1044
507 236
508 1428
509 1460
510 297
511 1195
512 674
513 373
514 369
515 611
516 1135
517 1301
518 1340
519 453
520 1585
521 1206
522 399
523 332
524 1261
525 93
526 934
527 1626
528 394
529 885
530 166
531 1303
532 729
533 13
534 776
535 171
536 1302
537 1283
538 1656
539 887
540 191
541 541
542 1409
543 199
544 242
545 123
546 1157
547 758
548 154
549 671
550 1258
551 177
552 736
553 1412
554 836
555 183
556 1556
557 956
558 552
559 223
560 730
561 689
562 1220
563 181
564 1666
565 277
566 1610
567 1461
568 843
569 791
570 1439
571 502
572 439
573 724
574 1478
575 1075
576 1221
577 970
578 944
579 223
580 508
581 1535
582 1534
583 760
584 1133
585 993
586 1488
587 1235
588 817
589 721
590 1549
591 899
592 1203
593 585
594 447
595 1515
596 1210
597 1525
598 1452
599 1519
600 1286
601 1570
602 1609
603 639
604 725
605 871
606 264
607 919
608 600
609 541
610 621
611 1070
612 1506
613 714
614 518
615 661
616 1055
617 766
618 1372
619 92
620 1164
621 845
622 1679
623 1097
624 181
625 805
626 303
627 999
628 772
629 715
630 10
631 1341
632 922
633 1606
634 1339
635 515
636 432
637 417
638 1071
639 474
640 1604
641 1516
642 73
643 652
644 1135
645 989
646 897
647 248
648 313
649 1334
650 948
651 116
652 1231
653 1370
654 833
655 309
656 1193
657 1075
658 1391
659 23
660 657
661 309
662 1457
663 1496
664 364
665 706
666 1265
667 501
668 570
669 366
670 1473
671 94
672 1428
673 915
674 869
675 1034
676 498
677 1417
678 439
679 959
680 295
681 1233
682 1206
683 937
684 837
685 1132
686 1692
687 530
688 705
689 23
690 1204
691 328
692 588
693 367
694 629
695 917
696 540
697 1557
698 1081
699 1580
700 1339
701 1496
702 122
703 63
704 507
705 503
706 653
707 707
708 301
709 1478
710 421
711 648
712 1522
713 1221
714 541
715 1316
716 1276
717 383
718 174
719 1293
720 1255
721 656
722 515
723 752
724 1577
725 660
726 547
727 1643
728 1186
729 87
730 101
731 736
732 180
733 1306
734 326
735 1318
736 1194
737 954
738 379
739 220
740 364
741 87
742 488
743 51
744 167
745 230
746 695
747 1504
748 4
749 1542
750 451
751 163
752 542
753 243
754 435
755 238
756 1131
757 33
758 530
759 1338
760 1378
761 1359
762 243
763 421
764 990
765 369
766 440
767 1349
768 1641
769 961
770 341
771 1490
772 563
773 970
774 445
775 1572
776 992
777 221
778 1232
779 301
780 339
781 1421
782 1485
783 854
784 1065
785 394
786 1529
787 475
788 238
789 16
790 1679
791 1453
792 56
793 1086
794 1207
795 105
796 894
797 401
798 792
799 1141
800 182
801 930
802 1008
803 1355
804 897
805 1520
806 505
807 254
808 149
809 14
810 747
811 618
812 1510
813 731
814 407
815 775
816 32
817 92
818 160
819 1341
820 1178
821 1392
822 719
823 1657
824 350
825 130
826 881
827 441
828 736
829 456
830 1084
831 1057
832 1033
833 1293
834 1601
835 171
836 764
837 315
838 1300
839 1494
840 1195
841 754
842 1447
843 1193
844 244
845 568
846 729
847 1664
848 1464
849 864
850 1599
851 1029
852 937
853 1554
854 632
855 219
856 1619
857 209
858 1668
859 394
860 159
861 1565
862 784
863 687
864 999
865 1553
866 1296
867 291
868 1273
869 1246
870 1358
871 1154
872 1270
873 420
874 962
875 1125
876 344
877 1044
878 232
879 335
880 1617
881 1515
882 1440
883 1505
884 1501
885 1024
886 248
887 1249
888 1244
889 428
890 1380
891 320
892 580
893 571
894 1614
895 348
896 899
897 404
898 644
899 1346
900 394
901 1150
902 418
903 613
904 12
905 297
906 1399
907 1025
908 1185
909 890
910 1073
911 1025
912 1490
913 180
914 963
915 1381
916 1042
917 1385
918 679
919 1258
920 1414
921 1452
922 361
923 1267
924 788
925 773
926 1033
927 348
928 642
929 1456
930 634
931 33
932 212
933 13
934 743
935 1337
936 1200
937 1132
938 791
939 744
940 1631
941 931
942 1242
943 1389
944 306
945 387
946 795
947 154
948 257
949 1386
950 1504
951 672
952 1568
953 84
954 1631
955 189
956 576
957 456
958 1216
959 1340
960 66
961 450
962 1164
963 541
964 890
965 890
966 887
967 658
968 688
969 324
970 440
971 291
972 64
973 1374
974 475
975 981
976 1475
977 889
978 613
979 540
980 1545
981 858
982 1500
983 1433
984 1339
985 1598
986 1216
987 878
988 356
989 946
990 893
991 1250
992 1067
993 681
994 243
995 922
996 173
997 1087
998 1616
999 980
1000 210
1001 285
1002 41
1003 1248
1004 642
1005 1124
1006 48
1007 1430
1008 1555
1009 1470
1010 977
1011 609
1012 565
1013 689
1014 412
1015 308
1016 259
1017 613
1018 540
1019 1205
1020 639
1021 568
1022 1450
1023 521
1024 623
1025 651
1026 813
1027 1113
1028 597
1029 256
1030 1065
1031 887
1032 1337
1033 970
1034 1540
1035 244
1036 170
1037 1011
1038 1052
1039 1540
1040 208
1041 718
1042 932
1043 1377
1044 245
1045 1552
1046 630
1047 187
1048 437
1049 694
1050 1007
1051 551
1052 1141
1053 838
1054 127
1055 363
1056 1455
1057 1351
1058 272
1059 415
1060 1050
1061 1456
1062 235
1063 574
1064 487
1065 827
1066 1179
1067 716
1068 910
1069 1138
1070 1369
1071 196
1072 1509
1073 1332
1074 1274
1075 321
1076 193
1077 1178
1078 1361
1079 592
1080 755
1081 1138
1082 1067
1083 446
1084 983
1085 118
1086 888
1087 1185
1088 1115
1089 137
1090 632
1091 1591
1092 1011
1093 1456
1094 1168
1095 1109
1096 1506
1097 645
1098 745
1099 960
1100 1224
1101 811
1102 638
1103 389
1104 1534
1105 819
1106 123
1107 265
1108 821
1109 1177
1110 688
1111 1146
1112 590
1113 285
1114 1691
1115 1291
1116 445
1117 724
1118 900
1119 1525
1120 1374
1121 457
1122 1309
1123 957
1124 87
1125 1634
1126 1280
1127 13
1128 607
1129 1540
1130 1342
1131 857
1132 129
1133 1288
1134 952
1135 1358
1136 253
1137 1657
1138 198
1139 546
1140 229
1141 1316
1142 373
1143 938
1144 1681
1145 354
1146 51
1147 219
1148 979
1149 1329
1150 1505
1151 350
1152 266
1153 1468
1154 641
1155 624
1156 874
1157 1286
1158 983
1159 810
1160 458
1161 1298
1162 615
1163 300
1164 987
1165 1440
1166 661
1167 1180
1168 1110
1169 971
1170 1071
1171 195
1172 18
1173 240
1174 1503
1175 265
1176 182
1177 704
1178 42
1179 1462
1180 645
1181 850
1182 1152
1183 1303
1184 804
1185 237
1186 1176
1187 1270
1188 104
1189 1311
1190 379
1191 623
1192 1103
1193 291
1194 326
1195 1560
1196 398
1197 1279
1198 850
1199 434
1200 923
1201 65
1202 192
1203 11
1204 1436
1205 884
1206 1080
1207 1280
1208 268
1209 263
1210 782
1211 1544
1212 306
1213 479
1214 445
1215 430
1216 52
1217 849
1218 420
1219 131
1220 1595
1221 1518
1222 116
1223 233
1224 919
1225 156
1226 1395
1227 226
1228 884
1229 309
1230 900
1231 590
1232 1572
1233 1525
1234 1177
1235 346
1236 19
1237 184
1238 1056
1239 653
1240 1388
1241 1136
1242 697
1243 660
1244 381
1245 456
1246 1182
1247 138
1248 621
1249 1135
1250 724
1251 977
1252 606
1253 463
1254 1029
1255 916
1256 83
1257 289
1258 1584
1259 882
1260 699
1261 1134
1262 746
1263 1
1264 510
1265 143
1266 281
1267 1080
1268 117
1269 1320
1270 893
1271 585
1272 954
1273 14
1274 102
1275 856
1276 957
1277 1658
1278 46
1279 594
1280 1391
1281 25
1282 1379
1283 1588
1284 71
1285 329
1286 1309
1287 968
1288 1073
1289 739
1290 1663
1291 846
1292 1152
1293 1232
1294 872
1295 1084
1296 1243
1297 990
1298 474
1299 990
1300 1023
1301 116
1302 895
1303 449
1304 478
1305 104
1306 1214
1307 930
1308 1316
1309 1644
1310 252
1311 826
1312 1114
1313 649
1314 470
1315 588
1316 314
1317 416
1318 1071
1319 501
1320 1587
1321 703
1322 1239
1323 167
1324 1188
1325 1195
1326 403
1327 372
1328 817
1329 1150
1330 924
1331 1526
1332 1677
1333 111
1334 1171
1335 548
1336 498
1337 466
1338 1419
1339 615
1340 1209
1341 775
1342 438
1343 511
1344 515
1345 1189
1346 182
1347 1561
1348 1211
1349 1371
1350 1002
1351 758
1352 953
1353 671
1354 1178
1355 1343
1356 520
1357 1495
1358 210
1359 1104
1360 1058
1361 20
1362 1596
1363 1081
1364 718
1365 874
1366 575
1367 1685
1368 312
1369 1488
1370 941
1371 659
1372 1090
1373 365
1374 39
1375 553
1376 746
1377 1498
1378 21
1379 709
1380 1221
1381 1198
1382 759
1383 917
1384 1129
1385 1160
1386 1092
1387 1499
1388 546
1389 1165
1390 851
1391 301
1392 689
1393 686
1394 1343
1395 1484
1396 1018
1397 126
1398 782
1399 1304
1400 1689
1401 343
1402 1278
1403 957
1404 494
1405 771
1406 410
1407 1462
1408 619
1409 308
1410 1452
1411 1048
1412 1526
1413 1044
1414 1565
1415 1254
1416 1581
1417 1685
1418 871
1419 921
1420 946
1421 1189
1422 1022
1423 49
1424 132
1425 1533
1426 442
1427 145
1428 1315
1429 1567
1430 767
1431 951
1432 1006
1433 1440
1434 1176
1435 1357
1436 1109
1437 131
1438 1346
1439 132
1440 1102
1441 1342
1442 955
1443 960
1444 1612
1445 544
1446 1034
1447 530
1448 1286
1449 1180
1450 930
1451 1530
1452 403
1453 475
1454 779
1455 911
1456 593
1457 809
1458 50
1459 1102
1460 1244
1461 941
1462 1312
1463 1463
1464 473
1465 1643
1466 1160
1467 1563
1468 1316
1469 468
1470 1086
1471 660
1472 856
1473 1197
1474 267
1475 423
1476 1302
1477 504
1478 130
1479 1207
1480 935
1481 1604
1482 1639
1483 121
1484 1140
1485 501
1486 718
1487 422
1488 289
1489 1578
1490 958
1491 1167
1492 255
1493 495
1494 717
1495 757
1496 68
1497 33
1498 19
1499 1031
1500 626
1501 44
1502 337
1503 1661
1504 827
1505 1382
1506 1003
1507 7
1508 218
1509 736
1510 1211
1511 673
1512 1330
1513 1634
1514 859
1515 922
1516 250
1517 1688
1518 940
1519 322
1520 1506
1521 198
1522 430
1523 634
1524 285
1525 978
1526 322
1527 902
1528 1667
1529 841
1530 472
1531 1584
1532 551
1533 327
1534 429
1535 1006
1536 205
1537 1461
1538 461
1539 1088
1540 49
1541 1411
1542 1121
1543 1394
1544 1261
1545 1614
1546 1453
1547 1278
1548 1660
1549 933
1550 512
1551 212
1552 211
1553 57
1554 1661
1555 1634
1556 1131
1557 249
1558 1525
1559 900
1560 1645
1561 1575
1562 552
1563 1247
1564 1643
1565 96
1566 478
1567 422
1568 1192
1569 1284
1570 1117
1571 1614
1572 215
1573 571
1574 526
1575 1048
1576 579
1577 980
1578 1608
1579 995
1580 49
1581 1338
1582 1517
1583 1537
1584 1448
1585 1415
1586 214
1587 534
1588 1097
1589 354
1590 811
1591 541
1592 745
1593 925
1594 915
1595 43
1596 443
1597 852
1598 1608
1599 1335
1600 1499
1601 908
1602 1692
1603 162
1604 688
1605 361
1606 1277
1607 1316
1608 441
1609 267
1610 460
1611 681
1612 1514
1613 955
1614 541
1615 188
1616 155
1617 355
1618 1419
1619 331
1620 1514
1621 226
1622 724
1623 1691
1624 1594
1625 1050
1626 1456
1627 1117
1628 1042
1629 882
1630 1376
1631 496
1632 873
1633 1454
1634 771
1635 44
1636 525
1637 65
1638 721
1639 579
1640 570
1641 1628
1642 790
1643 298
1644 833
1645 1441
1646 236
1647 1319
1648 1258
1649 242
1650 1548
1651 1678
1652 368
1653 685
1654 509
1655 501
1656 1144
1657 516
1658 512
1659 707
1660 448
1661 1024
1662 1598
1663 831
1664 963
1665 1459
1666 1452
1667 1100
1668 878
1669 1340
1670 1010
1671 639
1672 1620
1673 944
1674 1616
1675 522
1676 1141
1677 773
1678 957
1679 1165
1680 725
1681 161
1682 1226
1683 1048
1684 1196
1685 906
1686 779
1687 854
1688 120
1689 375
1690 783
1691 1489
1692 1235
1693 503
0 110
1 138
2 57
3 570
4 1370
5 14
6 693
7 1215
8 230
9 576
10 1342
11 859
12 582
13 1464
14 1579
15 1572
16 1163
17 771
18 1166
19 985
20 120
21 726
22 1266
23 48
24 553
25 1585
26 43
27 1551
28 771
29 1052
30 284
31 1071
32 1600
33 846
34 169
35 1030
36 1649
37 1040
38 163
39 1536
40 174
41 1392
42 598
43 1582
44 1079
45 406
46 713
47 1143
48 662
49 1387
50 409
51 731
52 587
53 1416
54 890
55 1202
56 77
57 23
58 428
59 1435
60 772
61 1673
62 460
63 1554
64 1090
65 1409
66 1124
67 607
68 1264
69 665
70 1004
71 1354
72 946
73 976
74 917
75 206
76 1409
77 1034
78 978
79 1377
80 814
81 1052
82 1047
83 168
84 1347
85 1656
86 102
87 345
88 1287
89 1559
90 329
91 563
92 1567
93 763
94 511
95 1236
96 527
97 1329
98 9
99 1268
100 438
101 1370
102 204
103 1120
104 113
105 925
106 28
107 599
108 571
109 831
110 720
111 1241
112 1135
113 1517
114 1500
115 1436
116 603
117 9
118 746
119 688
120 425
121 1693
122 836
123 626
124 1439
125 1159
126 241
127 289
128 664
129 597
130 341
131 1423
132 1561
133 769
134 990
135 421
136 818
137 710
138 532
139 360
140 946
141 67
142 290
143 1266
144 1425
145 733
146 1109
147 256
148 152
149 817
150 872
151 300
152 1099
153 1525
154 60
155 745
156 1555
157 692
158 818
159 1171
160 903
161 1007
162 222
163 444
164 784
165 663
166 1681
167 597
168 1463
169 105
170 978
171 897
172 1416
173 233
174 1121
175 1370
176 769
177 1076
178 1481
179 580
180 955
181 1133
182 150
183 391
184 833
185 368
186 607
187 1665
188 91
189 1316
190 525
191 906
192 380
193 1493
194 807
195 59
196 1542
197 72
198 987
199 947
200 1435
201 1065
202 1097
203 911
204 1620
205 956
206 30
207 1530
208 5
209 1296
210 1308
211 1488
212 840
213 787
214 1496
215 372
216 362
217 112
218 1443
219 1400
220 1130
221 271
222 259
223 1579
224 940
225 1560
226 471
227 160
228 350
229 1348
230 786
231 548
232 196
233 501
234 857
235 1363
236 1088
237 301
238 150
239 1131
240 49
241 77
242 883
243 1264
244 800
245 1456
246 533
247 77
248 241
249 193
250 1194
251 478
252 787
253 578
254 1021
255 738
256 672
257 1508
258 561
259 1049
260 963
261 753
262 1618
263 623
264 1491
265 695
266 1686
267 1433
268 1059
269 1224
270 1348
271 648
272 353
273 98
274 208
275 1388
276 1593
277 1321
278 780
279 1085
280 872
281 153
282 959
283 1292
284 592
285 1205
286 690
287 1231
288 1680
289 53
290 306
291 544
292 710
293 1502
294 614
295 171
296 683
297 1469
298 1624
299 447
300 1219
301 1040
302 312
303 616
304 1583
305 1508
306 1324
307 985
308 224
309 1282
310 1327
311 1195
312 80
313 1379
314 1513
315 1394
316 562
317 754
318 26
319 1503
320 1337
321 127
322 1606
323 904
324 441
325 1272
326 936
327 362
328 1173
329 1446
330 5
331 721
332 550
333 512
334 198
335 1251
336 234
337 1053
338 800
339 1261
340 246
341 1665
342 316
343 859
344 1263
345 1668
346 1580
347 1246
348 1428
349 1150
350 743
351 181
352 1415
353 59
354 477
355 950
356 78
357 479
358 365
359 334
360 1200
361 888
362 1294
363 198
364 615
365 134
366 42
367 1461
368 376
369 1176
370 728
371 692
372 1161
373 1011
374 107
375 854
376 798
377 807
378 1561
379 518
380 1197
381 65
382 1182
383 447
384 909
385 1052
386 1255
387 1413
388 1308
389 1250
390 317
391 1599
392 558
393 1626
394 1256
395 822
396 393
397 918
398 1410
399 700
400 281
401 1012
402 81
403 120
404 143
405 189
406 1193
407 674
408 1237
409 1328
410 1160
411 524
412 515
413 1661
414 970
415 1148
416 1684
417 516
418 1351
419 516
420 528
421 1256
422 910
423 902
424 1202
425 1234
426 380
427 1159
428 1393
429 1106
430 22
431 504
432 159
433 1018
434 840
435 1376
436 1610
437 113
438 1278
439 913
440 269
441 380
442 509
443 276
444 1290
445 189
446 1598
447 145
448 1047
449 1527
450 714
451 1040
452 649
453 600
454 96
455 208
456 1669
457 930
458 1354
459 333
460 757
461 1616
462 1027
463 366
464 475
465 1037
466 1482
467 575
468 1072
469 1160
470 602
471 919
472 500
473 1574
474 1614
475 154
476 86
477 623
478 336
479 251
480 981
481 535
482 429
483 107
484 271
485 525
486 662
487 37
488 1642
489 1398
490 336
491 886
492 1611
493 792
494 999
495 742
496 1285
497 1667
498 1555
499 1475
500 721
501 1594
502 1492
503 1328
504 1282
505 787
506 794
507 236
508 1428
509 1460
510 1322
511 1195
512 674
513 387
514 1102
515 611
516 1135
517 1301
518 1522
519 453
520 1585
521 34
522 1075
523 752
524 1261
525 275
526 514
527 303
528 496
529 885
530 166
531 260
532 729
533 230
534 1395
535 171
536 1302
537 1283
538 902
539 887
540 143
541 475
542 1460
543 199
544 75
545 1567
546 550
547 272
548 540
549 746
550 651
551 177
552 95
553 1412
554 836
555 1103
556 1066
557 1174
558 1688
559 1613
560 1187
561 1488
562 1007
563 705
564 1681
565 1149
566 683
567 1461
568 843
569 791
570 1439
571 502
572 1441
573 724
574 1478
575 993
576 1221
577 970
578 707
579 1240
580 229
581 1684
582 358
583 104
584 1133
585 993
586 568
587 1235
588 817
589 890
590 1549
591 1572
592 1203
593 1122
594 447
595 364
596 60
597 1634
598 1452
599 767
600 674
601 1331
602 325
603 639
604 1342
605 68
606 1645
607 1600
608 600
609 1337
610 267
611 1070
612 518
613 714
614 518
615 661
616 1055
617 1220
618 215
619 1194
620 1643
621 630
622 1679
623 1097
624 1471
625 805
626 303
627 999
628 1014
629 715
630 1311
631 1191
632 217
633 949
634 1339
635 1277
636 1547
637 417
638 1108
639 531
640 1656
641 1516
642 73
643 1161
644 1135
645 989
646 897
647 248
648 313
649 376
650 11
651 116
652 300
653 1370
654 372
655 309
656 294
657 1061
658 1391
659 1635
660 1399
661 309
662 186
663 1496
664 669
665 503
666 1063
667 838
668 570
669 1604
670 1473
671 1318
672 1428
673 915
674 1405
675 1283
676 135
677 1417
678 439
679 959
680 276
681 1585
682 606
683 937
684 1364
685 444
686 647
687 1007
688 705
689 35
690 531
691 1268
692 670
693 1556
694 315
695 602
696 368
697 20
698 922
699 169
700 1339
701 796
702 1400
703 740
704 507
705 97
706 41
707 707
708 651
709 1478
710 421
711 1302
712 997
713 1221
714 1011
715 169
716 1377
717 383
718 1535
719 1471
720 1255
721 656
722 1052
723 77
724 1577
725 1483
726 768
727 1643
728 1186
729 894
730 101
731 828
732 1099
733 1306
734 326
735 1318
736 1194
737 954
738 1581
739 927
740 1042
741 239
742 488
743 7
744 951
745 1077
746 695
747 56
748 4
749 1542
750 44
751 555
752 1600
753 243
754 187
755 238
756 971
757 297
758 91
759 1338
760 211
761 192
762 456
763 421
764 207
765 369
766 66
767 1349
768 95
769 418
770 224
771 1595
772 1194
773 725
774 1262
775 486
776 992
777 1277
778 1232
779 1227
780 343
781 568
782 1485
783 358
784 889
785 40
786 1529
787 640
788 628
789 617
790 1679
791 1115
792 1076
793 1086
794 863
795 105
796 894
797 401
798 872
799 1141
800 555
801 1654
802 1008
803 1329
804 956
805 923
806 826
807 160
808 149
809 1531
810 747
811 618
812 1026
813 576
814 407
815 180
816 55
817 92
818 160
819 519
820 689
821 1392
822 700
823 1657
824 1496
825 1273
826 881
827 441
828 736
829 1600
830 451
831 1581
832 120
833 1293
834 168
835 171
836 764
837 1397
838 1303
839 1494
840 1195
841 1532
842 157
843 1193
844 1276
845 635
846 1126
847 1116
848 1213
849 864
850 1599
851 38
852 937
853 484
854 632
855 671
856 1619
857 1217
858 1321
859 451
860 5
861 72
862 784
863 671
864 999
865 58
866 1032
867 101
868 1273
869 1246
870 1121
871 1154
872 990
873 660
874 638
875 1125
876 1386
877 1044
878 569
879 656
880 1617
881 1325
882 1440
883 1004
884 1501
885 1169
886 1128
887 309
888 244
889 1251
890 1380
891 320
892 1286
893 571
894 1602
895 348
896 899
897 404
898 644
899 373
900 1593
901 1150
902 26
903 1544
904 12
905 297
906 160
907 1025
908 64
909 1000
910 1073
911 438
912 339
913 212
914 963
915 1309
916 1262
917 1385
918 679
919 1675
920 376
921 52
922 1414
923 128
924 788
925 1519
926 1033
927 1681
928 642
929 838
930 108
931 33
932 887
933 19
934 1427
935 1337
936 1200
937 1132
938 791
939 744
940 1533
941 1434
942 637
943 1389
944 306
945 387
946 795
947 837
948 1
949 476
950 1504
951 1042
952 1495
953 84
954 1515
955 590
956 576
957 456
958 1278
959 676
960 66
961 722
962 171
963 987
964 890
965 890
966 887
967 658
968 590
969 223
970 440
971 135
972 849
973 165
974 475
975 412
976 814
977 889
978 1685
979 834
980 974
981 357
982 1500
983 1433
984 1610
985 1501
986 1216
987 878
988 1490
989 1199
990 1297
991 777
992 667
993 681
994 404
995 754
996 173
997 1025
998 1616
999 980
1000 210
1001 285
1002 1072
1003 1108
1004 946
1005 705
1006 1130
1007 1430
1008 1506
1009 995
1010 977
1011 609
1012 185
1013 1136
1014 412
1015 16
1016 1220
1017 613
1018 1582
1019 1205
1020 639
1021 568
1022 332
1023 809
1024 628
1025 312
1026 308
1027 496
1028 121
1029 1096
1030 1065
1031 276
1032 524
1033 511
1034 1540
1035 687
1036 170
1037 1011
1038 905
1039 1540
1040 208
1041 718
1042 932
1043 573
1044 532
1045 745
1046 1288
1047 1503
1048 44
1049 718
1050 1007
1051 551
1052 86
1053 1489
1054 648
1055 584
1056 1455
1057 1125
1058 272
1059 812
1060 721
1061 1456
1062 569
1063 540
1064 487
1065 1186
1066 1179
1067 256
1068 1568
1069 1321
1070 729
1071 1383
1072 778
1073 1332
1074 886
1075 965
1076 43
1077 1363
1078 1361
1079 592
1080 755
1081 657
1082 1067
1083 531
1084 607
1085 118
1086 294
1087 1185
1088 1115
1089 911
1090 1001
1091 1127
1092 1011
1093 1456
1094 1115
1095 1109
1096 1083
1097 645
1098 745
1099 1174
1100 1224
1101 811
1102 638
1103 1393
1104 1294
1105 819
1106 123
1107 265
1108 696
1109 1557
1110 688
1111 1640
1112 590
1113 285
1114 35
1115 1107
1116 1452
1117 724
1118 900
1119 1525
1120 1374
1121 642
1122 1499
1123 957
1124 444
1125 1634
1126 1357
1127 198
1128 1160
1129 1682
1130 1342
1131 857
1132 129
1133 1288
1134 952
1135 844
1136 180
1137 638
1138 531
1139 546
1140 1057
1141 171
1142 1139
1143 938
1144 1598
1145 305
1146 51
1147 219
1148 979
1149 1329
1150 1505
1151 350
1152 266
1153 1468
1154 641
1155 624
1156 363
1157 602
1158 983
1159 810
1160 1249
1161 1298
1162 502
1163 1212
1164 1539
1165 1463
1166 956
1167 130
1168 1110
1169 971
1170 295
1171 195
1172 1644
1173 240
1174 726
1175 265
1176 182
1177 1507
1178 437
1179 680
1180 645
1181 586
1182 668
1183 785
1184 1331
1185 237
1186 1176
1187 388
1188 104
1189 1315
1190 420
1191 623
1192 1103
1193 291
1194 326
1195 1438
1196 534
1197 288
1198 886
1199 1198
1200 930
1201 65
1202 922
1203 11
1204 1436
1205 1051
1206 1080
1207 1280
1208 889
1209 1491
1210 1693
1211 563
1212 495
1213 479
1214 445
1215 430
1216 925
1217 1606
1218 420
1219 985
1220 1408
1221 787
1222 1191
1223 233
1224 1412
1225 569
1226 1386
1227 1429
1228 1057
1229 1589
1230 900
1231 590
1232 1572
1233 578
1234 413
1235 24
1236 19
1237 495
1238 1056
1239 653
1240 1646
1241 1438
1242 1616
1243 412
1244 1467
1245 1617
1246 1175
1247 1007
1248 50
1249 896
1250 1630
1251 977
1252 78
1253 463
1254 1029
1255 916
1256 83
1257 1447
1258 593
1259 1027
1260 766
1261 1305
1262 746
1263 1144
1264 546
1265 143
1266 281
1267 1365
1268 1616
1269 134
1270 893
1271 223
1272 462
1273 128
1274 102
1275 782
1276 307
1277 1658
1278 46
1279 594
1280 1391
1281 25
1282 1379
1283 531
1284 1434
1285 329
1286 1263
1287 600
1288 1677
1289 1370
1290 614
1291 228
1292 105
1293 1251
1294 872
1295 1040
1296 1243
1297 1671
1298 474
1299 1531
1300 1023
1301 116
1302 354
1303 449
1304 478
1305 709
1306 1079
1307 409
1308 1415
1309 1005
1310 1116
1311 1483
1312 354
1313 649
1314 590
1315 1692
1316 670
1317 416
1318 663
1319 1614
1320 1587
1321 1507
1322 1239
1323 167
1324 1188
1325 1555
1326 177
1327 1481
1328 817
1329 1150
1330 116
1331 1526
1332 1677
1333 111
1334 1608
1335 743
1336 498
1337 1148
1338 1419
1339 930
1340 950
1341 1057
1342 1384
1343 511
1344 515
1345 1486
1346 182
1347 225
1348 304
1349 1371
1350 1002
1351 807
1352 588
1353 843
1354 1178
1355 1343
1356 520
1357 938
1358 210
1359 1104
1360 1058
1361 192
1362 1595
1363 1081
1364 178
1365 874
1366 575
1367 62
1368 1390
1369 834
1370 953
1371 659
1372 354
1373 365
1374 39
1375 1533
1376 1417
1377 1529
1378 21
1379 709
1380 1221
1381 1198
1382 759
1383 1041
1384 1129
1385 1160
1386 1092
1387 245
1388 253
1389 1165
1390 1408
1391 800
1392 1039
1393 94
1394 1343
1395 1484
1396 1018
1397 1418
1398 1393
1399 720
1400 863
1401 343
1402 461
1403 151
1404 494
1405 896
1406 505
1407 11
1408 619
1409 308
1410 1452
1411 1111
1412 532
1413 1099
1414 41
1415 1325
1416 187
1417 773
1418 1225
1419 921
1420 1190
1421 1189
1422 1094
1423 574
1424 132
1425 550
1426 442
1427 1198
1428 1315
1429 1567
1430 389
1431 951
1432 1006
1433 1046
1434 1650
1435 1311
1436 1109
1437 1235
1438 145
1439 132
1440 1372
1441 722
1442 1313
1443 1281
1444 668
1445 1670
1446 437
1447 532
1448 351
1449 217
1450 930
1451 1074
1452 403
1453 475
1454 1250
1455 911
1456 292
1457 809
1458 220
1459 262
1460 1244
1461 1562
1462 720
1463 199
1464 1649
1465 1643
1466 1160
1467 938
1468 68
1469 1609
1470 956
1471 1327
1472 54
1473 1197
1474 267
1475 199
1476 1302
1477 1508
1478 130
1479 1207
1480 1133
1481 350
1482 710
1483 841
1484 1140
1485 501
1486 718
1487 122
1488 956
1489 424
1490 958
1491 576
1492 255
1493 495
1494 717
1495 540
1496 68
1497 314
1498 19
1499 1433
1500 224
1501 1020
1502 1432
1503 1258
1504 1230
1505 1382
1506 1003
1507 7
1508 821
1509 1319
1510 1211
1511 899
1512 1676
1513 1634
1514 1199
1515 295
1516 250
1517 1362
1518 682
1519 1273
1520 1309
1521 198
1522 467
1523 1008
1524 285
1525 1311
1526 90
1527 384
1528 991
1529 1330
1530 472
1531 1414
1532 551
1533 1668
1534 61
1535 442
1536 205
1537 1461
1538 461
1539 464
1540 1470
1541 918
1542 1415
1543 1394
1544 1261
1545 279
1546 1223
1547 362
1548 1660
1549 244
1550 512
1551 74
1552 211
1553 241
1554 1661
1555 1634
1556 1359
1557 1524
1558 1525
1559 900
1560 1645
1561 1575
1562 1375
1563 1247
1564 1643
1565 1249
1566 478
1567 363
1568 1530
1569 42
1570 1117
1571 1614
1572 974
1573 571
1574 484
1575 1048
1576 579
1577 564
1578 1608
1579 995
1580 49
1581 1338
1582 1204
1583 1537
1584 1448
1585 351
1586 802
1587 1433
1588 859
1589 354
1590 811
1591 554
1592 632
1593 925
1594 915
1595 43
1596 443
1597 417
1598 1608
1599 125
1600 1499
1601 908
1602 53
1603 162
1604 688
1605 361
1606 1277
1607 152
1608 1093
1609 379
1610 231
1611 1340
1612 1514
1613 955
1614 577
1615 188
1616 155
1617 1560
1618 1419
1619 331
1620 1514
1621 226
1622 724
1623 372
1624 1594
1625 1050
1626 1456
1627 327
1628 1623
1629 1448
1630 900
1631 496
1632 629
1633 124
1634 1057
1635 44
1636 525
1637 65
1638 135
1639 1490
1640 780
1641 1628
1642 721
1643 1152
1644 733
1645 484
1646 236
1647 639
1648 1258
1649 1027
1650 1548
1651 406
1652 368
1653 418
1654 299
1655 501
1656 1371
1657 963
1658 290
1659 1587
1660 153
1661 1024
1662 105
1663 61
1664 1637
1665 633
1666 1452
1667 1100
1668 1663
1669 1340
1670 1010
1671 639
1672 1620
1673 1417
1674 1616
1675 730
1676 974
1677 709
1678 1644
1679 1072
1680 725
1681 928
1682 1101
1683 520
1684 1316
1685 906
1686 779
1687 122
1688 120
1689 931
1690 283
1691 1489
1692 242
1693 503
