0 461
1 853
2 23
3 1514
4 638
5 446
6 532
7 1203
8 26
9 767
10 949
11 437
12 517
13 493
14 1187
15 345
16 276
17 965
18 586
19 403
20 1683
21 1605
22 571
23 1330
24 172
25 632
26 740
27 621
28 105
29 1203
30 229
31 1097
32 1235
33 1606
34 330
35 91
36 1604
37 513
38 1599
39 932
40 1383
41 388
42 1146
43 1356
44 194
45 156
46 155
47 1289
48 56
49 1
50 1219
51 1039
52 708
53 1596
54 203
55 214
56 433
57 1618
58 472
59 1345
60 1125
61 951
62 1380
63 524
64 111
65 64
66 443
67 1370
68 816
69 1009
70 245
71 1341
72 1130
73 1117
74 924
75 1188
76 1174
77 1386
78 190
79 92
80 959
81 120
82 1047
83 914
84 727
85 317
86 1128
87 1560
88 408
89 1497
90 796
91 1465
92 1499
93 286
94 1643
95 1483
96 1520
97 1212
98 1027
99 739
100 394
101 1201
102 1409
103 1327
104 979
105 744
106 1109
107 9
108 1563
109 1472
110 212
111 141
112 580
113 1193
114 273
115 591
116 1310
117 791
118 1554
119 1261
120 953
121 1013
122 1035
123 1217
124 1532
125 620
126 598
127 1516
128 1366
129 857
130 921
131 1368
132 339
133 1411
134 397
135 1388
136 967
137 1456
138 685
139 1016
140 481
141 941
142 309
143 617
144 966
145 1101
146 1661
147 473
148 1655
149 1373
150 672
151 284
152 178
153 1093
154 1368
155 1642
156 872
157 279
158 909
159 1450
160 1652
161 754
162 555
163 876
164 445
165 1601
166 401
167 1635
168 1347
169 1169
170 1158
171 83
172 317
173 68
174 1622
175 1040
176 634
177 797
178 788
179 1681
180 338
181 789
182 859
183 193
184 681
185 1203
186 1512
187 947
188 1378
189 817
190 1344
191 1556
192 1364
193 152
194 894
195 457
196 1568
197 1391
198 781
199 726
200 181
201 1622
202 928
203 1239
204 493
205 1584
206 1189
207 1305
208 204
209 1481
210 1671
211 249
212 519
213 775
214 499
215 1631
216 90
217 129
218 604
219 154
220 1460
221 688
222 1014
223 700
224 17
225 1105
226 168
227 572
228 563
229 858
230 4
231 384
232 872
233 352
234 445
235 601
236 1111
237 572
238 395
239 1661
240 1606
241 1249
242 374
243 1674
244 74
245 439
246 1622
247 552
248 672
249 1528
250 407
251 887
252 989
253 155
254 1430
255 355
256 50
257 143
258 841
259 88
260 768
261 1633
262 153
263 966
264 1206
265 119
266 86
267 1665
268 28
269 1419
270 519
271 518
272 262
273 1542
274 254
275 1014
276 34
277 550
278 923
279 509
280 545
281 815
282 1170
283 51
284 1196
285 374
286 1169
287 833
288 312
289 524
290 273
291 1243
292 407
293 297
294 287
295 248
296 1492
297 1631
298 494
299 294
300 806
301 1298
302 130
303 748
304 98
305 209
306 970
307 813
308 651
309 202
310 1230
311 1243
312 689
313 1032
314 1046
315 1551
316 360
317 1301
318 510
319 52
320 326
321 339
322 249
323 383
324 694
325 616
326 401
327 402
328 965
329 1126
330 1400
331 1429
332 1551
333 5
334 1506
335 755
336 1291
337 366
338 1326
339 544
340 309
341 1483
342 816
343 1190
344 1204
345 1666
346 1206
347 1419
348 715
349 280
350 1381
351 169
352 1370
353 1241
354 1522
355 1173
356 104
357 1206
358 1097
359 1423
360 1602
361 474
362 626
363 1478
364 1373
365 366
366 1650
367 1382
368 1305
369 471
370 1076
371 300
372 185
373 1693
374 1309
375 921
376 1300
377 1540
378 1024
379 1092
380 1146
381 1647
382 430
383 1159
384 1679
385 1529
386 525
387 1111
388 1078
389 1059
390 826
391 488
392 628
393 1102
394 476
395 474
396 1155
397 1337
398 1140
399 536
400 298
401 1443
402 1109
403 1369
404 915
405 1021
406 404
407 109
408 647
409 890
410 668
411 1037
412 1558
413 771
414 779
415 32
416 93
417 299
418 1429
419 1644
420 1618
421 1490
422 563
423 1030
424 254
425 856
426 394
427 472
428 1595
429 1216
430 663
431 733
432 965
433 488
434 752
435 378
436 532
437 1307
438 122
439 932
440 885
441 1133
442 1129
443 747
444 800
445 1239
446 237
447 1459
448 1189
449 1564
450 970
451 764
452 446
453 1210
454 1634
455 1161
456 498
457 166
458 1394
459 1001
460 225
461 652
462 1189
463 932
464 1651
465 216
466 29
467 12
468 404
469 474
470 1257
471 1234
472 734
473 1052
474 857
475 1570
476 1563
477 1463
478 417
479 944
480 776
481 1239
482 685
483 1385
484 1340
485 100
486 27
487 991
488 287
489 1592
490 1432
491 506
492 439
493 218
494 49
495 217
496 1261
497 600
498 456
499 104
500 799
501 1246
502 1353
503 1420
504 74
505 1692
506 539
507 74
508 377
509 431
510 437
511 123
512 961
513 1555
514 69
515 148
516 1507
517 169
518 290
519 1203
520 1431
521 610
522 835
523 1029
524 1640
525 1551
526 927
527 748
528 804
529 1327
530 588
531 794
532 866
533 319
534 236
535 63
536 1040
537 1059
538 578
539 1301
540 365
541 459
542 68
543 968
544 334
545 458
546 1045
547 678
548 730
549 1161
550 1301
551 621
552 267
553 38
554 393
555 282
556 432
557 1002
558 374
559 0
560 1370
561 814
562 1119
563 1137
564 973
565 833
566 209
567 927
568 600
569 1504
570 850
571 1356
572 1183
573 1597
574 1329
575 1058
576 415
577 1201
578 345
579 220
580 924
581 1627
582 275
583 12
584 697
585 706
586 1190
587 722
588 192
589 1339
590 890
591 543
592 525
593 1590
594 1124
595 421
596 231
597 557
598 229
599 442
600 960
601 903
602 1506
603 732
604 733
605 65
606 1549
607 610
608 1249
609 1055
610 974
611 544
612 1280
613 651
614 469
615 1279
616 43
617 586
618 185
619 777
620 1595
621 1497
622 655
623 82
624 792
625 1641
626 609
627 607
628 1535
629 987
630 26
631 1566
632 1339
633 492
634 1520
635 450
636 590
637 1152
638 361
639 551
640 867
641 1449
642 650
643 53
644 108
645 1094
646 1621
647 1079
648 811
649 1305
650 1236
651 1487
652 1628
653 1305
654 268
655 785
656 684
657 1513
658 243
659 1400
660 159
661 979
662 1213
663 525
664 313
665 517
666 1232
667 1439
668 29
669 734
670 1319
671 113
672 1445
673 313
674 573
675 1441
676 517
677 294
678 277
679 598
680 971
681 360
682 1582
683 1090
684 124
685 1396
686 506
687 1016
688 1197
689 12
690 1039
691 1410
692 304
693 769
694 501
695 625
696 77
697 1148
698 764
699 65
700 327
701 1165
702 655
703 501
704 1235
705 1215
706 1658
707 41
708 1092
709 1529
710 1256
711 117
712 519
713 1358
714 1093
715 853
716 816
717 593
718 475
719 761
720 546
721 818
722 1305
723 1039
724 337
725 1449
726 1625
727 178
728 913
729 519
730 1577
731 1513
732 1663
733 1668
734 596
735 226
736 1067
737 1487
738 529
739 637
740 1617
741 1179
742 286
743 374
744 1349
745 1576
746 1481
747 615
748 721
749 21
750 1098
751 1196
752 1373
753 1226
754 1622
755 637
756 677
757 889
758 407
759 74
760 635
761 237
762 157
763 100
764 465
765 1393
766 684
767 776
768 87
769 1390
770 164
771 1625
772 371
773 293
774 1336
775 736
776 1272
777 1374
778 1384
779 1095
780 1290
781 155
782 441
783 168
784 967
785 1018
786 1602
787 498
788 343
789 401
790 88
791 1174
792 1059
793 830
794 199
795 845
796 374
797 628
798 1353
799 204
800 1283
801 654
802 1361
803 1658
804 998
805 565
806 580
807 346
808 1237
809 1341
810 22
811 1275
812 1629
813 1570
814 671
815 1667
816 20
817 444
818 321
819 855
820 310
821 672
822 465
823 1593
824 569
825 495
826 357
827 425
828 947
829 297
830 745
831 948
832 1679
833 380
834 393
835 843
836 326
837 367
838 1561
839 707
840 1108
841 1374
842 459
843 4
844 693
845 1288
846 90
847 1051
848 634
849 1019
850 1049
851 718
852 1009
853 695
854 1282
855 366
856 1442
857 1078
858 1425
859 325
860 1348
861 442
862 306
863 984
864 1197
865 984
866 49
867 1212
868 1184
869 1124
870 1027
871 371
872 791
873 311
874 328
875 115
876 865
877 888
878 919
879 822
880 565
881 555
882 1108
883 1320
884 510
885 286
886 734
887 765
888 328
889 1290
890 1341
891 1347
892 293
893 1280
894 1564
895 1516
896 310
897 1081
898 983
899 1365
900 939
901 1422
902 1427
903 1692
904 1047
905 1062
906 487
907 604
908 1568
909 718
910 1578
911 661
912 457
913 1270
914 971
915 1413
916 479
917 1065
918 341
919 752
920 488
921 1218
922 899
923 1180
924 135
925 458
926 768
927 1244
928 892
929 327
930 869
931 135
932 1323
933 674
934 1142
935 561
936 155
937 1428
938 1468
939 1444
940 94
941 791
942 1472
943 1301
944 1630
945 1600
946 617
947 535
948 460
949 932
950 959
951 823
952 618
953 107
954 988
955 636
956 523
957 1393
958 1314
959 591
960 869
961 718
962 591
963 1432
964 441
965 1172
966 553
967 684
968 246
969 1242
970 1372
971 47
972 857
973 445
974 981
975 668
976 1614
977 855
978 606
979 1552
980 1246
981 210
982 671
983 1372
984 1368
985 169
986 1650
987 1153
988 158
989 334
990 1180
991 237
992 1624
993 1319
994 1642
995 783
996 700
997 1674
998 613
999 522
1000 418
1001 840
1002 308
1003 1025
1004 1152
1005 187
1006 1648
1007 576
1008 1520
1009 581
1010 1237
1011 1542
1012 1357
1013 925
1014 193
1015 1097
1016 174
1017 204
1018 1575
1019 579
1020 96
1021 1374
1022 1143
1023 777
1024 1070
1025 349
1026 1454
1027 1286
1028 184
1029 648
1030 322
1031 386
1032 703
1033 571
1034 408
1035 1668
1036 1234
1037 1646
1038 1571
1039 1083
1040 1054
1041 1149
1042 689
1043 395
1044 1593
1045 705
1046 1209
1047 858
1048 115
1049 567
1050 792
1051 396
1052 1437
1053 1558
1054 65
1055 1683
1056 1418
1057 316
1058 1413
1059 1310
1060 891
1061 699
1062 1386
1063 915
1064 1502
1065 1177
1066 1664
1067 189
1068 128
1069 172
1070 542
1071 854
1072 623
1073 1652
1074 1010
1075 1541
1076 1208
1077 1156
1078 370
1079 523
1080 1419
1081 787
1082 1310
1083 928
1084 1597
1085 1374
1086 1485
1087 809
1088 1352
1089 1120
1090 395
1091 382
1092 1242
1093 513
1094 1541
1095 1382
1096 447
1097 1532
1098 1576
1099 670
1100 1076
1101 1607
1102 107
1103 4
1104 839
1105 785
1106 241
1107 905
1108 992
1109 1453
1110 718
1111 1225
1112 263
1113 1259
1114 1271
1115 67
1116 1165
1117 535
1118 836
1119 916
1120 1328
1121 1397
1122 1388
1123 136
1124 331
1125 1530
1126 977
1127 742
1128 691
1129 1444
1130 1287
1131 1443
1132 312
1133 1193
1134 756
1135 740
1136 1521
1137 436
1138 104
1139 1559
1140 20
1141 207
1142 1001
1143 404
1144 861
1145 825
1146 860
1147 667
1148 1243
1149 1520
1150 633
1151 1378
1152 1305
1153 1350
1154 474
1155 506
1156 1227
1157 468
1158 1142
1159 1319
1160 90
1161 1109
1162 1633
1163 587
1164 784
1165 1015
1166 715
1167 1551
1168 934
1169 1112
1170 402
1171 1553
1172 1440
1173 474
1174 422
1175 874
1176 1178
1177 929
1178 1141
1179 83
1180 1495
1181 967
1182 1634
1183 659
1184 350
1185 295
1186 1414
1187 1025
1188 741
1189 896
1190 494
1191 1421
1192 1556
1193 789
1194 1060
1195 1173
1196 1645
1197 1157
1198 625
1199 1476
1200 1557
1201 1489
1202 943
1203 1593
1204 94
1205 963
1206 1168
1207 1341
1208 225
1209 1318
1210 1215
1211 141
1212 786
1213 589
1214 930
1215 614
1216 142
1217 792
1218 50
1219 1213
1220 216
1221 1208
1222 1047
1223 1407
1224 1589
1225 572
1226 1022
1227 1307
1228 500
1229 1409
1230 472
1231 88
1232 1357
1233 373
1234 466
1235 315
1236 813
1237 219
1238 1019
1239 1012
1240 1596
1241 1610
1242 10
1243 355
1244 89
1245 1018
1246 904
1247 853
1248 158
1249 1018
1250 1176
1251 610
1252 1387
1253 159
1254 258
1255 975
1256 318
1257 15
1258 942
1259 675
1260 1410
1261 589
1262 1506
1263 972
1264 1464
1265 57
1266 518
1267 463
1268 185
1269 1206
1270 1567
1271 15
1272 861
1273 1569
1274 282
1275 432
1276 1550
1277 691
1278 1485
1279 130
1280 1627
1281 1337
1282 739
1283 167
1284 328
1285 647
1286 1182
1287 704
1288 726
1289 1012
1290 94
1291 1583
1292 334
1293 1259
1294 209
1295 871
1296 1292
1297 74
1298 278
1299 806
1300 846
1301 405
1302 1090
1303 769
1304 1480
1305 386
1306 150
1307 1614
1308 796
1309 1199
1310 446
1311 762
1312 295
1313 489
1314 1177
1315 1361
1316 788
1317 861
1318 205
1319 309
1320 1136
1321 1078
1322 1
1323 1259
1324 1429
1325 479
1326 1320
1327 72
1328 1229
1329 1366
1330 644
1331 1466
1332 1681
1333 354
1334 798
1335 108
1336 154
1337 1445
1338 606
1339 685
1340 417
1341 450
1342 1532
1343 323
1344 48
1345 1244
1346 151
1347 607
1348 234
1349 130
1350 203
1351 700
1352 399
1353 489
1354 452
1355 1033
1356 1559
1357 1414
1358 1296
1359 1130
1360 998
1361 1308
1362 945
1363 1605
1364 1392
1365 173
1366 149
1367 80
1368 744
1369 360
1370 224
1371 725
1372 1307
1373 1122
1374 721
1375 1594
1376 1033
1377 325
1378 1215
1379 405
1380 1550
1381 507
1382 358
1383 97
1384 1514
1385 1352
1386 111
1387 131
1388 101
1389 1309
1390 1050
1391 1440
1392 1489
1393 289
1394 1230
1395 353
1396 591
1397 474
1398 317
1399 753
1400 1155
1401 571
1402 1084
1403 1416
1404 1013
1405 1522
1406 52
1407 209
1408 1600
1409 467
1410 1600
1411 1040
1412 1605
1413 983
1414 307
1415 813
1416 1689
1417 1226
1418 1030
1419 1260
1420 574
1421 870
1422 412
1423 1441
1424 97
1425 1623
1426 847
1427 690
1428 200
1429 132
1430 1050
1431 601
1432 397
1433 46
1434 1325
1435 1341
1436 162
1437 1168
1438 65
1439 1315
1440 383
1441 1503
1442 971
1443 631
1444 707
1445 125
1446 722
1447 56
1448 73
1449 1304
1450 574
1451 1413
1452 461
1453 1260
1454 858
1455 1325
1456 405
1457 1173
1458 1247
1459 649
1460 663
1461 1342
1462 1376
1463 1574
1464 1515
1465 408
1466 1324
1467 1015
1468 667
1469 97
1470 501
1471 866
1472 439
1473 1568
1474 235
1475 1148
1476 593
1477 629
1478 632
1479 729
1480 954
1481 608
1482 1235
1483 287
1484 1471
1485 1545
1486 316
1487 795
1488 1144
1489 1431
1490 446
1491 10
1492 457
1493 1522
1494 562
1495 258
1496 1062
1497 825
1498 223
1499 1592
1500 3
1501 1497
1502 1055
1503 1124
1504 1242
1505 567
1506 959
1507 1688
1508 504
1509 487
1510 102
1511 920
1512 857
1513 351
1514 1582
1515 1687
1516 1653
1517 531
1518 775
1519 412
1520 759
1521 1663
1522 1199
1523 958
1524 1089
1525 68
1526 260
1527 979
1528 975
1529 400
1530 1388
1531 1263
1532 1144
1533 1165
1534 910
1535 233
1536 720
1537 124
1538 782
1539 327
1540 618
1541 250
1542 553
1543 1421
1544 293
1545 160
1546 114
1547 933
1548 130
1549 639
1550 1340
1551 1294
1552 274
1553 1069
1554 270
1555 1264
1556 778
1557 1428
1558 983
1559 497
1560 947
1561 174
1562 818
1563 614
1564 354
1565 1139
1566 79
1567 1070
1568 1322
1569 214
1570 221
1571 608
1572 203
1573 757
1574 1648
1575 705
1576 162
1577 1133
1578 707
1579 76
1580 20
1581 492
1582 13
1583 1148
1584 1421
1585 166
1586 31
1587 1203
1588 563
1589 1609
1590 182
1591 256
1592 22
1593 697
1594 447
1595 1559
1596 1589
1597 66
1598 101
1599 1443
1600 216
1601 829
1602 904
1603 1399
1604 1499
1605 1469
1606 461
1607 151
1608 825
1609 1606
1610 672
1611 645
1612 483
1613 732
1614 1421
1615 695
1616 890
1617 730
1618 379
1619 293
1620 1103
1621 242
1622 257
1623 1504
1624 956
1625 1175
1626 692
1627 411
1628 1087
1629 437
1630 532
1631 1186
1632 994
1633 246
1634 813
1635 570
1636 1527
1637 1070
1638 551
1639 928
1640 1149
1641 1436
1642 444
1643 1314
1644 401
1645 1255
1646 1556
1647 605
1648 1578
1649 1243
1650 755
1651 279
1652 110
1653 22
1654 536
1655 208
1656 1540
1657 974
1658 1574
1659 881
1660 582
1661 33
1662 20
1663 189
1664 1127
1665 392
1666 1318
1667 93
1668 502
1669 610
1670 747
1671 1331
1672 279
1673 269
1674 1421
1675 1176
1676 1176
1677 817
1678 1252
1679 509
1680 395
1681 31
1682 970
1683 500
1684 1068
1685 653
1686 24
1687 925
1688 1168
1689 1028
1690 835
1691 1484
1692 497
1693 750
0 617
1 853
2 23
3 1514
4 899
5 937
6 532
7 1396
8 26
9 1541
10 949
11 933
12 1420
13 1106
14 524
15 338
16 42
17 246
18 1
19 151
20 1683
21 1394
22 1474
23 1330
24 878
25 259
26 159
27 621
28 1627
29 719
30 226
31 159
32 1235
33 1606
34 165
35 1605
36 1115
37 722
38 1599
39 932
40 1272
41 388
42 1146
43 150
44 1158
45 156
46 1289
47 525
48 1491
49 1406
50 1219
51 1283
52 95
53 1596
54 408
55 214
56 433
57 918
58 1679
59 903
60 831
61 718
62 1426
63 1035
64 1073
65 1349
66 593
67 1370
68 816
69 1009
70 245
71 1084
72 1130
73 639
74 1613
75 1188
76 1174
77 1386
78 190
79 486
80 677
81 120
82 1047
83 914
84 1103
85 651
86 1128
87 1146
88 408
89 1497
90 796
91 382
92 1499
93 512
94 1643
95 382
96 1352
97 1194
98 1027
99 739
100 153
101 662
102 1646
103 1327
104 401
105 744
106 1109
107 9
108 831
109 1232
110 791
111 859
112 580
113 1193
114 434
115 591
116 1511
117 418
118 1554
119 759
120 1039
121 1013
122 1035
123 1217
124 840
125 1387
126 861
127 1516
128 1387
129 857
130 921
131 621
132 675
133 1411
134 397
135 1197
136 967
137 1456
138 685
139 325
140 961
141 1687
142 842
143 617
144 966
145 770
146 1661
147 360
148 622
149 1373
150 479
151 284
152 178
153 84
154 1368
155 1642
156 1245
157 279
158 1476
159 918
160 1652
161 917
162 555
163 876
164 445
165 1497
166 1084
167 1091
168 1233
169 1642
170 33
171 83
172 419
173 860
174 745
175 448
176 634
177 797
178 1139
179 1681
180 1086
181 789
182 1507
183 1590
184 681
185 571
186 583
187 1428
188 332
189 1523
190 1344
191 1556
192 1435
193 193
194 233
195 471
196 1568
197 1391
198 781
199 726
200 1470
201 937
202 1652
203 1239
204 493
205 1584
206 1522
207 1403
208 204
209 229
210 1671
211 1374
212 519
213 1401
214 1317
215 843
216 626
217 1397
218 1545
219 154
220 1460
221 688
222 1082
223 700
224 1549
225 1105
226 734
227 572
228 835
229 858
230 4
231 384
232 1281
233 697
234 1602
235 601
236 760
237 572
238 395
239 1601
240 816
241 1110
242 374
243 1674
244 1131
245 439
246 1622
247 552
248 672
249 365
250 1044
251 887
252 1025
253 885
254 736
255 40
256 1427
257 143
258 1475
259 1112
260 768
261 1574
262 72
263 966
264 1206
265 119
266 1599
267 1250
268 28
269 1250
270 519
271 518
272 262
273 1542
274 1050
275 781
276 643
277 550
278 1442
279 1205
280 1570
281 273
282 294
283 957
284 1196
285 1686
286 856
287 833
288 312
289 524
290 273
291 1243
292 407
293 422
294 383
295 248
296 1476
297 1092
298 494
299 294
300 355
301 1270
302 389
303 748
304 576
305 209
306 537
307 813
308 651
309 1566
310 1230
311 1243
312 1175
313 480
314 1046
315 1109
316 360
317 1301
318 1137
319 386
320 1196
321 1091
322 1418
323 383
324 303
325 348
326 1415
327 1526
328 1158
329 785
330 187
331 1429
332 1551
333 5
334 1506
335 755
336 1291
337 1454
338 63
339 757
340 535
341 888
342 1174
343 1190
344 1204
345 1666
346 1206
347 1020
348 715
349 1095
350 816
351 630
352 87
353 189
354 246
355 1025
356 187
357 1206
358 1097
359 1423
360 1602
361 1508
362 626
363 1478
364 1210
365 111
366 1650
367 1382
368 1438
369 471
370 1076
371 1311
372 1308
373 1279
374 747
375 921
376 1647
377 1540
378 1024
379 1092
380 1146
381 1647
382 430
383 278
384 164
385 271
386 1607
387 42
388 796
389 1059
390 564
391 104
392 628
393 1102
394 282
395 474
396 560
397 1337
398 1147
399 536
400 298
401 1375
402 1109
403 657
404 1095
405 213
406 404
407 109
408 279
409 639
410 391
411 1037
412 1303
413 166
414 779
415 32
416 93
417 299
418 1429
419 1644
420 1618
421 9
422 563
423 1030
424 539
425 856
426 81
427 1090
428 375
429 1216
430 1547
431 1654
432 965
433 1115
434 945
435 379
436 421
437 1307
438 122
439 105
440 442
441 1133
442 1129
443 920
444 800
445 1239
446 1121
447 1459
448 476
449 909
450 970
451 1061
452 446
453 331
454 1162
455 1161
456 1136
457 1522
458 1394
459 100
460 225
461 1483
462 46
463 932
464 1651
465 604
466 29
467 1061
468 404
469 282
470 570
471 34
472 207
473 1052
474 1367
475 61
476 1563
477 1463
478 1426
479 944
480 776
481 858
482 177
483 664
484 1093
485 1535
486 27
487 246
488 287
489 1592
490 707
491 506
492 439
493 1051
494 715
495 1472
496 223
497 1175
498 561
499 1263
500 371
501 1246
502 929
503 1420
504 162
505 1692
506 539
507 74
508 377
509 730
510 437
511 63
512 233
513 1555
514 824
515 1229
516 1507
517 169
518 316
519 1203
520 1431
521 610
522 835
523 1276
524 1640
525 823
526 927
527 380
528 804
529 621
530 588
531 794
532 1162
533 319
534 308
535 1068
536 1203
537 472
538 578
539 1301
540 365
541 459
542 210
543 1263
544 334
545 1108
546 57
547 678
548 730
549 1161
550 982
551 621
552 267
553 1200
554 104
555 1669
556 838
557 1002
558 1368
559 0
560 1245
561 814
562 482
563 1584
564 973
565 833
566 1271
567 927
568 600
569 514
570 628
571 1356
572 1183
573 1118
574 1329
575 224
576 426
577 712
578 569
579 220
580 236
581 334
582 1271
583 1204
584 697
585 706
586 1190
587 667
588 192
589 1628
590 890
591 543
592 722
593 1590
594 1124
595 421
596 231
597 1074
598 64
599 442
600 1371
601 903
602 22
603 1402
604 733
605 1607
606 679
607 610
608 1249
609 1055
610 51
611 623
612 111
613 651
614 469
615 1556
616 419
617 48
618 219
619 777
620 1595
621 1655
622 374
623 944
624 792
625 1641
626 609
627 607
628 1535
629 1116
630 26
631 1566
632 1339
633 492
634 1552
635 1518
636 495
637 1152
638 352
639 811
640 1017
641 1449
642 972
643 53
644 948
645 1053
646 1621
647 1050
648 811
649 181
650 1566
651 34
652 1628
653 1305
654 9
655 785
656 443
657 1513
658 243
659 1400
660 188
661 267
662 1213
663 1205
664 313
665 1057
666 1232
667 562
668 29
669 734
670 356
671 1643
672 1445
673 1226
674 573
675 118
676 1146
677 1545
678 1098
679 598
680 170
681 516
682 1582
683 816
684 124
685 690
686 403
687 1016
688 1197
689 1240
690 159
691 1410
692 304
693 111
694 501
695 908
696 850
697 1148
698 764
699 1262
700 311
701 119
702 655
703 404
704 1235
705 1215
706 1533
707 41
708 341
709 953
710 1239
711 117
712 840
713 1358
714 1093
715 853
716 816
717 1058
718 475
719 761
720 1090
721 818
722 435
723 1039
724 227
725 1224
726 868
727 178
728 913
729 116
730 1577
731 1351
732 1663
733 1526
734 596
735 739
736 1085
737 1487
738 594
739 1255
740 1036
741 1179
742 286
743 1396
744 1612
745 1576
746 1481
747 1605
748 993
749 1609
750 1098
751 1301
752 1639
753 1226
754 1622
755 637
756 1042
757 889
758 299
759 458
760 177
761 237
762 157
763 705
764 465
765 1393
766 581
767 1508
768 513
769 994
770 187
771 1625
772 1329
773 293
774 1336
775 736
776 1212
777 201
778 371
779 830
780 461
781 550
782 441
783 1189
784 891
785 1018
786 1196
787 498
788 1616
789 671
790 274
791 1174
792 1059
793 29
794 199
795 660
796 1144
797 1101
798 673
799 1560
800 21
801 654
802 1018
803 1258
804 998
805 106
806 1318
807 346
808 535
809 696
810 625
811 1626
812 1183
813 1570
814 1497
815 1693
816 20
817 957
818 1266
819 855
820 310
821 601
822 1693
823 1593
824 569
825 495
826 801
827 425
828 947
829 698
830 869
831 948
832 1679
833 130
834 542
835 1206
836 1309
837 245
838 1561
839 707
840 1014
841 1374
842 234
843 217
844 345
845 792
846 1406
847 1051
848 1662
849 852
850 1606
851 1398
852 1009
853 695
854 1282
855 366
856 456
857 563
858 1425
859 325
860 145
861 1076
862 306
863 1328
864 1197
865 1556
866 670
867 1212
868 1184
869 1477
870 376
871 395
872 791
873 311
874 328
875 317
876 653
877 1072
878 919
879 107
880 565
881 1163
882 1478
883 1320
884 510
885 286
886 1163
887 1334
888 13
889 398
890 959
891 1347
892 293
893 1057
894 1564
895 1491
896 310
897 86
898 983
899 1365
900 939
901 1519
902 1427
903 819
904 357
905 1062
906 487
907 1353
908 1568
909 1467
910 1578
911 153
912 343
913 1546
914 1555
915 1413
916 1491
917 778
918 341
919 608
920 873
921 557
922 899
923 1412
924 1406
925 458
926 679
927 1244
928 1112
929 515
930 869
931 135
932 590
933 952
934 1142
935 561
936 26
937 1428
938 1468
939 1422
940 869
941 1590
942 646
943 1301
944 34
945 1384
946 617
947 1098
948 460
949 932
950 959
951 669
952 723
953 107
954 907
955 478
956 523
957 1393
958 976
959 1331
960 468
961 718
962 1173
963 1432
964 1160
965 1172
966 553
967 1419
968 246
969 1242
970 1372
971 47
972 857
973 445
974 981
975 560
976 1614
977 1566
978 267
979 1640
980 1056
981 210
982 671
983 1372
984 1064
985 1521
986 1650
987 1153
988 892
989 372
990 1180
991 1661
992 722
993 1319
994 1037
995 1445
996 1411
997 1230
998 1600
999 773
1000 418
1001 1365
1002 255
1003 1254
1004 1152
1005 310
1006 1648
1007 709
1008 1520
1009 1239
1010 1237
1011 764
1012 41
1013 93
1014 445
1015 1356
1016 10
1017 326
1018 118
1019 225
1020 1401
1021 1374
1022 268
1023 693
1024 1070
1025 349
1026 1655
1027 1286
1028 158
1029 1234
1030 1220
1031 386
1032 703
1033 571
1034 408
1035 1450
1036 1234
1037 424
1038 1571
1039 1274
1040 1054
1041 1031
1042 1172
1043 395
1044 1593
1045 705
1046 1399
1047 929
1048 1559
1049 279
1050 792
1051 396
1052 22
1053 1558
1054 65
1055 1032
1056 225
1057 185
1058 1413
1059 1310
1060 1140
1061 1261
1062 1386
1063 539
1064 1502
1065 701
1066 1664
1067 189
1068 9
1069 172
1070 542
1071 236
1072 623
1073 1374
1074 1010
1075 1541
1076 348
1077 1156
1078 1203
1079 523
1080 1419
1081 1087
1082 1310
1083 928
1084 1317
1085 273
1086 1485
1087 809
1088 128
1089 1181
1090 1516
1091 1283
1092 1194
1093 1185
1094 1596
1095 1382
1096 447
1097 1017
1098 925
1099 670
1100 765
1101 919
1102 107
1103 566
1104 839
1105 785
1106 241
1107 1572
1108 78
1109 318
1110 1519
1111 1225
1112 1117
1113 1377
1114 1271
1115 67
1116 569
1117 1080
1118 757
1119 916
1120 580
1121 1397
1122 1302
1123 136
1124 331
1125 717
1126 393
1127 742
1128 637
1129 1444
1130 1287
1131 427
1132 107
1133 262
1134 756
1135 522
1136 385
1137 4
1138 187
1139 1559
1140 122
1141 207
1142 1001
1143 421
1144 861
1145 825
1146 1589
1147 1336
1148 1243
1149 1520
1150 858
1151 1378
1152 1583
1153 1350
1154 474
1155 506
1156 1227
1157 468
1158 1142
1159 1063
1160 411
1161 854
1162 1633
1163 498
1164 455
1165 1427
1166 715
1167 1551
1168 1270
1169 1583
1170 402
1171 586
1172 114
1173 896
1174 1132
1175 874
1176 884
1177 1236
1178 1141
1179 641
1180 142
1181 967
1182 1634
1183 659
1184 350
1185 295
1186 1414
1187 1025
1188 741
1189 896
1190 688
1191 1421
1192 1556
1193 1317
1194 591
1195 1173
1196 1645
1197 169
1198 625
1199 1476
1200 1557
1201 1489
1202 943
1203 1292
1204 170
1205 518
1206 198
1207 1578
1208 941
1209 1218
1210 54
1211 1379
1212 786
1213 1044
1214 930
1215 614
1216 1013
1217 1559
1218 50
1219 1213
1220 216
1221 1300
1222 1047
1223 1224
1224 1589
1225 260
1226 1351
1227 166
1228 500
1229 919
1230 472
1231 628
1232 1357
1233 373
1234 1205
1235 1361
1236 294
1237 219
1238 894
1239 1012
1240 438
1241 1610
1242 1578
1243 403
1244 966
1245 102
1246 663
1247 787
1248 588
1249 1608
1250 1176
1251 1125
1252 1387
1253 1328
1254 870
1255 1140
1256 442
1257 1554
1258 771
1259 1066
1260 1278
1261 589
1262 1506
1263 972
1264 1475
1265 57
1266 516
1267 724
1268 185
1269 1206
1270 1567
1271 1518
1272 861
1273 1569
1274 1529
1275 432
1276 1550
1277 182
1278 1485
1279 1137
1280 1627
1281 1337
1282 701
1283 167
1284 100
1285 647
1286 1660
1287 704
1288 726
1289 1060
1290 247
1291 1583
1292 334
1293 1259
1294 422
1295 871
1296 934
1297 1108
1298 308
1299 349
1300 846
1301 405
1302 378
1303 247
1304 727
1305 1624
1306 1
1307 1614
1308 808
1309 1199
1310 1222
1311 211
1312 295
1313 110
1314 1177
1315 750
1316 788
1317 1224
1318 279
1319 991
1320 1136
1321 1078
1322 1
1323 1631
1324 1576
1325 479
1326 1586
1327 72
1328 1229
1329 1366
1330 785
1331 1078
1332 1681
1333 354
1334 449
1335 989
1336 324
1337 1445
1338 1496
1339 134
1340 357
1341 450
1342 1012
1343 1442
1344 342
1345 1244
1346 151
1347 525
1348 234
1349 1519
1350 203
1351 1386
1352 399
1353 489
1354 452
1355 1477
1356 1239
1357 1474
1358 1621
1359 1130
1360 998
1361 1308
1362 185
1363 1060
1364 1518
1365 173
1366 269
1367 80
1368 744
1369 442
1370 224
1371 249
1372 1483
1373 647
1374 583
1375 14
1376 1560
1377 1325
1378 1215
1379 405
1380 619
1381 29
1382 1525
1383 1114
1384 1514
1385 1555
1386 1086
1387 131
1388 101
1389 1309
1390 1050
1391 1361
1392 1568
1393 289
1394 63
1395 353
1396 1302
1397 474
1398 1502
1399 1454
1400 784
1401 1397
1402 625
1403 1416
1404 614
1405 1522
1406 52
1407 209
1408 149
1409 1320
1410 290
1411 591
1412 1351
1413 1503
1414 307
1415 1145
1416 519
1417 1226
1418 1030
1419 1260
1420 798
1421 870
1422 1675
1423 572
1424 97
1425 1623
1426 876
1427 690
1428 1540
1429 1361
1430 1081
1431 601
1432 236
1433 46
1434 641
1435 251
1436 1448
1437 534
1438 1128
1439 848
1440 1512
1441 1580
1442 707
1443 1661
1444 1309
1445 125
1446 1349
1447 727
1448 569
1449 1351
1450 574
1451 929
1452 714
1453 1260
1454 36
1455 1502
1456 1245
1457 1173
1458 1247
1459 702
1460 1276
1461 1199
1462 1344
1463 53
1464 1515
1465 408
1466 1091
1467 819
1468 680
1469 97
1470 26
1471 866
1472 320
1473 1515
1474 235
1475 1148
1476 593
1477 436
1478 718
1479 96
1480 421
1481 475
1482 243
1483 380
1484 1471
1485 1545
1486 527
1487 432
1488 1449
1489 649
1490 639
1491 10
1492 1490
1493 200
1494 562
1495 1487
1496 56
1497 825
1498 407
1499 164
1500 3
1501 6
1502 1055
1503 679
1504 124
1505 567
1506 959
1507 1497
1508 225
1509 1436
1510 1647
1511 934
1512 494
1513 1039
1514 1582
1515 873
1516 490
1517 1324
1518 603
1519 1291
1520 474
1521 1201
1522 655
1523 118
1524 1089
1525 684
1526 260
1527 295
1528 1100
1529 1037
1530 345
1531 937
1532 1144
1533 1165
1534 994
1535 233
1536 720
1537 124
1538 716
1539 1341
1540 618
1541 250
1542 1378
1543 1421
1544 1382
1545 1472
1546 114
1547 432
1548 130
1549 639
1550 1340
1551 1294
1552 274
1553 750
1554 270
1555 1568
1556 214
1557 214
1558 983
1559 497
1560 612
1561 202
1562 1468
1563 1594
1564 354
1565 519
1566 79
1567 1070
1568 648
1569 214
1570 221
1571 608
1572 793
1573 757
1574 1648
1575 705
1576 763
1577 1133
1578 707
1579 1067
1580 195
1581 779
1582 633
1583 1148
1584 1493
1585 166
1586 31
1587 269
1588 238
1589 1609
1590 162
1591 256
1592 22
1593 18
1594 683
1595 1559
1596 1262
1597 1601
1598 101
1599 1551
1600 216
1601 611
1602 904
1603 741
1604 1499
1605 411
1606 461
1607 388
1608 873
1609 1201
1610 1475
1611 645
1612 483
1613 732
1614 1108
1615 596
1616 890
1617 730
1618 830
1619 293
1620 1103
1621 242
1622 17
1623 1504
1624 956
1625 432
1626 692
1627 1077
1628 845
1629 437
1630 1453
1631 1640
1632 994
1633 246
1634 813
1635 209
1636 1237
1637 179
1638 551
1639 1365
1640 1149
1641 116
1642 444
1643 1495
1644 401
1645 1255
1646 1667
1647 1641
1648 1578
1649 1243
1650 1646
1651 279
1652 1623
1653 314
1654 387
1655 208
1656 1214
1657 974
1658 280
1659 881
1660 582
1661 33
1662 20
1663 189
1664 55
1665 392
1666 653
1667 93
1668 1029
1669 610
1670 644
1671 1331
1672 680
1673 207
1674 1638
1675 1176
1676 1123
1677 817
1678 1256
1679 509
1680 978
1681 1532
1682 62
1683 500
1684 1561
1685 653
1686 534
1687 834
1688 685
1689 316
1690 1352
1691 1484
1692 304
1693 750
