0 537
1 1112
2 1362
3 1572
4 158
5 1149
6 400
7 747
8 789
9 963
10 1256
11 1120
12 186
13 1286
14 96
15 812
16 827
17 1348
18 42
19 918
20 761
21 1177
22 1447
23 1163
24 763
25 594
26 338
27 7
28 901
29 1418
30 745
31 1315
32 1513
33 405
34 712
35 658
36 873
37 389
38 1578
39 1595
40 447
41 132
42 1285
43 557
44 1338
45 677
46 1069
47 1181
48 885
49 1013
50 1555
51 1342
52 1454
53 693
54 300
55 1581
56 554
57 1414
58 592
59 9
60 1251
61 1440
62 1006
63 247
64 432
65 1644
66 193
67 1528
68 1631
69 1171
70 32
71 1333
72 922
73 835
74 1577
75 138
76 1320
77 670
78 1334
79 1193
80 66
81 246
82 811
83 348
84 755
85 305
86 1530
87 521
88 396
89 668
90 797
91 791
92 36
93 269
94 204
95 988
96 1040
97 369
98 1164
99 828
100 796
101 1598
102 1362
103 1439
104 1121
105 919
106 1316
107 658
108 1349
109 455
110 1255
111 621
112 533
113 529
114 464
115 680
116 1205
117 154
118 212
119 1647
120 402
121 751
122 1170
123 9
124 968
125 831
126 1480
127 365
128 1277
129 626
130 687
131 131
132 613
133 780
134 200
135 1137
136 778
137 729
138 1374
139 542
140 1039
141 819
142 970
143 367
144 972
145 419
146 295
147 155
148 105
149 1001
150 995
151 163
152 617
153 1411
154 592
155 982
156 1583
157 287
158 524
159 1349
160 59
161 404
162 231
163 61
164 14
165 1124
166 1262
167 742
168 1376
169 110
170 1287
171 1505
172 1194
173 1109
174 1066
175 1107
176 912
177 1233
178 594
179 911
180 527
181 1425
182 304
183 1193
184 1377
185 159
186 998
187 839
188 1050
189 1451
190 1573
191 1365
192 1513
193 764
194 173
195 106
196 981
197 212
198 973
199 1524
200 291
201 1522
202 348
203 237
204 859
205 378
206 956
207 1095
208 426
209 1032
210 892
211 210
212 1636
213 846
214 1129
215 830
216 1472
217 285
218 1108
219 770
220 183
221 396
222 1063
223 147
224 1218
225 930
226 253
227 78
228 994
229 1096
230 989
231 738
232 1548
233 1181
234 1015
235 1016
236 628
237 987
238 1347
239 1575
240 372
241 1238
242 131
243 367
244 1192
245 81
246 1095
247 372
248 838
249 374
250 1546
251 1661
252 1508
253 814
254 955
255 782
256 314
257 1263
258 671
259 1550
260 532
261 229
262 274
263 758
264 494
265 526
266 55
267 621
268 194
269 625
270 1270
271 160
272 1301
273 1053
274 141
275 47
276 191
277 1517
278 1302
279 758
280 323
281 524
282 1410
283 428
284 1504
285 1636
286 772
287 860
288 822
289 381
290 180
291 136
292 1659
293 1612
294 434
295 85
296 968
297 234
298 682
299 926
300 1118
301 1405
302 412
303 826
304 490
305 965
306 1299
307 68
308 54
309 453
310 1252
311 1043
312 20
313 1211
314 938
315 1086
316 1154
317 916
318 1546
319 1206
320 783
321 450
322 1083
323 881
324 1513
325 218
326 516
327 1493
328 656
329 184
330 1030
331 732
332 63
333 242
334 1017
335 361
336 847
337 1085
338 1564
339 340
340 829
341 639
342 1467
343 1603
344 818
345 470
346 423
347 1656
348 549
349 901
350 91
351 301
352 812
353 1485
354 49
355 942
356 1309
357 960
358 979
359 243
360 1647
361 1145
362 196
363 1101
364 490
365 747
366 0
367 1531
368 960
369 362
370 1305
371 1074
372 378
373 329
374 183
375 1154
376 1354
377 1502
378 238
379 1135
380 828
381 804
382 1311
383 514
384 1486
385 520
386 561
387 1478
388 793
389 1472
390 137
391 207
392 1585
393 496
394 164
395 939
396 1254
397 3
398 1425
399 479
400 293
401 1351
402 729
403 1582
404 1064
405 941
406 441
407 1204
408 445
409 282
410 823
411 21
412 535
413 705
414 1074
415 382
416 449
417 576
418 1506
419 1534
420 198
421 1149
422 1057
423 97
424 90
425 169
426 1299
427 757
428 1339
429 603
430 221
431 515
432 1386
433 941
434 781
435 1540
436 1450
437 397
438 1674
439 1084
440 602
441 944
442 1324
443 1223
444 17
445 1226
446 89
447 547
448 1337
449 611
450 181
451 1666
452 977
453 22
454 1004
455 154
456 1265
457 936
458 623
459 281
460 1479
461 1359
462 767
463 136
464 777
465 1184
466 1370
467 1444
468 1375
469 1322
470 1101
471 1398
472 24
473 1565
474 212
475 627
476 1183
477 418
478 1518
479 970
480 1677
481 1083
482 972
483 1666
484 501
485 6
486 1576
487 1438
488 1423
489 987
490 1040
491 1084
492 969
493 119
494 1649
495 1523
496 1174
497 947
498 1529
499 1210
500 230
501 1220
502 1089
503 1528
504 1413
505 175
506 698
507 142
508 1276
509 757
510 586
511 812
512 52
513 1244
514 1436
515 342
516 528
517 896
518 1589
519 578
520 103
521 112
522 1130
523 358
524 873
525 519
526 755
527 629
528 34
529 1588
530 597
531 888
532 469
533 1188
534 164
535 697
536 582
537 81
538 635
539 39
540 1632
541 606
542 964
543 481
544 970
545 1602
546 772
547 1639
548 1025
549 1468
550 395
551 103
552 313
553 1018
554 484
555 808
556 84
557 239
558 210
559 1054
560 185
561 1478
562 386
563 1440
564 1020
565 145
566 1258
567 502
568 1250
569 149
570 876
571 411
572 902
573 1108
574 1427
575 1198
576 1440
577 783
578 1003
579 1273
580 673
581 460
582 139
583 915
584 449
585 947
586 783
587 1293
588 337
589 188
590 485
591 1650
592 414
593 229
594 703
595 634
596 93
597 201
598 208
599 1514
600 26
601 1583
602 586
603 1230
604 826
605 1119
606 204
607 783
608 756
609 868
610 1264
611 761
612 1593
613 358
614 184
615 402
616 13
617 1402
618 1453
619 24
620 71
621 1336
622 938
623 36
624 1540
625 722
626 316
627 1287
628 1211
629 1127
630 334
631 1677
632 972
633 721
634 1067
635 547
636 1077
637 1599
638 1444
639 1010
640 299
641 1158
642 808
643 1530
644 86
645 756
646 1659
647 1053
648 1114
649 1181
650 807
651 112
652 888
653 918
654 620
655 1394
656 1050
657 870
658 1468
659 18
660 1007
661 1525
662 30
663 921
664 628
665 1470
666 159
667 1489
668 1150
669 1072
670 847
671 817
672 1625
673 1310
674 488
675 135
676 802
677 509
678 686
679 437
680 1390
681 1514
682 911
683 1597
684 374
685 1422
686 104
687 267
688 600
689 1641
690 980
691 482
692 664
693 1549
694 1535
695 1125
696 535
697 1659
698 1686
699 426
700 533
701 308
702 1385
703 1007
704 847
705 875
706 364
707 1613
708 1384
709 1571
710 1208
711 905
712 803
713 972
714 1377
715 818
716 132
717 826
718 1058
719 608
720 845
721 1272
722 1162
723 942
724 1328
725 1427
726 1238
727 860
728 1170
729 853
730 1351
731 771
732 1566
733 344
734 1407
735 1210
736 876
737 1377
738 153
739 1578
740 475
741 41
742 566
743 85
744 1366
745 1215
746 858
747 651
748 1189
749 575
750 1299
751 227
752 1552
753 1441
754 1585
755 1434
756 802
757 1281
758 1487
759 523
760 1599
761 1318
762 107
763 158
764 1254
765 1570
766 1149
767 870
768 758
769 1684
770 1233
771 1029
772 125
773 717
774 259
775 1569
776 483
777 1444
778 1279
779 1625
780 981
781 974
782 1607
783 833
784 1684
785 65
786 769
787 380
788 252
789 1246
790 854
791 0
792 970
793 1458
794 1407
795 582
796 332
797 330
798 634
799 684
800 951
801 1547
802 1385
803 1604
804 586
805 1030
806 0
807 396
808 818
809 565
810 1311
811 1089
812 1449
813 1206
814 863
815 1322
816 1605
817 913
818 454
819 339
820 263
821 1604
822 681
823 943
824 1239
825 1332
826 1171
827 202
828 859
829 1039
830 1221
831 1684
832 330
833 679
834 878
835 1295
836 636
837 1128
838 600
839 1463
840 322
841 142
842 1674
843 486
844 961
845 1440
846 152
847 347
848 855
849 1190
850 310
851 960
852 653
853 1179
854 169
855 538
856 1118
857 222
858 1343
859 1657
860 211
861 341
862 185
863 80
864 1269
865 1389
866 53
867 102
868 1584
869 988
870 577
871 901
872 416
873 311
874 1132
875 328
876 539
877 1371
878 339
879 483
880 903
881 1313
882 277
883 787
884 69
885 1612
886 1225
887 1613
888 1028
889 1321
890 79
891 1146
892 821
893 1633
894 1554
895 394
896 477
897 838
898 474
899 738
900 1312
901 1608
902 115
903 1567
904 547
905 195
906 1461
907 1652
908 1360
909 1278
910 507
911 958
912 1428
913 241
914 978
915 425
916 882
917 1126
918 839
919 1129
920 1058
921 1466
922 1533
923 1538
924 1587
925 1097
926 1231
927 1186
928 973
929 1228
930 289
931 1349
932 148
933 916
934 737
935 62
936 994
937 251
938 1327
939 213
940 168
941 212
942 1022
943 464
944 608
945 1194
946 1088
947 464
948 266
949 99
950 286
951 1393
952 1688
953 1686
954 44
955 1439
956 1416
957 1027
958 60
959 467
960 254
961 556
962 1253
963 702
964 239
965 1399
966 341
967 1477
968 208
969 758
970 74
971 1311
972 1181
973 1532
974 454
975 792
976 130
977 1517
978 813
979 310
980 139
981 1173
982 72
983 537
984 29
985 991
986 1686
987 80
988 1387
989 1337
990 1342
991 989
992 1192
993 1208
994 1370
995 507
996 1214
997 907
998 1113
999 1432
1000 483
1001 989
1002 215
1003 811
1004 403
1005 356
1006 790
1007 250
1008 348
1009 134
1010 1019
1011 275
1012 127
1013 336
1014 114
1015 1479
1016 571
1017 1393
1018 1339
1019 703
1020 1019
1021 330
1022 525
1023 287
1024 416
1025 604
1026 283
1027 1132
1028 942
1029 68
1030 1414
1031 351
1032 595
1033 378
1034 1402
1035 1030
1036 834
1037 1531
1038 996
1039 785
1040 228
1041 988
1042 189
1043 1005
1044 915
1045 1317
1046 1132
1047 856
1048 1353
1049 740
1050 1504
1051 1376
1052 1443
1053 853
1054 2
1055 468
1056 759
1057 1458
1058 799
1059 256
1060 456
1061 262
1062 407
1063 664
1064 659
1065 1594
1066 1599
1067 1689
1068 1476
1069 416
1070 1132
1071 1636
1072 927
1073 1071
1074 978
1075 225
1076 258
1077 1472
1078 1490
1079 872
1080 1112
1081 1659
1082 1245
1083 1087
1084 335
1085 495
1086 213
1087 582
1088 850
1089 425
1090 216
1091 1108
1092 1028
1093 580
1094 1393
1095 230
1096 1516
1097 1683
1098 564
1099 694
1100 814
1101 1541
1102 6
1103 757
1104 866
1105 1032
1106 1431
1107 1114
1108 55
1109 463
1110 830
1111 999
1112 1275
1113 1082
1114 708
1115 1235
1116 36
1117 492
1118 1003
1119 943
1120 487
1121 1232
1122 406
1123 1044
1124 989
1125 173
1126 682
1127 1222
1128 532
1129 934
1130 1574
1131 1690
1132 1249
1133 1159
1134 1521
1135 172
1136 989
1137 254
1138 630
1139 1187
1140 1066
1141 461
1142 624
1143 116
1144 128
1145 86
1146 1172
1147 1572
1148 733
1149 388
1150 67
1151 391
1152 64
1153 898
1154 241
1155 437
1156 790
1157 437
1158 698
1159 949
1160 516
1161 1393
1162 489
1163 1061
1164 1146
1165 61
1166 1338
1167 1477
1168 1519
1169 956
1170 1336
1171 824
1172 1597
1173 503
1174 1044
1175 1670
1176 416
1177 565
1178 318
1179 1316
1180 1025
1181 1206
1182 727
1183 1187
1184 1229
1185 837
1186 686
1187 410
1188 532
1189 1359
1190 1332
1191 770
1192 873
1193 1527
1194 1401
1195 1564
1196 642
1197 1630
1198 1079
1199 1192
1200 748
1201 572
1202 989
1203 210
1204 630
1205 1027
1206 855
1207 76
1208 185
1209 1084
1210 21
1211 49
1212 398
1213 1606
1214 464
1215 525
1216 867
1217 679
1218 1164
1219 640
1220 1620
1221 531
1222 1292
1223 1131
1224 183
1225 1435
1226 1271
1227 449
1228 580
1229 1429
1230 405
1231 1645
1232 704
1233 1302
1234 1078
1235 1100
1236 61
1237 1065
1238 1235
1239 770
1240 991
1241 1543
1242 1455
1243 184
1244 551
1245 446
1246 1331
1247 478
1248 1419
1249 658
1250 763
1251 1499
1252 10
1253 1210
1254 571
1255 421
1256 1089
1257 399
1258 777
1259 314
1260 1456
1261 1418
1262 383
1263 656
1264 255
1265 709
1266 842
1267 1665
1268 8
1269 645
1270 571
1271 1303
1272 1423
1273 1061
1274 1553
1275 561
1276 1265
1277 373
1278 978
1279 1477
1280 265
1281 856
1282 1257
1283 561
1284 538
1285 1313
1286 1282
1287 1575
1288 70
1289 1377
1290 1041
1291 1373
1292 105
1293 307
1294 538
1295 882
1296 78
1297 75
1298 937
1299 725
1300 1444
1301 907
1302 830
1303 1572
1304 436
1305 27
1306 425
1307 943
1308 593
1309 671
1310 892
1311 1533
1312 921
1313 483
1314 1174
1315 1069
1316 1321
1317 334
1318 1055
1319 578
1320 638
1321 751
1322 1531
1323 815
1324 792
1325 283
1326 1068
1327 1135
1328 548
1329 1007
1330 1247
1331 812
1332 95
1333 762
1334 848
1335 191
1336 1498
1337 1616
1338 864
1339 176
1340 7
1341 328
1342 870
1343 1204
1344 1421
1345 1178
1346 1034
1347 367
1348 593
1349 1483
1350 599
1351 281
1352 1242
1353 181
1354 1354
1355 728
1356 382
1357 1550
1358 602
1359 1242
1360 1674
1361 1155
1362 781
1363 495
1364 890
1365 1491
1366 46
1367 1287
1368 1532
1369 741
1370 1403
1371 173
1372 41
1373 113
1374 188
1375 99
1376 1046
1377 779
1378 1618
1379 1534
1380 1359
1381 592
1382 1597
1383 131
1384 1056
1385 717
1386 144
1387 1556
1388 622
1389 501
1390 616
1391 1530
1392 288
1393 951
1394 1008
1395 309
1396 1253
1397 1223
1398 22
1399 234
1400 534
1401 1387
1402 1012
1403 694
1404 997
1405 1317
1406 329
1407 895
1408 1426
1409 1466
1410 1082
1411 735
1412 699
1413 436
1414 521
1415 1687
1416 543
1417 1133
1418 851
1419 1084
1420 238
1421 755
1422 1579
1423 741
1424 635
1425 1104
1426 516
1427 909
1428 695
1429 1113
1430 949
1431 617
1432 47
1433 829
1434 534
1435 1122
1436 754
1437 1604
1438 782
1439 364
1440 465
1441 456
1442 313
1443 1156
1444 321
1445 1115
1446 140
1447 209
1448 871
1449 37
1450 1686
1451 1030
1452 121
1453 648
1454 1020
1455 96
1456 182
1457 261
1458 304
1459 23
1460 637
1461 995
1462 987
1463 1396
1464 547
1465 54
1466 486
1467 1692
1468 478
1469 1678
1470 351
1471 1034
1472 972
1473 681
1474 83
1475 505
1476 1324
1477 1257
1478 742
1479 1039
1480 1456
1481 835
1482 1328
1483 1565
1484 971
1485 342
1486 581
1487 798
1488 845
1489 1210
1490 467
1491 808
1492 1484
1493 1004
1494 1329
1495 1473
1496 945
1497 939
1498 193
1499 1261
1500 813
1501 1135
1502 1672
1503 496
1504 1194
1505 743
1506 834
1507 1130
1508 367
1509 1513
1510 301
1511 1632
1512 852
1513 991
1514 1662
1515 508
1516 229
1517 953
1518 1638
1519 41
1520 859
1521 1681
1522 754
1523 539
1524 648
1525 1618
1526 106
1527 347
1528 129
1529 1212
1530 845
1531 1529
1532 1201
1533 1508
1534 1211
1535 1542
1536 835
1537 838
1538 319
1539 1272
1540 335
1541 297
1542 888
1543 594
1544 999
1545 1606
1546 376
1547 1595
1548 770
1549 849
1550 275
1551 674
1552 445
1553 93
1554 569
1555 807
1556 189
1557 1674
1558 157
1559 1579
1560 1566
1561 666
1562 388
1563 362
1564 1451
1565 404
1566 763
1567 1678
1568 647
1569 1157
1570 954
1571 399
1572 702
1573 57
1574 620
1575 411
1576 1321
1577 221
1578 1379
1579 562
1580 1325
1581 893
1582 1337
1583 1392
1584 1424
1585 593
1586 289
1587 729
1588 29
1589 90
1590 1327
1591 501
1592 34
1593 1214
1594 919
1595 1476
1596 1051
1597 478
1598 126
1599 1470
1600 1513
1601 863
1602 1080
1603 1393
1604 1605
1605 1573
1606 1347
1607 528
1608 823
1609 85
1610 1136
1611 425
1612 1693
1613 391
1614 876
1615 434
1616 1349
1617 1572
1618 109
1619 450
1620 445
1621 535
1622 1486
1623 726
1624 81
1625 1648
1626 1472
1627 862
1628 790
1629 454
1630 1428
1631 233
1632 865
1633 147
1634 1654
1635 83
1636 636
1637 495
1638 206
1639 497
1640 999
1641 903
1642 673
1643 860
1644 1174
1645 963
1646 1180
1647 1395
1648 1579
1649 1053
1650 22
1651 1077
1652 495
1653 600
1654 599
1655 738
1656 1064
1657 649
1658 1176
1659 550
1660 1620
1661 924
1662 1623
1663 97
1664 1069
1665 288
1666 1636
1667 1535
1668 83
1669 821
1670 815
1671 666
1672 603
1673 852
1674 1133
1675 1170
1676 475
1677 847
1678 1499
1679 308
1680 1562
1681 601
1682 690
1683 1336
1684 1453
1685 292
1686 670
1687 188
1688 437
1689 305
1690 883
1691 462
1692 1365
1693 738
0 537
1 1112
2 1321
3 1572
4 158
5 223
6 177
7 823
8 789
9 1658
10 1256
11 1045
12 186
13 1286
14 96
15 1040
16 1138
17 1479
18 1297
19 405
20 761
21 158
22 1447
23 1163
24 203
25 594
26 338
27 432
28 901
29 789
30 320
31 1315
32 360
33 405
34 712
35 658
36 554
37 389
38 1578
39 1595
40 447
41 210
42 1285
43 557
44 932
45 677
46 466
47 149
48 1081
49 1577
50 1555
51 1342
52 242
53 693
54 426
55 1581
56 554
57 1414
58 592
59 1183
60 1251
61 1392
62 1006
63 306
64 432
65 375
66 1343
67 1666
68 297
69 1125
70 32
71 1333
72 1599
73 1350
74 1577
75 138
76 1281
77 421
78 1334
79 1193
80 66
81 246
82 20
83 465
84 1336
85 1047
86 1530
87 634
88 396
89 668
90 797
91 5
92 131
93 269
94 1565
95 706
96 523
97 862
98 85
99 25
100 796
101 1598
102 1362
103 1439
104 329
105 919
106 191
107 658
108 1347
109 14
110 1682
111 621
112 390
113 529
114 464
115 680
116 1193
117 734
118 212
119 566
120 834
121 1559
122 991
123 330
124 1041
125 845
126 117
127 1219
128 1277
129 495
130 687
131 913
132 968
133 780
134 200
135 551
136 778
137 729
138 562
139 542
140 1243
141 605
142 1215
143 833
144 546
145 419
146 764
147 1217
148 152
149 938
150 380
151 1659
152 617
153 1411
154 592
155 647
156 333
157 287
158 12
159 1549
160 9
161 84
162 510
163 61
164 34
165 1124
166 1402
167 742
168 653
169 912
170 1287
171 1505
172 1194
173 1109
174 852
175 109
176 912
177 1233
178 594
179 921
180 527
181 1323
182 1420
183 1193
184 1377
185 655
186 998
187 239
188 1050
189 1302
190 655
191 1365
192 1513
193 1270
194 173
195 422
196 421
197 212
198 973
199 1524
200 291
201 1522
202 348
203 219
204 1542
205 291
206 1551
207 1692
208 132
209 601
210 892
211 210
212 1254
213 6
214 451
215 830
216 1633
217 285
218 1108
219 1429
220 183
221 897
222 1063
223 723
224 1218
225 1179
226 843
227 1309
228 994
229 1256
230 989
231 738
232 1570
233 1613
234 909
235 1016
236 1197
237 173
238 886
239 1496
240 1161
241 1465
242 947
243 367
244 1192
245 930
246 506
247 372
248 853
249 1244
250 1546
251 862
252 1680
253 647
254 955
255 782
256 352
257 1453
258 337
259 1550
260 1574
261 229
262 652
263 1163
264 494
265 1479
266 55
267 924
268 194
269 625
270 689
271 69
272 1301
273 876
274 693
275 1069
276 120
277 248
278 1047
279 229
280 1118
281 524
282 24
283 257
284 744
285 1636
286 772
287 860
288 343
289 1086
290 180
291 612
292 1659
293 809
294 434
295 85
296 1649
297 868
298 682
299 1062
300 1118
301 666
302 159
303 826
304 239
305 1570
306 1366
307 605
308 1265
309 453
310 937
311 926
312 20
313 1211
314 1437
315 1161
316 1154
317 1404
318 1546
319 366
320 783
321 1055
322 1083
323 881
324 500
325 901
326 516
327 1019
328 656
329 184
330 1030
331 732
332 676
333 1464
334 1121
335 361
336 847
337 1085
338 1564
339 612
340 1296
341 946
342 1467
343 1603
344 11
345 1066
346 1627
347 101
348 736
349 371
350 1629
351 1488
352 812
353 1383
354 49
355 635
356 1309
357 783
358 1629
359 570
360 787
361 1320
362 196
363 707
364 577
365 551
366 1293
367 1670
368 1372
369 669
370 309
371 1074
372 378
373 329
374 183
375 336
376 287
377 1128
378 542
379 1180
380 828
381 154
382 1311
383 1692
384 1486
385 563
386 561
387 1478
388 793
389 1059
390 1335
391 137
392 1585
393 1174
394 164
395 228
396 943
397 330
398 1425
399 479
400 293
401 1351
402 729
403 1582
404 211
405 300
406 441
407 287
408 873
409 510
410 746
411 21
412 1148
413 320
414 1074
415 382
416 449
417 656
418 1506
419 1534
420 1447
421 590
422 160
423 97
424 796
425 169
426 1319
427 58
428 1137
429 603
430 31
431 351
432 1386
433 1307
434 646
435 1540
436 803
437 493
438 1632
439 1291
440 602
441 944
442 718
443 1223
444 17
445 177
446 89
447 547
448 1237
449 818
450 545
451 221
452 16
453 1028
454 1004
455 1033
456 373
457 936
458 623
459 1650
460 144
461 1596
462 1144
463 136
464 777
465 1521
466 913
467 610
468 816
469 386
470 1101
471 1545
472 24
473 1610
474 212
475 627
476 1183
477 1128
478 568
479 970
480 1677
481 1083
482 972
483 80
484 1515
485 6
486 1576
487 90
488 1601
489 586
490 1457
491 1571
492 969
493 119
494 1465
495 1523
496 1207
497 947
498 1593
499 939
500 230
501 836
502 183
503 319
504 1056
505 175
506 892
507 455
508 1276
509 757
510 586
511 812
512 1204
513 497
514 714
515 342
516 958
517 896
518 1183
519 127
520 103
521 112
522 996
523 358
524 421
525 596
526 412
527 629
528 914
529 264
530 1120
531 512
532 469
533 1604
534 164
535 697
536 276
537 81
538 1273
539 39
540 1632
541 606
542 964
543 1650
544 1317
545 1348
546 772
547 614
548 1025
549 804
550 395
551 103
552 690
553 1018
554 715
555 808
556 1180
557 1065
558 1256
559 1054
560 185
561 1478
562 1277
563 207
564 1466
565 145
566 424
567 502
568 668
569 149
570 1042
571 411
572 902
573 13
574 228
575 1614
576 444
577 783
578 1592
579 1014
580 673
581 460
582 184
583 915
584 1376
585 1546
586 783
587 1293
588 337
589 1037
590 1076
591 87
592 414
593 64
594 100
595 1647
596 655
597 201
598 214
599 201
600 26
601 1583
602 586
603 1230
604 826
605 314
606 1309
607 783
608 756
609 868
610 1476
611 710
612 1247
613 358
614 1102
615 402
616 248
617 1543
618 552
619 588
620 1060
621 1379
622 938
623 1486
624 130
625 653
626 963
627 395
628 1211
629 1679
630 334
631 222
632 665
633 721
634 993
635 70
636 1077
637 1599
638 1444
639 1010
640 667
641 1114
642 1091
643 1052
644 1153
645 1259
646 1659
647 756
648 1114
649 177
650 807
651 112
652 1644
653 918
654 1485
655 1394
656 1679
657 870
658 1320
659 18
660 325
661 345
662 30
663 1368
664 256
665 1470
666 159
667 457
668 1544
669 395
670 847
671 817
672 1644
673 1310
674 488
675 546
676 802
677 509
678 1434
679 437
680 731
681 1267
682 911
683 155
684 1076
685 418
686 909
687 267
688 234
689 1032
690 843
691 572
692 664
693 1601
694 859
695 1125
696 535
697 1337
698 1621
699 426
700 855
701 308
702 155
703 836
704 847
705 875
706 364
707 1613
708 552
709 1571
710 1448
711 571
712 828
713 1174
714 663
715 168
716 132
717 826
718 1058
719 872
720 248
721 905
722 1162
723 1052
724 1328
725 1021
726 798
727 860
728 77
729 853
730 177
731 405
732 489
733 1611
734 1407
735 767
736 434
737 380
738 153
739 848
740 685
741 1052
742 566
743 591
744 1366
745 1215
746 1173
747 19
748 1189
749 575
750 1299
751 227
752 300
753 1053
754 1189
755 1453
756 111
757 317
758 1487
759 1288
760 1599
761 1540
762 568
763 158
764 363
765 1398
766 1149
767 674
768 1667
769 1524
770 1233
771 1029
772 125
773 698
774 366
775 1337
776 239
777 1096
778 1279
779 1343
780 388
781 974
782 649
783 1233
784 1684
785 21
786 1456
787 1385
788 252
789 1010
790 854
791 1458
792 830
793 1458
794 1407
795 143
796 1143
797 815
798 218
799 684
800 951
801 1547
802 1567
803 1617
804 812
805 1030
806 988
807 930
808 1309
809 1141
810 568
811 664
812 1392
813 996
814 1245
815 1322
816 1605
817 1496
818 454
819 1076
820 263
821 1604
822 1506
823 1096
824 1239
825 1085
826 1171
827 497
828 142
829 1039
830 1018
831 1684
832 330
833 679
834 1506
835 1687
836 124
837 1128
838 600
839 1629
840 322
841 1044
842 1213
843 939
844 1459
845 913
846 1412
847 596
848 855
849 419
850 1117
851 1346
852 1367
853 1179
854 622
855 766
856 490
857 60
858 1319
859 1657
860 620
861 1269
862 838
863 476
864 1269
865 342
866 1522
867 36
868 0
869 703
870 577
871 507
872 416
873 477
874 1132
875 328
876 1348
877 1371
878 772
879 350
880 665
881 1313
882 1593
883 246
884 154
885 84
886 1225
887 1021
888 1028
889 879
890 895
891 1680
892 561
893 1670
894 1554
895 394
896 541
897 1140
898 474
899 631
900 1312
901 785
902 1234
903 1567
904 545
905 195
906 1358
907 1652
908 1360
909 1055
910 507
911 958
912 1377
913 241
914 722
915 425
916 585
917 69
918 839
919 575
920 1058
921 137
922 1533
923 513
924 1587
925 1337
926 1231
927 1186
928 556
929 1228
930 289
931 1028
932 148
933 1636
934 1177
935 62
936 355
937 251
938 970
939 213
940 386
941 212
942 1022
943 464
944 608
945 1194
946 838
947 1394
948 266
949 1438
950 286
951 1393
952 1288
953 1686
954 44
955 1439
956 1416
957 1027
958 60
959 467
960 254
961 556
962 1573
963 702
964 294
965 193
966 770
967 1477
968 1209
969 758
970 74
971 1288
972 600
973 1532
974 1033
975 1548
976 130
977 37
978 1346
979 1014
980 139
981 1173
982 72
983 537
984 1197
985 991
986 1686
987 80
988 1058
989 1114
990 1545
991 329
992 1506
993 1208
994 364
995 535
996 347
997 24
998 1516
999 990
1000 1238
1001 989
1002 215
1003 811
1004 1417
1005 271
1006 1614
1007 1598
1008 347
1009 134
1010 1300
1011 713
1012 127
1013 336
1014 259
1015 1170
1016 1596
1017 190
1018 1596
1019 703
1020 736
1021 561
1022 528
1023 542
1024 416
1025 604
1026 283
1027 636
1028 590
1029 68
1030 712
1031 379
1032 25
1033 378
1034 233
1035 1030
1036 834
1037 435
1038 1484
1039 724
1040 228
1041 931
1042 189
1043 507
1044 915
1045 1111
1046 1132
1047 856
1048 1353
1049 740
1050 717
1051 1668
1052 784
1053 1616
1054 2
1055 1225
1056 759
1057 1458
1058 363
1059 256
1060 1346
1061 262
1062 1600
1063 664
1064 659
1065 1594
1066 1599
1067 1079
1068 1476
1069 855
1070 1575
1071 1636
1072 1287
1073 1071
1074 640
1075 157
1076 883
1077 1472
1078 1490
1079 328
1080 305
1081 1659
1082 1245
1083 1087
1084 335
1085 562
1086 596
1087 1175
1088 139
1089 776
1090 216
1091 855
1092 1691
1093 404
1094 1393
1095 230
1096 310
1097 479
1098 1232
1099 1468
1100 971
1101 1354
1102 6
1103 757
1104 784
1105 293
1106 1431
1107 1114
1108 542
1109 463
1110 1012
1111 1049
1112 410
1113 1519
1114 1586
1115 801
1116 36
1117 492
1118 1003
1119 1103
1120 487
1121 392
1122 985
1123 1172
1124 684
1125 187
1126 682
1127 375
1128 532
1129 934
1130 713
1131 26
1132 1249
1133 1159
1134 1521
1135 733
1136 989
1137 254
1138 1293
1139 1187
1140 1066
1141 461
1142 624
1143 116
1144 128
1145 1337
1146 496
1147 266
1148 1566
1149 388
1150 743
1151 388
1152 64
1153 898
1154 241
1155 38
1156 790
1157 983
1158 1631
1159 949
1160 106
1161 1266
1162 489
1163 738
1164 1146
1165 61
1166 460
1167 1072
1168 1293
1169 956
1170 160
1171 787
1172 1597
1173 503
1174 1044
1175 1552
1176 416
1177 1073
1178 1552
1179 1282
1180 1025
1181 1206
1182 727
1183 1148
1184 1618
1185 607
1186 1091
1187 410
1188 1635
1189 1359
1190 1016
1191 1147
1192 120
1193 1002
1194 835
1195 1417
1196 1499
1197 451
1198 42
1199 261
1200 748
1201 606
1202 1361
1203 171
1204 1639
1205 1560
1206 618
1207 76
1208 185
1209 1084
1210 21
1211 49
1212 398
1213 339
1214 1330
1215 525
1216 37
1217 679
1218 365
1219 1277
1220 1620
1221 531
1222 980
1223 401
1224 183
1225 622
1226 1062
1227 1070
1228 580
1229 1429
1230 405
1231 1645
1232 1439
1233 1302
1234 1078
1235 1345
1236 539
1237 1065
1238 538
1239 244
1240 432
1241 1608
1242 154
1243 376
1244 551
1245 446
1246 1331
1247 1111
1248 1419
1249 547
1250 763
1251 474
1252 175
1253 505
1254 571
1255 1328
1256 1089
1257 1510
1258 1215
1259 314
1260 1651
1261 330
1262 1289
1263 656
1264 1510
1265 815
1266 842
1267 1665
1268 1475
1269 645
1270 1432
1271 835
1272 1184
1273 1209
1274 1553
1275 683
1276 792
1277 373
1278 1352
1279 1015
1280 265
1281 789
1282 1257
1283 561
1284 594
1285 1330
1286 1282
1287 512
1288 70
1289 417
1290 1041
1291 1004
1292 522
1293 307
1294 608
1295 882
1296 916
1297 1566
1298 110
1299 725
1300 793
1301 813
1302 566
1303 1572
1304 436
1305 27
1306 644
1307 1429
1308 593
1309 671
1310 1175
1311 699
1312 1238
1313 843
1314 1174
1315 1358
1316 126
1317 870
1318 901
1319 1119
1320 1039
1321 751
1322 588
1323 815
1324 792
1325 283
1326 1272
1327 1157
1328 1181
1329 1487
1330 1493
1331 544
1332 226
1333 762
1334 1530
1335 1225
1336 1577
1337 922
1338 1126
1339 716
1340 1086
1341 328
1342 870
1343 1530
1344 137
1345 1479
1346 1034
1347 1346
1348 593
1349 58
1350 807
1351 954
1352 1242
1353 76
1354 418
1355 16
1356 1180
1357 173
1358 602
1359 1607
1360 1451
1361 354
1362 957
1363 495
1364 890
1365 1491
1366 1141
1367 1287
1368 1532
1369 880
1370 1403
1371 173
1372 792
1373 808
1374 188
1375 99
1376 294
1377 34
1378 1363
1379 1534
1380 726
1381 189
1382 1597
1383 69
1384 1056
1385 1240
1386 695
1387 1556
1388 1658
1389 501
1390 616
1391 1416
1392 133
1393 187
1394 1008
1395 1617
1396 1253
1397 516
1398 318
1399 406
1400 1324
1401 278
1402 1012
1403 1618
1404 997
1405 95
1406 329
1407 768
1408 1054
1409 1146
1410 1082
1411 1204
1412 709
1413 1685
1414 1137
1415 1687
1416 910
1417 1133
1418 851
1419 1126
1420 759
1421 755
1422 181
1423 741
1424 635
1425 1104
1426 516
1427 313
1428 440
1429 769
1430 1476
1431 617
1432 101
1433 1514
1434 626
1435 1122
1436 754
1437 885
1438 782
1439 1678
1440 465
1441 456
1442 313
1443 1125
1444 321
1445 1099
1446 16
1447 444
1448 668
1449 51
1450 1530
1451 1030
1452 121
1453 613
1454 1020
1455 1461
1456 1105
1457 429
1458 340
1459 1305
1460 637
1461 616
1462 736
1463 426
1464 1184
1465 54
1466 631
1467 1692
1468 478
1469 1037
1470 1558
1471 1678
1472 972
1473 1140
1474 83
1475 505
1476 255
1477 380
1478 548
1479 1039
1480 1456
1481 475
1482 1539
1483 1565
1484 1306
1485 1439
1486 581
1487 1620
1488 1229
1489 1210
1490 214
1491 838
1492 1254
1493 1004
1494 1156
1495 1650
1496 184
1497 852
1498 193
1499 413
1500 1392
1501 278
1502 1672
1503 1648
1504 875
1505 1019
1506 1537
1507 194
1508 429
1509 1075
1510 301
1511 1632
1512 536
1513 864
1514 163
1515 1040
1516 103
1517 1687
1518 188
1519 1110
1520 859
1521 1681
1522 714
1523 567
1524 1229
1525 1618
1526 1083
1527 111
1528 81
1529 29
1530 712
1531 6
1532 878
1533 193
1534 1467
1535 1527
1536 835
1537 1012
1538 319
1539 305
1540 266
1541 371
1542 888
1543 1674
1544 1178
1545 1540
1546 838
1547 1595
1548 770
1549 729
1550 1417
1551 566
1552 445
1553 106
1554 396
1555 174
1556 189
1557 788
1558 157
1559 1579
1560 1566
1561 1673
1562 1117
1563 1691
1564 1451
1565 404
1566 763
1567 1678
1568 1113
1569 643
1570 954
1571 1251
1572 726
1573 557
1574 457
1575 1624
1576 1321
1577 882
1578 588
1579 304
1580 1325
1581 542
1582 1244
1583 1392
1584 1424
1585 593
1586 289
1587 911
1588 747
1589 90
1590 231
1591 943
1592 34
1593 55
1594 919
1595 1476
1596 1051
1597 478
1598 126
1599 1294
1600 1513
1601 1035
1602 1080
1603 1393
1604 880
1605 1573
1606 511
1607 1426
1608 1049
1609 85
1610 1136
1611 861
1612 1693
1613 391
1614 1330
1615 136
1616 256
1617 1572
1618 1119
1619 1168
1620 370
1621 535
1622 54
1623 592
1624 863
1625 335
1626 552
1627 862
1628 328
1629 1329
1630 1428
1631 1326
1632 865
1633 1109
1634 1654
1635 83
1636 636
1637 495
1638 206
1639 515
1640 999
1641 903
1642 731
1643 1690
1644 162
1645 1074
1646 753
1647 1395
1648 673
1649 1053
1650 1368
1651 6
1652 1086
1653 947
1654 304
1655 216
1656 1543
1657 341
1658 94
1659 858
1660 1620
1661 924
1662 1498
1663 1287
1664 1069
1665 288
1666 1
1667 1160
1668 83
1669 373
1670 815
1671 1434
1672 603
1673 510
1674 106
1675 1170
1676 881
1677 1528
1678 1499
1679 308
1680 1467
1681 51
1682 690
1683 1336
1684 492
1685 292
1686 580
1687 188
1688 1178
1689 648
1690 1094
1691 1617
1692 1365
1693 738
