0 396
1 465
2 1546
3 354
4 850
5 891
6 613
7 1267
8 943
9 1197
10 766
11 575
12 1095
13 533
14 1548
15 1104
16 902
17 1137
18 281
19 516
20 1143
21 771
22 1165
23 244
24 814
25 1220
26 845
27 1538
28 332
29 447
30 1508
31 1411
32 129
33 1679
34 1227
35 1240
36 639
37 543
38 648
39 1266
40 1052
41 789
42 1510
43 573
44 1550
45 1679
46 103
47 189
48 1329
49 243
50 1437
51 1323
52 1581
53 634
54 885
55 660
56 1482
57 163
58 380
59 783
60 314
61 1108
62 1544
63 1084
64 241
65 803
66 1682
67 978
68 33
69 40
70 812
71 302
72 1439
73 1443
74 302
75 738
76 1116
77 139
78 501
79 1410
80 1443
81 256
82 178
83 1329
84 425
85 96
86 871
87 761
88 467
89 1339
90 1226
91 157
92 584
93 1103
94 788
95 665
96 1245
97 1343
98 296
99 1440
100 1595
101 1202
102 114
103 1246
104 1495
105 579
106 591
107 334
108 230
109 1492
110 210
111 1396
112 171
113 1538
114 401
115 1090
116 490
117 363
118 1143
119 1362
120 1258
121 1037
122 3
123 1644
124 828
125 871
126 1008
127 1117
128 746
129 294
130 1607
131 922
132 675
133 409
134 1019
135 1537
136 815
137 1280
138 932
139 649
140 1180
141 528
142 325
143 539
144 1092
145 1152
146 425
147 46
148 1530
149 1611
150 483
151 1004
152 584
153 1376
154 1157
155 1250
156 1260
157 822
158 440
159 660
160 1331
161 308
162 885
163 1124
164 278
165 1530
166 1637
167 610
168 307
169 481
170 327
171 279
172 1153
173 907
174 1689
175 388
176 1135
177 1303
178 1590
179 1546
180 401
181 709
182 810
183 718
184 634
185 1290
186 805
187 865
188 821
189 1247
190 1446
191 649
192 1483
193 36
194 1205
195 1670
196 646
197 169
198 92
199 978
200 131
201 389
202 1242
203 1679
204 1441
205 43
206 9
207 166
208 1649
209 1170
210 1349
211 644
212 520
213 1539
214 545
215 177
216 1299
217 1643
218 1237
219 924
220 1220
221 948
222 540
223 1283
224 1335
225 1454
226 846
227 1631
228 1533
229 1467
230 385
231 1547
232 391
233 1138
234 1510
235 1008
236 1085
237 846
238 515
239 451
240 198
241 55
242 1478
243 1382
244 921
245 1060
246 1487
247 961
248 778
249 348
250 1233
251 209
252 598
253 79
254 544
255 481
256 1048
257 447
258 368
259 591
260 523
261 140
262 420
263 523
264 1102
265 692
266 1294
267 780
268 452
269 1448
270 858
271 1642
272 1630
273 942
274 919
275 949
276 9
277 840
278 1534
279 529
280 1079
281 1595
282 1688
283 1636
284 771
285 1417
286 444
287 361
288 786
289 575
290 1079
291 1136
292 99
293 1455
294 157
295 1569
296 483
297 1310
298 433
299 460
300 838
301 807
302 581
303 251
304 1180
305 1305
306 180
307 1020
308 1475
309 797
310 22
311 491
312 672
313 46
314 1052
315 862
316 536
317 315
318 700
319 1020
320 1206
321 696
322 1673
323 315
324 1438
325 1547
326 97
327 1351
328 831
329 1574
330 1385
331 1110
332 1047
333 748
334 1485
335 1531
336 830
337 737
338 242
339 356
340 1057
341 1424
342 1351
343 794
344 60
345 323
346 569
347 289
348 36
349 1258
350 908
351 772
352 1415
353 1196
354 420
355 685
356 1107
357 1498
358 321
359 577
360 1093
361 399
362 798
363 1226
364 1407
365 949
366 191
367 1693
368 293
369 544
370 314
371 19
372 1603
373 668
374 113
375 121
376 1452
377 243
378 1272
379 817
380 1186
381 638
382 575
383 689
384 729
385 1532
386 147
387 1423
388 797
389 153
390 1107
391 263
392 395
393 101
394 26
395 83
396 1562
397 495
398 258
399 1393
400 512
401 662
402 170
403 1581
404 1618
405 1166
406 1687
407 571
408 1306
409 503
410 1090
411 1024
412 1345
413 217
414 1311
415 1349
416 1093
417 1401
418 583
419 489
420 1591
421 554
422 64
423 1379
424 1257
425 1407
426 352
427 60
428 1482
429 572
430 1613
431 995
432 1054
433 560
434 1468
435 1101
436 86
437 774
438 1186
439 697
440 1412
441 572
442 1104
443 1081
444 249
445 923
446 1217
447 782
448 596
449 1222
450 1004
451 34
452 1014
453 401
454 1309
455 99
456 634
457 1059
458 1649
459 1372
460 508
461 558
462 375
463 72
464 1471
465 210
466 822
467 593
468 1499
469 149
470 1687
471 1611
472 162
473 836
474 1683
475 294
476 912
477 56
478 906
479 706
480 995
481 8
482 1519
483 406
484 1074
485 1316
486 67
487 278
488 453
489 1337
490 503
491 724
492 798
493 50
494 1043
495 1035
496 1082
497 633
498 1003
499 1343
500 1135
501 1218
502 1287
503 1527
504 684
505 1628
506 1282
507 921
508 1038
509 764
510 86
511 48
512 327
513 908
514 1260
515 950
516 1327
517 1517
518 660
519 539
520 969
521 278
522 377
523 675
524 1534
525 411
526 1097
527 991
528 75
529 1068
530 44
531 1367
532 231
533 347
534 412
535 990
536 262
537 1515
538 331
539 56
540 913
541 735
542 1598
543 1677
544 1056
545 815
546 838
547 1661
548 1276
549 1184
550 1220
551 1422
552 746
553 558
554 871
555 301
556 1172
557 1519
558 1468
559 256
560 771
561 1624
562 1653
563 1352
564 82
565 1677
566 314
567 639
568 568
569 880
570 1234
571 1481
572 1643
573 653
574 624
575 1598
576 528
577 1648
578 692
579 305
580 735
581 281
582 427
583 521
584 866
585 721
586 599
587 891
588 1455
589 255
590 1628
591 138
592 700
593 526
594 461
595 563
596 883
597 1059
598 588
599 1677
600 313
601 1343
602 402
603 471
604 1065
605 559
606 1066
607 343
608 560
609 467
610 1453
611 1252
612 406
613 186
614 1054
615 1578
616 1082
617 1600
618 1190
619 1106
620 677
621 684
622 608
623 618
624 1067
625 1081
626 169
627 579
628 432
629 582
630 440
631 87
632 396
633 249
634 1559
635 418
636 664
637 947
638 450
639 726
640 129
641 1177
642 1209
643 823
644 1300
645 768
646 283
647 1607
648 536
649 1531
650 1418
651 162
652 576
653 985
654 542
655 1498
656 565
657 197
658 1204
659 439
660 101
661 741
662 1065
663 385
664 797
665 419
666 1375
667 164
668 1401
669 608
670 823
671 1656
672 1573
673 940
674 951
675 1519
676 355
677 761
678 1645
679 957
680 300
681 928
682 1588
683 1436
684 484
685 163
686 1198
687 198
688 12
689 1025
690 502
691 1097
692 1196
693 853
694 1318
695 599
696 1120
697 372
698 278
699 945
700 537
701 1145
702 1631
703 406
704 1686
705 614
706 1638
707 761
708 1605
709 1038
710 830
711 76
712 66
713 1509
714 308
715 1390
716 733
717 1198
718 850
719 276
720 1691
721 1240
722 1672
723 18
724 224
725 766
726 7
727 1143
728 456
729 445
730 799
731 1293
732 574
733 74
734 1279
735 559
736 49
737 1007
738 1319
739 801
740 290
741 1124
742 1506
743 349
744 447
745 937
746 484
747 349
748 223
749 330
750 226
751 936
752 1094
753 1022
754 253
755 104
756 1280
757 704
758 450
759 588
760 229
761 751
762 697
763 1545
764 874
765 1312
766 784
767 1381
768 953
769 1088
770 1268
771 1669
772 879
773 357
774 679
775 750
776 447
777 1670
778 253
779 807
780 274
781 551
782 808
783 45
784 270
785 1559
786 495
787 1029
788 141
789 406
790 910
791 410
792 735
793 526
794 1416
795 948
796 168
797 736
798 838
799 770
800 816
801 314
802 863
803 247
804 256
805 1469
806 524
807 970
808 835
809 324
810 1100
811 776
812 759
813 92
814 329
815 313
816 1449
817 917
818 1321
819 1018
820 451
821 1600
822 1581
823 961
824 1440
825 1139
826 33
827 852
828 239
829 118
830 51
831 646
832 1191
833 1326
834 804
835 1641
836 854
837 931
838 747
839 435
840 1178
841 795
842 1071
843 597
844 478
845 585
846 870
847 1222
848 56
849 559
850 1553
851 157
852 816
853 15
854 427
855 841
856 780
857 892
858 1232
859 535
860 622
861 1005
862 1366
863 1181
864 588
865 1388
866 417
867 1065
868 113
869 896
870 1112
871 1421
872 989
873 1327
874 760
875 656
876 1123
877 1265
878 790
879 1168
880 595
881 510
882 602
883 1162
884 1254
885 1471
886 1613
887 1670
888 205
889 902
890 256
891 117
892 1679
893 559
894 638
895 342
896 857
897 1561
898 13
899 1142
900 421
901 1029
902 1271
903 872
904 454
905 76
906 119
907 1539
908 1625
909 244
910 230
911 45
912 227
913 1537
914 1086
915 1129
916 1208
917 550
918 1393
919 821
920 275
921 1427
922 976
923 1168
924 1465
925 1513
926 897
927 543
928 354
929 354
930 1165
931 1066
932 1074
933 1595
934 1691
935 954
936 1650
937 1628
938 1523
939 917
940 186
941 917
942 1309
943 1327
944 563
945 430
946 355
947 664
948 1367
949 121
950 1625
951 395
952 1058
953 127
954 1439
955 1579
956 825
957 828
958 43
959 1468
960 1212
961 276
962 842
963 1608
964 61
965 918
966 653
967 1451
968 769
969 1042
970 1652
971 1181
972 1066
973 853
974 1151
975 524
976 1434
977 1308
978 294
979 114
980 1074
981 838
982 1025
983 829
984 61
985 1355
986 1346
987 64
988 1451
989 666
990 73
991 808
992 1435
993 325
994 1601
995 462
996 567
997 1427
998 1508
999 1527
1000 1507
1001 1554
1002 1005
1003 311
1004 774
1005 1244
1006 1170
1007 773
1008 807
1009 449
1010 1310
1011 269
1012 801
1013 790
1014 221
1015 112
1016 296
1017 115
1018 794
1019 761
1020 3
1021 410
1022 1394
1023 1676
1024 84
1025 224
1026 671
1027 888
1028 109
1029 1473
1030 1641
1031 532
1032 44
1033 552
1034 1035
1035 1365
1036 954
1037 199
1038 370
1039 659
1040 1616
1041 836
1042 1175
1043 1001
1044 44
1045 1406
1046 495
1047 1308
1048 198
1049 926
1050 115
1051 506
1052 130
1053 884
1054 1362
1055 991
1056 1168
1057 1369
1058 1524
1059 1136
1060 965
1061 65
1062 1378
1063 1501
1064 199
1065 285
1066 1108
1067 1237
1068 760
1069 511
1070 168
1071 1249
1072 805
1073 320
1074 307
1075 1520
1076 1093
1077 153
1078 576
1079 1149
1080 1434
1081 1598
1082 1079
1083 477
1084 1363
1085 160
1086 818
1087 1621
1088 300
1089 1081
1090 1674
1091 93
1092 248
1093 920
1094 435
1095 1390
1096 998
1097 1359
1098 426
1099 1556
1100 1459
1101 1151
1102 127
1103 1692
1104 1
1105 333
1106 902
1107 594
1108 520
1109 907
1110 991
1111 1544
1112 954
1113 1187
1114 776
1115 971
1116 1431
1117 1357
1118 1276
1119 1373
1120 800
1121 1399
1122 383
1123 1156
1124 506
1125 966
1126 983
1127 1480
1128 122
1129 156
1130 110
1131 1191
1132 49
1133 1589
1134 264
1135 531
1136 1584
1137 1603
1138 1598
1139 1515
1140 1242
1141 8
1142 354
1143 369
1144 760
1145 517
1146 871
1147 1616
1148 146
1149 29
1150 1449
1151 1424
1152 678
1153 177
1154 1499
1155 908
1156 236
1157 28
1158 1137
1159 333
1160 163
1161 1509
1162 272
1163 1029
1164 948
1165 909
1166 4
1167 1397
1168 1539
1169 881
1170 961
1171 439
1172 129
1173 588
1174 320
1175 162
1176 433
1177 1482
1178 988
1179 1320
1180 1325
1181 1513
1182 1304
1183 895
1184 939
1185 314
1186 118
1187 349
1188 1630
1189 1543
1190 121
1191 583
1192 285
1193 1563
1194 466
1195 1411
1196 1569
1197 1119
1198 102
1199 951
1200 1032
1201 1374
1202 165
1203 1628
1204 27
1205 1099
1206 1617
1207 650
1208 1136
1209 685
1210 480
1211 871
1212 1181
1213 1410
1214 527
1215 441
1216 1332
1217 1572
1218 1019
1219 1692
1220 603
1221 211
1222 287
1223 359
1224 301
1225 920
1226 342
1227 580
1228 673
1229 973
1230 1520
1231 1579
1232 1286
1233 1223
1234 48
1235 1581
1236 116
1237 1446
1238 743
1239 608
1240 1497
1241 730
1242 1494
1243 1161
1244 1204
1245 177
1246 1350
1247 422
1248 3
1249 1340
1250 1044
1251 1597
1252 549
1253 1118
1254 1343
1255 1408
1256 391
1257 268
1258 1554
1259 1093
1260 900
1261 725
1262 1682
1263 620
1264 623
1265 514
1266 224
1267 1188
1268 1525
1269 1146
1270 176
1271 764
1272 1357
1273 1246
1274 884
1275 983
1276 425
1277 405
1278 1190
1279 1215
1280 1063
1281 29
1282 221
1283 1430
1284 814
1285 1093
1286 603
1287 251
1288 973
1289 107
1290 643
1291 1429
1292 662
1293 942
1294 392
1295 1462
1296 528
1297 125
1298 1343
1299 829
1300 151
1301 367
1302 217
1303 777
1304 157
1305 1164
1306 1010
1307 1033
1308 1068
1309 286
1310 1676
1311 730
1312 720
1313 1272
1314 1271
1315 1143
1316 815
1317 761
1318 536
1319 83
1320 632
1321 166
1322 1143
1323 701
1324 1102
1325 250
1326 344
1327 913
1328 994
1329 1414
1330 1544
1331 1439
1332 782
1333 1049
1334 1166
1335 1091
1336 141
1337 612
1338 177
1339 1415
1340 612
1341 408
1342 444
1343 921
1344 948
1345 1015
1346 13
1347 187
1348 493
1349 416
1350 313
1351 1158
1352 1061
1353 929
1354 625
1355 877
1356 878
1357 1465
1358 1522
1359 1674
1360 829
1361 1429
1362 678
1363 830
1364 1304
1365 1407
1366 1579
1367 1300
1368 1189
1369 326
1370 1078
1371 936
1372 690
1373 1203
1374 378
1375 1343
1376 1020
1377 48
1378 1565
1379 1360
1380 1319
1381 693
1382 560
1383 1360
1384 462
1385 1424
1386 1518
1387 674
1388 710
1389 482
1390 1018
1391 1485
1392 153
1393 1288
1394 1079
1395 1555
1396 107
1397 641
1398 905
1399 553
1400 135
1401 1097
1402 221
1403 106
1404 504
1405 231
1406 894
1407 179
1408 1581
1409 193
1410 776
1411 445
1412 799
1413 1517
1414 1312
1415 950
1416 822
1417 220
1418 1137
1419 291
1420 1358
1421 411
1422 691
1423 1498
1424 63
1425 1240
1426 286
1427 300
1428 1362
1429 1555
1430 478
1431 1429
1432 1085
1433 711
1434 254
1435 206
1436 631
1437 657
1438 470
1439 651
1440 443
1441 343
1442 185
1443 1240
1444 198
1445 1456
1446 209
1447 283
1448 148
1449 1528
1450 773
1451 1003
1452 710
1453 1631
1454 1594
1455 1493
1456 1376
1457 534
1458 1057
1459 754
1460 57
1461 1038
1462 17
1463 1623
1464 1566
1465 830
1466 1255
1467 455
1468 795
1469 1631
1470 627
1471 1134
1472 178
1473 58
1474 1331
1475 11
1476 1212
1477 511
1478 1565
1479 974
1480 1548
1481 833
1482 1048
1483 835
1484 984
1485 1169
1486 1669
1487 383
1488 671
1489 54
1490 936
1491 1164
1492 909
1493 372
1494 813
1495 1023
1496 444
1497 1017
1498 79
1499 1581
1500 720
1501 515
1502 1052
1503 1045
1504 308
1505 1213
1506 307
1507 1246
1508 94
1509 928
1510 242
1511 689
1512 1186
1513 877
1514 1090
1515 186
1516 42
1517 1161
1518 521
1519 81
1520 1142
1521 173
1522 112
1523 1479
1524 859
1525 341
1526 405
1527 1570
1528 1094
1529 1547
1530 1586
1531 1470
1532 1454
1533 776
1534 1052
1535 159
1536 1538
1537 986
1538 620
1539 979
1540 217
1541 375
1542 385
1543 714
1544 1110
1545 1607
1546 1659
1547 1531
1548 1445
1549 597
1550 811
1551 842
1552 75
1553 1178
1554 1169
1555 1567
1556 1390
1557 1399
1558 1114
1559 118
1560 304
1561 1213
1562 1175
1563 501
1564 255
1565 131
1566 976
1567 1376
1568 1330
1569 581
1570 918
1571 823
1572 498
1573 912
1574 934
1575 1272
1576 362
1577 136
1578 797
1579 1499
1580 117
1581 1451
1582 1214
1583 404
1584 643
1585 944
1586 1531
1587 616
1588 794
1589 1553
1590 1114
1591 265
1592 869
1593 731
1594 800
1595 1039
1596 798
1597 1016
1598 402
1599 986
1600 678
1601 1462
1602 637
1603 775
1604 1450
1605 265
1606 1306
1607 1112
1608 1261
1609 1302
1610 1388
1611 1123
1612 1229
1613 145
1614 732
1615 594
1616 932
1617 887
1618 1487
1619 312
1620 188
1621 1230
1622 605
1623 940
1624 1520
1625 1102
1626 1004
1627 1312
1628 1270
1629 1032
1630 894
1631 956
1632 1448
1633 90
1634 547
1635 707
1636 1146
1637 849
1638 984
1639 263
1640 991
1641 1241
1642 1492
1643 761
1644 569
1645 1469
1646 1132
1647 841
1648 347
1649 528
1650 152
1651 773
1652 211
1653 1182
1654 1268
1655 140
1656 1353
1657 171
1658 548
1659 996
1660 194
1661 298
1662 1122
1663 335
1664 37
1665 572
1666 1638
1667 268
1668 309
1669 1291
1670 630
1671 3
1672 1573
1673 279
1674 189
1675 1292
1676 939
1677 933
1678 947
1679 173
1680 1461
1681 229
1682 462
1683 1295
1684 378
1685 28
1686 799
1687 74
1688 1197
1689 1280
1690 113
1691 782
1692 565
1693 726
0 341
1 289
2 1546
3 301
4 1108
5 891
6 1595
7 887
8 943
9 469
10 66
11 575
12 338
13 533
14 676
15 1104
16 902
17 1137
18 281
19 677
20 1143
21 771
22 1165
23 877
24 814
25 1255
26 446
27 297
28 1672
29 381
30 1508
31 1403
32 386
33 1679
34 235
35 1640
36 1542
37 543
38 648
39 1266
40 937
41 75
42 1143
43 573
44 1550
45 1679
46 1607
47 1573
48 1329
49 1579
50 357
51 1149
52 1581
53 634
54 1507
55 660
56 173
57 1164
58 380
59 783
60 1227
61 758
62 1544
63 1084
64 1532
65 1119
66 230
67 978
68 33
69 40
70 166
71 302
72 624
73 1048
74 302
75 950
76 1116
77 139
78 650
79 914
80 738
81 1268
82 1109
83 1111
84 425
85 96
86 596
87 403
88 467
89 1339
90 1191
91 65
92 584
93 723
94 788
95 665
96 1479
97 1343
98 296
99 399
100 1595
101 1375
102 114
103 1246
104 61
105 369
106 1621
107 334
108 230
109 1492
110 210
111 1482
112 1266
113 1538
114 401
115 726
116 386
117 363
118 848
119 1362
120 1258
121 1037
122 834
123 92
124 828
125 446
126 1263
127 56
128 92
129 294
130 288
131 922
132 599
133 409
134 1508
135 1537
136 815
137 1280
138 932
139 731
140 68
141 884
142 325
143 1329
144 1092
145 1152
146 1301
147 46
148 254
149 1611
150 976
151 191
152 584
153 1392
154 1157
155 1250
156 885
157 822
158 1479
159 660
160 324
161 546
162 1277
163 1124
164 278
165 831
166 1637
167 610
168 307
169 481
170 1675
171 279
172 1153
173 907
174 1689
175 1071
176 1135
177 1303
178 1590
179 1242
180 401
181 682
182 1593
183 718
184 634
185 1290
186 1087
187 865
188 1243
189 1591
190 1446
191 892
192 1483
193 1341
194 1124
195 1670
196 1265
197 399
198 521
199 978
200 131
201 882
202 425
203 1679
204 1493
205 1171
206 185
207 166
208 1649
209 967
210 668
211 174
212 994
213 1471
214 408
215 177
216 1299
217 1568
218 1237
219 924
220 1220
221 684
222 1372
223 1283
224 750
225 13
226 1019
227 1631
228 714
229 894
230 385
231 1399
232 1679
233 1138
234 158
235 505
236 1085
237 846
238 65
239 451
240 198
241 1286
242 1478
243 460
244 1357
245 943
246 1487
247 612
248 1098
249 348
250 1233
251 947
252 598
253 902
254 544
255 765
256 1048
257 447
258 789
259 591
260 523
261 1135
262 1641
263 523
264 1102
265 1661
266 711
267 1218
268 452
269 1448
270 858
271 1642
272 35
273 942
274 919
275 949
276 1565
277 840
278 1534
279 1141
280 1329
281 1595
282 1688
283 1636
284 184
285 1482
286 444
287 361
288 786
289 173
290 705
291 371
292 99
293 1455
294 745
295 1569
296 483
297 913
298 433
299 1400
300 56
301 276
302 161
303 251
304 271
305 73
306 180
307 1020
308 106
309 797
310 671
311 1015
312 441
313 46
314 1539
315 862
316 1225
317 1479
318 550
319 1301
320 276
321 888
322 1247
323 315
324 510
325 575
326 791
327 1134
328 831
329 108
330 1385
331 1373
332 224
333 840
334 1485
335 734
336 830
337 737
338 242
339 1423
340 1431
341 1443
342 1351
343 1281
344 1319
345 323
346 569
347 88
348 36
349 218
350 1471
351 772
352 1008
353 752
354 101
355 436
356 1107
357 1498
358 60
359 817
360 959
361 399
362 1655
363 1226
364 1407
365 895
366 191
367 1558
368 293
369 544
370 1389
371 19
372 1603
373 485
374 113
375 121
376 339
377 243
378 389
379 817
380 7
381 756
382 1677
383 1024
384 729
385 1532
386 976
387 1423
388 797
389 153
390 245
391 263
392 414
393 532
394 26
395 576
396 897
397 268
398 772
399 1213
400 512
401 1385
402 1445
403 1581
404 1618
405 1224
406 1687
407 1417
408 287
409 1196
410 1090
411 139
412 1336
413 217
414 1311
415 135
416 605
417 298
418 583
419 1383
420 1591
421 500
422 64
423 1088
424 1532
425 1407
426 352
427 60
428 137
429 162
430 1613
431 1543
432 678
433 669
434 600
435 1101
436 86
437 1205
438 1022
439 697
440 1412
441 572
442 1104
443 1081
444 638
445 785
446 767
447 666
448 1240
449 1222
450 1164
451 34
452 328
453 444
454 1309
455 99
456 634
457 295
458 131
459 764
460 1164
461 1560
462 530
463 789
464 428
465 465
466 822
467 593
468 977
469 149
470 1011
471 1226
472 162
473 836
474 767
475 1544
476 809
477 56
478 906
479 744
480 1032
481 8
482 577
483 406
484 1687
485 1316
486 1353
487 1632
488 1306
489 207
490 503
491 1169
492 798
493 50
494 407
495 357
496 930
497 1656
498 230
499 56
500 1294
501 1218
502 251
503 347
504 439
505 1628
506 519
507 232
508 1038
509 1134
510 1250
511 48
512 327
513 1516
514 1260
515 950
516 552
517 678
518 1032
519 539
520 983
521 1438
522 377
523 675
524 1534
525 411
526 1097
527 683
528 714
529 568
530 1676
531 2
532 923
533 1158
534 526
535 703
536 262
537 1685
538 1146
539 389
540 913
541 735
542 1140
543 1677
544 711
545 815
546 838
547 1661
548 1276
549 1184
550 1220
551 1422
552 45
553 1494
554 274
555 680
556 171
557 1457
558 219
559 256
560 1654
561 1624
562 668
563 1599
564 886
565 1677
566 314
567 1401
568 897
569 880
570 1234
571 54
572 619
573 653
574 1127
575 1598
576 1371
577 1648
578 692
579 1656
580 735
581 281
582 465
583 521
584 1269
585 721
586 599
587 891
588 413
589 104
590 372
591 1288
592 700
593 901
594 461
595 933
596 146
597 961
598 588
599 1117
600 313
601 228
602 402
603 471
604 180
605 1372
606 470
607 343
608 823
609 467
610 203
611 186
612 406
613 541
614 987
615 1578
616 1579
617 1438
618 1190
619 419
620 562
621 957
622 608
623 368
624 1332
625 868
626 169
627 579
628 162
629 612
630 762
631 194
632 396
633 1603
634 66
635 140
636 664
637 947
638 1507
639 403
640 852
641 1177
642 1209
643 823
644 1223
645 1652
646 808
647 1607
648 1258
649 1531
650 1418
651 324
652 1482
653 246
654 542
655 775
656 118
657 1344
658 1204
659 1692
660 101
661 1080
662 884
663 1405
664 384
665 419
666 817
667 164
668 1401
669 478
670 823
671 1656
672 1073
673 940
674 951
675 439
676 894
677 125
678 1645
679 1402
680 1482
681 1532
682 1588
683 662
684 484
685 163
686 1198
687 1367
688 12
689 1025
690 1081
691 272
692 1214
693 1240
694 446
695 562
696 1120
697 1662
698 405
699 945
700 537
701 364
702 1495
703 406
704 93
705 1657
706 1049
707 319
708 117
709 470
710 830
711 318
712 1200
713 977
714 308
715 1390
716 570
717 1495
718 850
719 276
720 367
721 1240
722 1672
723 18
724 655
725 963
726 541
727 1143
728 1385
729 445
730 366
731 1293
732 574
733 1123
734 1279
735 542
736 245
737 1007
738 1319
739 801
740 290
741 709
742 108
743 1179
744 447
745 937
746 938
747 349
748 1449
749 330
750 1025
751 936
752 1094
753 1682
754 208
755 104
756 314
757 606
758 1636
759 1625
760 229
761 751
762 429
763 222
764 1121
765 1379
766 765
767 1381
768 953
769 934
770 830
771 211
772 879
773 357
774 530
775 162
776 447
777 610
778 1524
779 700
780 274
781 551
782 1051
783 45
784 243
785 1559
786 857
787 868
788 1677
789 406
790 1260
791 1333
792 735
793 526
794 1416
795 1509
796 1212
797 599
798 6
799 770
800 652
801 314
802 589
803 212
804 850
805 803
806 834
807 970
808 1029
809 1086
810 1100
811 776
812 230
813 945
814 329
815 313
816 939
817 917
818 1321
819 299
820 7
821 1600
822 1581
823 1352
824 1440
825 1139
826 33
827 852
828 404
829 118
830 968
831 172
832 1191
833 397
834 606
835 362
836 854
837 931
838 1690
839 486
840 1178
841 795
842 1071
843 597
844 478
845 585
846 920
847 757
848 1119
849 559
850 958
851 157
852 87
853 1022
854 427
855 841
856 811
857 572
858 1232
859 535
860 622
861 1005
862 603
863 1181
864 588
865 1388
866 1360
867 1422
868 161
869 149
870 1112
871 1494
872 338
873 897
874 329
875 801
876 480
877 164
878 160
879 1642
880 595
881 1348
882 602
883 1290
884 1254
885 1471
886 966
887 947
888 1055
889 1289
890 1590
891 126
892 1380
893 559
894 1336
895 342
896 857
897 1522
898 1197
899 1046
900 1084
901 1029
902 1271
903 1169
904 352
905 76
906 119
907 1539
908 1625
909 244
910 1493
911 45
912 1549
913 154
914 71
915 1129
916 1280
917 550
918 1393
919 616
920 793
921 887
922 744
923 993
924 1465
925 1513
926 1426
927 1474
928 248
929 354
930 573
931 1066
932 1517
933 1351
934 1691
935 1089
936 1348
937 938
938 756
939 917
940 186
941 917
942 1278
943 1495
944 575
945 330
946 355
947 664
948 1301
949 121
950 482
951 812
952 1058
953 127
954 170
955 1579
956 276
957 472
958 43
959 1453
960 765
961 276
962 477
963 1608
964 61
965 972
966 356
967 1451
968 852
969 1055
970 1344
971 1181
972 783
973 387
974 1151
975 374
976 1434
977 1308
978 46
979 114
980 1241
981 838
982 1025
983 829
984 1366
985 1164
986 1343
987 64
988 617
989 302
990 73
991 808
992 1252
993 325
994 1601
995 954
996 1583
997 118
998 1508
999 1636
1000 1507
1001 148
1002 75
1003 803
1004 1275
1005 307
1006 1170
1007 905
1008 135
1009 449
1010 1310
1011 120
1012 1572
1013 1295
1014 1557
1015 112
1016 1639
1017 890
1018 980
1019 761
1020 3
1021 1487
1022 482
1023 1676
1024 618
1025 224
1026 671
1027 229
1028 1028
1029 1473
1030 1641
1031 532
1032 44
1033 1118
1034 606
1035 1365
1036 1035
1037 1127
1038 370
1039 659
1040 622
1041 836
1042 1153
1043 1001
1044 44
1045 1406
1046 495
1047 1344
1048 175
1049 294
1050 1643
1051 650
1052 130
1053 1550
1054 596
1055 262
1056 1168
1057 705
1058 1524
1059 1136
1060 965
1061 511
1062 1378
1063 1501
1064 475
1065 285
1066 1677
1067 1237
1068 760
1069 756
1070 168
1071 1249
1072 805
1073 74
1074 307
1075 1520
1076 607
1077 153
1078 683
1079 794
1080 1434
1081 1111
1082 1079
1083 694
1084 1363
1085 160
1086 540
1087 1244
1088 1429
1089 393
1090 1674
1091 93
1092 248
1093 1513
1094 435
1095 1490
1096 916
1097 1359
1098 426
1099 1556
1100 1459
1101 1151
1102 1590
1103 1442
1104 1648
1105 376
1106 902
1107 594
1108 1069
1109 878
1110 480
1111 507
1112 954
1113 1187
1114 1108
1115 329
1116 325
1117 365
1118 781
1119 1373
1120 800
1121 1399
1122 713
1123 1156
1124 327
1125 966
1126 983
1127 1480
1128 122
1129 1220
1130 110
1131 1191
1132 92
1133 1589
1134 264
1135 1211
1136 438
1137 763
1138 1598
1139 1515
1140 132
1141 496
1142 1577
1143 840
1144 874
1145 517
1146 971
1147 233
1148 656
1149 29
1150 1449
1151 1424
1152 860
1153 49
1154 394
1155 1153
1156 236
1157 1021
1158 830
1159 1318
1160 1366
1161 1240
1162 924
1163 646
1164 698
1165 136
1166 1014
1167 1397
1168 1539
1169 124
1170 961
1171 1361
1172 129
1173 588
1174 320
1175 340
1176 897
1177 1482
1178 462
1179 206
1180 1574
1181 1513
1182 510
1183 1152
1184 939
1185 314
1186 118
1187 349
1188 1630
1189 1543
1190 1458
1191 734
1192 486
1193 1106
1194 466
1195 518
1196 1349
1197 1119
1198 457
1199 951
1200 1032
1201 821
1202 604
1203 1628
1204 27
1205 1099
1206 1368
1207 650
1208 1362
1209 685
1210 480
1211 1681
1212 1629
1213 38
1214 957
1215 441
1216 1332
1217 778
1218 1019
1219 1692
1220 1067
1221 211
1222 287
1223 136
1224 301
1225 920
1226 342
1227 580
1228 673
1229 405
1230 1520
1231 1579
1232 989
1233 1353
1234 1060
1235 1581
1236 984
1237 660
1238 338
1239 608
1240 1497
1241 1199
1242 1406
1243 1529
1244 490
1245 177
1246 525
1247 422
1248 1074
1249 1326
1250 1044
1251 1597
1252 947
1253 1360
1254 1421
1255 1511
1256 1055
1257 1521
1258 902
1259 771
1260 1206
1261 239
1262 1682
1263 620
1264 1691
1265 514
1266 1119
1267 1188
1268 1525
1269 1146
1270 176
1271 764
1272 1585
1273 1069
1274 884
1275 335
1276 111
1277 405
1278 337
1279 1215
1280 486
1281 29
1282 221
1283 878
1284 605
1285 1417
1286 1649
1287 717
1288 1427
1289 1361
1290 643
1291 1429
1292 451
1293 942
1294 333
1295 1222
1296 528
1297 1233
1298 1046
1299 381
1300 593
1301 367
1302 217
1303 777
1304 157
1305 1427
1306 339
1307 1254
1308 1684
1309 286
1310 1396
1311 730
1312 837
1313 1272
1314 1066
1315 1143
1316 815
1317 761
1318 495
1319 656
1320 8
1321 166
1322 1337
1323 701
1324 1102
1325 1509
1326 344
1327 329
1328 1446
1329 1414
1330 262
1331 1439
1332 782
1333 32
1334 1166
1335 1467
1336 376
1337 612
1338 1575
1339 135
1340 832
1341 408
1342 1388
1343 50
1344 948
1345 779
1346 787
1347 634
1348 1366
1349 493
1350 313
1351 1234
1352 1061
1353 929
1354 625
1355 877
1356 878
1357 1287
1358 1522
1359 716
1360 829
1361 1585
1362 678
1363 1597
1364 1304
1365 147
1366 1020
1367 32
1368 1189
1369 290
1370 1078
1371 1071
1372 1109
1373 1294
1374 378
1375 1478
1376 1020
1377 954
1378 1098
1379 1038
1380 94
1381 343
1382 560
1383 641
1384 427
1385 956
1386 1518
1387 674
1388 710
1389 1153
1390 539
1391 915
1392 153
1393 13
1394 752
1395 1555
1396 1417
1397 873
1398 905
1399 1520
1400 1066
1401 462
1402 221
1403 106
1404 504
1405 231
1406 894
1407 949
1408 430
1409 193
1410 776
1411 445
1412 354
1413 862
1414 1312
1415 950
1416 1091
1417 220
1418 671
1419 121
1420 550
1421 1661
1422 1522
1423 1196
1424 63
1425 1240
1426 286
1427 300
1428 1362
1429 75
1430 478
1431 1429
1432 97
1433 762
1434 61
1435 820
1436 631
1437 1100
1438 979
1439 651
1440 402
1441 1291
1442 185
1443 175
1444 1659
1445 358
1446 1472
1447 35
1448 148
1449 457
1450 716
1451 382
1452 1372
1453 1631
1454 169
1455 825
1456 1599
1457 534
1458 1057
1459 1440
1460 57
1461 1038
1462 1341
1463 685
1464 296
1465 1564
1466 1255
1467 1552
1468 76
1469 713
1470 339
1471 1134
1472 178
1473 58
1474 605
1475 169
1476 1212
1477 511
1478 1415
1479 794
1480 432
1481 1008
1482 1007
1483 835
1484 1082
1485 1169
1486 490
1487 1498
1488 199
1489 54
1490 1136
1491 593
1492 909
1493 372
1494 516
1495 1452
1496 571
1497 760
1498 1547
1499 118
1500 720
1501 585
1502 932
1503 210
1504 308
1505 1213
1506 307
1507 1246
1508 94
1509 928
1510 1177
1511 1036
1512 404
1513 383
1514 833
1515 999
1516 42
1517 1161
1518 969
1519 81
1520 851
1521 173
1522 112
1523 1479
1524 1281
1525 1065
1526 405
1527 1096
1528 1094
1529 93
1530 16
1531 1008
1532 937
1533 795
1534 1052
1535 159
1536 1538
1537 1223
1538 1466
1539 979
1540 217
1541 375
1542 9
1543 236
1544 1476
1545 1607
1546 1659
1547 1531
1548 1445
1549 1104
1550 95
1551 1498
1552 143
1553 467
1554 810
1555 1567
1556 325
1557 1399
1558 1114
1559 1334
1560 677
1561 1292
1562 1175
1563 501
1564 935
1565 479
1566 976
1567 1376
1568 473
1569 581
1570 670
1571 4
1572 844
1573 912
1574 509
1575 1272
1576 597
1577 136
1578 1661
1579 1615
1580 740
1581 458
1582 713
1583 912
1584 96
1585 1270
1586 716
1587 715
1588 1409
1589 652
1590 937
1591 265
1592 1062
1593 1313
1594 800
1595 1039
1596 798
1597 1016
1598 402
1599 986
1600 678
1601 694
1602 637
1603 1488
1604 1450
1605 265
1606 1306
1607 1112
1608 1261
1609 235
1610 624
1611 919
1612 1200
1613 655
1614 732
1615 594
1616 632
1617 930
1618 1487
1619 1385
1620 188
1621 882
1622 1053
1623 44
1624 1520
1625 518
1626 251
1627 1453
1628 1270
1629 1032
1630 894
1631 954
1632 1448
1633 90
1634 547
1635 458
1636 1551
1637 849
1638 984
1639 959
1640 1199
1641 1147
1642 650
1643 1272
1644 134
1645 1469
1646 1397
1647 401
1648 1590
1649 499
1650 152
1651 1654
1652 211
1653 1182
1654 1553
1655 140
1656 1353
1657 902
1658 233
1659 996
1660 1184
1661 298
1662 1122
1663 335
1664 567
1665 572
1666 1399
1667 1408
1668 309
1669 1582
1670 1414
1671 121
1672 1573
1673 279
1674 1428
1675 1292
1676 939
1677 933
1678 28
1679 143
1680 1380
1681 263
1682 462
1683 1295
1684 710
1685 28
1686 1497
1687 174
1688 970
1689 86
1690 918
1691 782
1692 578
1693 500
