0 606
1 950
2 935
3 1636
4 1431
5 164
6 1593
7 1478
8 1339
9 63
10 1557
11 1628
12 1190
13 355
14 759
15 823
16 817
17 676
18 1185
19 1099
20 67
21 312
22 1075
23 1192
24 45
25 1031
26 1486
27 1492
28 52
29 522
30 1319
31 1464
32 1142
33 187
34 150
35 120
36 625
37 889
38 583
39 786
40 423
41 244
42 1205
43 270
44 1320
45 648
46 650
47 1548
48 46
49 1056
50 391
51 580
52 696
53 278
54 153
55 1355
56 1371
57 738
58 817
59 1421
60 716
61 1565
62 1271
63 1439
64 794
65 293
66 1299
67 1553
68 527
69 185
70 910
71 614
72 26
73 98
74 1506
75 1256
76 997
77 376
78 1565
79 881
80 736
81 1324
82 518
83 45
84 768
85 1273
86 682
87 1290
88 1402
89 1076
90 297
91 961
92 1105
93 89
94 1364
95 437
96 345
97 1095
98 851
99 1558
100 487
101 323
102 718
103 734
104 7
105 1180
106 704
107 1317
108 1424
109 683
110 628
111 366
112 111
113 254
114 826
115 494
116 1569
117 217
118 1465
119 1267
120 1370
121 326
122 1250
123 826
124 578
125 99
126 905
127 1493
128 1486
129 1667
130 439
131 484
132 405
133 1593
134 974
135 425
136 115
137 850
138 348
139 393
140 347
141 1583
142 646
143 747
144 221
145 1007
146 1080
147 606
148 420
149 162
150 620
151 359
152 1166
153 728
154 1328
155 128
156 1424
157 1376
158 217
159 946
160 1111
161 75
162 1628
163 1416
164 1546
165 1065
166 307
167 1043
168 766
169 798
170 634
171 182
172 594
173 37
174 1296
175 17
176 1294
177 1130
178 964
179 1182
180 1632
181 1602
182 236
183 1648
184 1320
185 464
186 689
187 1422
188 1317
189 261
190 401
191 838
192 244
193 1677
194 819
195 1621
196 1108
197 38
198 925
199 674
200 580
201 1437
202 4
203 683
204 440
205 725
206 1242
207 286
208 1468
209 644
210 1559
211 951
212 1298
213 745
214 166
215 776
216 736
217 264
218 792
219 1495
220 656
221 72
222 1371
223 986
224 348
225 817
226 55
227 35
228 1642
229 916
230 726
231 1326
232 479
233 1688
234 190
235 742
236 517
237 1329
238 950
239 927
240 1574
241 44
242 802
243 1380
244 1120
245 185
246 1487
247 662
248 1249
249 729
250 45
251 1456
252 476
253 1571
254 771
255 1476
256 1675
257 433
258 213
259 1454
260 573
261 1589
262 1218
263 944
264 344
265 123
266 1261
267 627
268 776
269 217
270 1117
271 1078
272 1157
273 1472
274 1458
275 734
276 534
277 802
278 445
279 837
280 72
281 281
282 1398
283 1594
284 127
285 1606
286 341
287 1568
288 24
289 772
290 678
291 163
292 295
293 661
294 1198
295 412
296 841
297 1601
298 1137
299 1518
300 1639
301 1630
302 1663
303 1216
304 1163
305 783
306 1442
307 1014
308 973
309 430
310 316
311 1207
312 1349
313 1598
314 1609
315 240
316 685
317 508
318 1064
319 1184
320 212
321 114
322 1516
323 85
324 1156
325 1425
326 340
327 247
328 1097
329 300
330 1207
331 1495
332 1436
333 825
334 844
335 990
336 79
337 1354
338 688
339 369
340 245
341 1226
342 1603
343 187
344 1412
345 960
346 1040
347 1361
348 336
349 265
350 1685
351 1207
352 1384
353 1420
354 287
355 32
356 1060
357 628
358 1266
359 916
360 769
361 79
362 153
363 462
364 627
365 1135
366 1464
367 1022
368 1654
369 195
370 1396
371 1281
372 34
373 646
374 133
375 211
376 76
377 721
378 359
379 1338
380 1551
381 363
382 1225
383 120
384 1186
385 1663
386 710
387 219
388 1226
389 1031
390 1332
391 905
392 1540
393 1053
394 713
395 1090
396 1142
397 819
398 949
399 606
400 308
401 1085
402 758
403 262
404 1043
405 853
406 1143
407 583
408 515
409 527
410 818
411 1042
412 1355
413 166
414 447
415 450
416 1630
417 1580
418 403
419 644
420 1355
421 59
422 976
423 875
424 366
425 167
426 523
427 913
428 1452
429 1664
430 1075
431 713
432 702
433 1244
434 1445
435 202
436 24
437 381
438 1444
439 1521
440 621
441 109
442 352
443 1153
444 1024
445 1566
446 776
447 1011
448 532
449 1258
450 1684
451 603
452 996
453 34
454 1686
455 975
456 846
457 78
458 1241
459 1557
460 304
461 164
462 76
463 1030
464 314
465 996
466 714
467 1281
468 1379
469 1183
470 1366
471 207
472 780
473 989
474 1256
475 195
476 295
477 1639
478 991
479 442
480 1046
481 1564
482 942
483 316
484 1339
485 791
486 1206
487 1605
488 1600
489 1216
490 1318
491 1073
492 1492
493 1366
494 1540
495 1016
496 1333
497 1136
498 577
499 241
500 1045
501 439
502 67
503 526
504 229
505 1624
506 1322
507 1396
508 1062
509 1171
510 532
511 590
512 1203
513 259
514 188
515 1262
516 1409
517 950
518 1032
519 1690
520 1319
521 9
522 35
523 172
524 667
525 1589
526 842
527 894
528 1309
529 1644
530 752
531 633
532 704
533 1613
534 58
535 1126
536 1005
537 1644
538 1534
539 127
540 1439
541 445
542 256
543 1509
544 903
545 1362
546 1547
547 1237
548 902
549 762
550 1688
551 1330
552 94
553 1672
554 1379
555 1605
556 1135
557 324
558 1687
559 647
560 686
561 905
562 709
563 219
564 1044
565 1157
566 1208
567 1132
568 458
569 106
570 1606
571 1432
572 1018
573 208
574 286
575 1015
576 440
577 433
578 1336
579 1681
580 115
581 1551
582 1323
583 1445
584 1661
585 673
586 1469
587 609
588 236
589 1635
590 128
591 367
592 339
593 630
594 185
595 1142
596 854
597 1042
598 1457
599 303
600 1683
601 1080
602 69
603 1403
604 1204
605 1682
606 355
607 1143
608 1052
609 1690
610 1269
611 698
612 339
613 391
614 1035
615 1002
616 4
617 461
618 1193
619 860
620 543
621 1398
622 1362
623 1495
624 1296
625 1593
626 419
627 1394
628 1118
629 1052
630 635
631 413
632 835
633 454
634 1529
635 410
636 475
637 1446
638 149
639 1682
640 1281
641 184
642 776
643 1607
644 800
645 40
646 404
647 1443
648 728
649 1484
650 1418
651 55
652 1573
653 452
654 375
655 1296
656 368
657 239
658 1234
659 259
660 1151
661 729
662 1187
663 1240
664 1326
665 1454
666 1365
667 1227
668 1167
669 210
670 1114
671 1386
672 872
673 195
674 449
675 1045
676 384
677 463
678 1068
679 240
680 1427
681 1692
682 154
683 130
684 871
685 1482
686 238
687 707
688 267
689 236
690 443
691 1001
692 1336
693 1148
694 1025
695 1159
696 488
697 1307
698 310
699 865
700 827
701 1052
702 955
703 1517
704 80
705 941
706 260
707 1029
708 839
709 975
710 1112
711 1052
712 941
713 880
714 354
715 731
716 477
717 408
718 783
719 1323
720 364
721 1520
722 132
723 1621
724 585
725 146
726 1587
727 1318
728 1664
729 858
730 499
731 1483
732 1085
733 1288
734 1252
735 225
736 387
737 760
738 476
739 434
740 254
741 1181
742 433
743 1685
744 853
745 209
746 760
747 1570
748 1292
749 280
750 137
751 663
752 1252
753 561
754 1607
755 582
756 1622
757 1118
758 1580
759 593
760 312
761 6
762 479
763 829
764 276
765 1405
766 1639
767 1048
768 816
769 1332
770 463
771 792
772 1407
773 145
774 529
775 1666
776 995
777 1603
778 1393
779 526
780 1519
781 937
782 1284
783 1481
784 862
785 367
786 253
787 845
788 194
789 224
790 1230
791 626
792 1022
793 1569
794 184
795 1464
796 344
797 1161
798 48
799 1142
800 926
801 1493
802 1243
803 619
804 781
805 158
806 272
807 861
808 783
809 253
810 1042
811 1435
812 1592
813 1092
814 288
815 184
816 663
817 369
818 583
819 1016
820 1631
821 578
822 876
823 1563
824 164
825 112
826 322
827 1493
828 1492
829 374
830 1542
831 331
832 350
833 512
834 1463
835 1522
836 1224
837 402
838 979
839 178
840 1238
841 1390
842 1599
843 1505
844 366
845 1120
846 1618
847 1662
848 645
849 1637
850 519
851 798
852 984
853 464
854 330
855 934
856 342
857 616
858 1461
859 742
860 767
861 1147
862 542
863 1635
864 495
865 994
866 1618
867 292
868 547
869 1692
870 446
871 122
872 1692
873 1109
874 310
875 1454
876 1504
877 1337
878 623
879 154
880 1474
881 325
882 957
883 258
884 1308
885 550
886 460
887 57
888 1189
889 707
890 231
891 1681
892 1366
893 83
894 536
895 1109
896 304
897 176
898 487
899 1357
900 374
901 852
902 159
903 740
904 15
905 1644
906 155
907 708
908 758
909 1425
910 958
911 848
912 1335
913 914
914 467
915 854
916 731
917 75
918 1380
919 1384
920 16
921 1086
922 506
923 1043
924 880
925 406
926 1285
927 194
928 301
929 329
930 326
931 706
932 642
933 601
934 1197
935 477
936 51
937 86
938 1355
939 776
940 1127
941 1259
942 1355
943 242
944 1142
945 55
946 327
947 1489
948 964
949 751
950 235
951 851
952 1501
953 806
954 1264
955 512
956 628
957 761
958 18
959 1222
960 1236
961 463
962 800
963 396
964 1451
965 892
966 506
967 855
968 1206
969 1419
970 1534
971 1338
972 487
973 175
974 1551
975 1208
976 377
977 96
978 660
979 349
980 1297
981 378
982 1188
983 989
984 824
985 443
986 352
987 715
988 615
989 285
990 634
991 31
992 1557
993 929
994 1558
995 1580
996 1390
997 687
998 269
999 1611
1000 38
1001 76
1002 631
1003 480
1004 1078
1005 675
1006 619
1007 728
1008 20
1009 735
1010 116
1011 1470
1012 889
1013 510
1014 495
1015 1184
1016 58
1017 1625
1018 1142
1019 1672
1020 1073
1021 966
1022 1054
1023 249
1024 64
1025 491
1026 671
1027 1571
1028 1158
1029 87
1030 234
1031 1163
1032 1280
1033 678
1034 955
1035 403
1036 124
1037 791
1038 3
1039 1193
1040 721
1041 307
1042 1612
1043 1474
1044 207
1045 861
1046 272
1047 1134
1048 1286
1049 902
1050 401
1051 190
1052 677
1053 1537
1054 658
1055 1669
1056 1480
1057 520
1058 1379
1059 815
1060 1611
1061 331
1062 550
1063 549
1064 979
1065 984
1066 910
1067 1294
1068 716
1069 416
1070 339
1071 1559
1072 835
1073 1366
1074 1197
1075 1015
1076 975
1077 1547
1078 134
1079 820
1080 513
1081 303
1082 345
1083 213
1084 1090
1085 1375
1086 1601
1087 947
1088 816
1089 1335
1090 179
1091 685
1092 1397
1093 789
1094 680
1095 1282
1096 1518
1097 1582
1098 1031
1099 475
1100 289
1101 966
1102 944
1103 855
1104 99
1105 792
1106 1669
1107 796
1108 493
1109 1174
1110 1480
1111 744
1112 711
1113 335
1114 718
1115 1346
1116 1064
1117 1070
1118 913
1119 877
1120 1341
1121 1325
1122 688
1123 1263
1124 791
1125 11
1126 916
1127 786
1128 1503
1129 696
1130 303
1131 1123
1132 713
1133 1491
1134 969
1135 914
1136 53
1137 689
1138 1477
1139 231
1140 991
1141 1141
1142 1471
1143 1672
1144 272
1145 1567
1146 222
1147 249
1148 1251
1149 696
1150 1490
1151 1357
1152 1610
1153 545
1154 740
1155 1624
1156 895
1157 196
1158 427
1159 833
1160 846
1161 330
1162 1424
1163 1469
1164 651
1165 643
1166 1368
1167 1605
1168 744
1169 959
1170 170
1171 1611
1172 1350
1173 556
1174 906
1175 1646
1176 883
1177 484
1178 1675
1179 452
1180 1041
1181 705
1182 287
1183 350
1184 1648
1185 571
1186 431
1187 621
1188 1511
1189 36
1190 20
1191 299
1192 1612
1193 1586
1194 13
1195 772
1196 1610
1197 655
1198 1294
1199 164
1200 110
1201 860
1202 188
1203 654
1204 626
1205 27
1206 321
1207 196
1208 1442
1209 530
1210 673
1211 655
1212 827
1213 815
1214 103
1215 382
1216 599
1217 949
1218 76
1219 710
1220 154
1221 631
1222 1403
1223 543
1224 945
1225 1092
1226 1534
1227 1650
1228 1364
1229 427
1230 351
1231 1287
1232 1260
1233 123
1234 1359
1235 717
1236 128
1237 465
1238 1171
1239 1336
1240 1339
1241 1494
1242 1200
1243 964
1244 28
1245 162
1246 258
1247 1649
1248 1055
1249 1463
1250 1555
1251 1077
1252 1427
1253 938
1254 989
1255 561
1256 550
1257 1280
1258 923
1259 1526
1260 1578
1261 1135
1262 641
1263 1589
1264 706
1265 563
1266 1691
1267 1539
1268 1223
1269 1467
1270 677
1271 393
1272 711
1273 840
1274 835
1275 1078
1276 569
1277 676
1278 351
1279 1578
1280 581
1281 758
1282 632
1283 459
1284 1489
1285 1072
1286 599
1287 1502
1288 150
1289 703
1290 1566
1291 1635
1292 616
1293 666
1294 1339
1295 452
1296 294
1297 521
1298 772
1299 1560
1300 961
1301 1353
1302 524
1303 676
1304 826
1305 1012
1306 1212
1307 901
1308 428
1309 1242
1310 1264
1311 139
1312 1424
1313 428
1314 254
1315 984
1316 1351
1317 439
1318 1426
1319 807
1320 868
1321 1099
1322 1183
1323 1612
1324 452
1325 1068
1326 1241
1327 1494
1328 2
1329 4
1330 105
1331 852
1332 1322
1333 749
1334 697
1335 630
1336 1640
1337 522
1338 675
1339 1296
1340 1191
1341 726
1342 1093
1343 16
1344 556
1345 1412
1346 1238
1347 616
1348 1038
1349 1687
1350 198
1351 46
1352 277
1353 1477
1354 589
1355 657
1356 957
1357 1684
1358 824
1359 492
1360 845
1361 450
1362 695
1363 369
1364 1054
1365 1162
1366 1401
1367 761
1368 1350
1369 793
1370 1018
1371 919
1372 786
1373 642
1374 1567
1375 1190
1376 1527
1377 1192
1378 681
1379 1337
1380 288
1381 1574
1382 645
1383 679
1384 1361
1385 851
1386 1034
1387 697
1388 1498
1389 616
1390 306
1391 869
1392 659
1393 769
1394 773
1395 952
1396 956
1397 50
1398 1127
1399 299
1400 411
1401 168
1402 944
1403 185
1404 1336
1405 1266
1406 990
1407 647
1408 1124
1409 1305
1410 1328
1411 1347
1412 169
1413 521
1414 1455
1415 1033
1416 1632
1417 411
1418 1454
1419 763
1420 1286
1421 888
1422 1533
1423 1332
1424 1038
1425 616
1426 790
1427 1000
1428 1417
1429 452
1430 682
1431 650
1432 1075
1433 232
1434 1387
1435 1079
1436 357
1437 111
1438 33
1439 1312
1440 1583
1441 1054
1442 175
1443 1231
1444 969
1445 1216
1446 1312
1447 565
1448 80
1449 1583
1450 1161
1451 445
1452 143
1453 294
1454 439
1455 270
1456 1456
1457 1212
1458 868
1459 129
1460 141
1461 600
1462 766
1463 1683
1464 1678
1465 310
1466 1297
1467 1590
1468 299
1469 803
1470 215
1471 128
1472 844
1473 485
1474 1272
1475 494
1476 892
1477 156
1478 701
1479 551
1480 956
1481 431
1482 1460
1483 162
1484 1633
1485 844
1486 332
1487 1432
1488 799
1489 341
1490 1029
1491 1056
1492 1387
1493 1633
1494 993
1495 1635
1496 364
1497 146
1498 691
1499 273
1500 730
1501 423
1502 1431
1503 1167
1504 84
1505 307
1506 329
1507 312
1508 991
1509 1252
1510 1627
1511 626
1512 263
1513 1186
1514 1147
1515 518
1516 1187
1517 1167
1518 1485
1519 476
1520 1634
1521 856
1522 1326
1523 1163
1524 174
1525 74
1526 36
1527 573
1528 33
1529 1649
1530 29
1531 1066
1532 220
1533 302
1534 644
1535 1486
1536 1395
1537 965
1538 1001
1539 554
1540 107
1541 1540
1542 649
1543 718
1544 216
1545 831
1546 1388
1547 1018
1548 624
1549 1262
1550 592
1551 1671
1552 1273
1553 1669
1554 1516
1555 1407
1556 1210
1557 1447
1558 1033
1559 629
1560 628
1561 413
1562 1106
1563 794
1564 1069
1565 348
1566 233
1567 1480
1568 600
1569 844
1570 84
1571 1464
1572 428
1573 1203
1574 363
1575 1416
1576 1352
1577 80
1578 1164
1579 762
1580 1236
1581 983
1582 598
1583 1198
1584 415
1585 546
1586 202
1587 360
1588 459
1589 1682
1590 1065
1591 1032
1592 1296
1593 1186
1594 1321
1595 1636
1596 489
1597 567
1598 1163
1599 882
1600 318
1601 1377
1602 415
1603 1210
1604 1363
1605 1394
1606 1205
1607 1253
1608 1223
1609 1486
1610 132
1611 749
1612 110
1613 1229
1614 1439
1615 1600
1616 186
1617 1601
1618 1539
1619 189
1620 1622
1621 322
1622 277
1623 224
1624 1596
1625 742
1626 1065
1627 50
1628 498
1629 1165
1630 1318
1631 230
1632 1114
1633 9
1634 615
1635 182
1636 1192
1637 867
1638 886
1639 1311
1640 1490
1641 963
1642 1236
1643 1091
1644 146
1645 1539
1646 1201
1647 72
1648 537
1649 734
1650 890
1651 388
1652 1071
1653 1372
1654 603
1655 1204
1656 1022
1657 1017
1658 1424
1659 277
1660 1671
1661 916
1662 814
1663 1442
1664 1030
1665 1308
1666 1298
1667 258
1668 513
1669 894
1670 1297
1671 518
1672 1597
1673 185
1674 1232
1675 1635
1676 1269
1677 956
1678 447
1679 949
1680 1483
1681 947
1682 289
1683 297
1684 1482
1685 845
1686 1658
1687 408
1688 756
1689 1459
1690 1120
1691 831
1692 1083
1693 1629
0 843
1 183
2 935
3 1636
4 1431
5 1241
6 1593
7 1478
8 1339
9 732
10 1280
11 1628
12 187
13 517
14 759
15 823
16 817
17 1151
18 1185
19 816
20 1544
21 312
22 1440
23 1192
24 222
25 1199
26 1014
27 1560
28 52
29 740
30 1260
31 102
32 1142
33 1309
34 150
35 374
36 625
37 1612
38 583
39 966
40 537
41 244
42 133
43 270
44 1071
45 1670
46 1524
47 1525
48 468
49 1056
50 672
51 580
52 1406
53 581
54 153
55 1306
56 175
57 738
58 817
59 881
60 1465
61 1254
62 561
63 1439
64 363
65 1000
66 1299
67 768
68 200
69 842
70 969
71 614
72 132
73 267
74 1201
75 929
76 997
77 453
78 1565
79 881
80 362
81 1288
82 518
83 45
84 1018
85 1273
86 682
87 1290
88 1402
89 141
90 297
91 961
92 1009
93 89
94 1364
95 82
96 53
97 1095
98 851
99 483
100 852
101 1059
102 861
103 734
104 7
105 889
106 250
107 1585
108 1408
109 551
110 628
111 366
112 310
113 167
114 680
115 383
116 725
117 270
118 1473
119 1267
120 1339
121 1144
122 39
123 826
124 1387
125 1642
126 283
127 1198
128 1302
129 1667
130 898
131 484
132 1060
133 816
134 974
135 1168
136 1546
137 1312
138 1337
139 1671
140 347
141 1583
142 646
143 576
144 1185
145 1007
146 1080
147 606
148 532
149 162
150 604
151 844
152 1166
153 225
154 1328
155 128
156 843
157 404
158 217
159 1291
160 1111
161 75
162 1628
163 249
164 1635
165 1658
166 307
167 674
168 818
169 1162
170 864
171 182
172 854
173 37
174 975
175 1474
176 1294
177 457
178 964
179 279
180 521
181 1602
182 236
183 201
184 1320
185 464
186 689
187 266
188 1317
189 261
190 869
191 1258
192 244
193 1654
194 1485
195 1621
196 1108
197 38
198 925
199 1335
200 1693
201 1607
202 1669
203 1241
204 49
205 1475
206 1242
207 286
208 1468
209 729
210 162
211 597
212 390
213 678
214 1312
215 949
216 428
217 264
218 1301
219 1641
220 296
221 498
222 736
223 738
224 1368
225 68
226 444
227 35
228 223
229 72
230 1463
231 397
232 479
233 1688
234 190
235 641
236 517
237 556
238 551
239 1596
240 1608
241 44
242 10
243 1380
244 818
245 1296
246 1398
247 396
248 644
249 1093
250 601
251 1456
252 1182
253 1119
254 403
255 1320
256 1619
257 443
258 1651
259 168
260 1469
261 1589
262 1218
263 790
264 214
265 123
266 1261
267 1037
268 12
269 217
270 856
271 755
272 1157
273 1176
274 1458
275 734
276 808
277 802
278 203
279 837
280 81
281 1184
282 1398
283 1594
284 1376
285 1588
286 341
287 1568
288 1339
289 1691
290 678
291 163
292 295
293 1271
294 1100
295 786
296 841
297 1225
298 33
299 1518
300 664
301 1630
302 1663
303 415
304 957
305 952
306 1113
307 1014
308 895
309 430
310 316
311 1207
312 48
313 739
314 279
315 240
316 685
317 1417
318 1064
319 1184
320 1240
321 114
322 1516
323 1229
324 1357
325 1425
326 566
327 247
328 1317
329 1289
330 1439
331 1413
332 1417
333 825
334 1103
335 651
336 745
337 1354
338 688
339 369
340 1488
341 937
342 1603
343 187
344 1228
345 960
346 543
347 1361
348 984
349 438
350 825
351 1207
352 1384
353 1401
354 1389
355 1676
356 1060
357 628
358 172
359 916
360 899
361 79
362 114
363 292
364 204
365 38
366 1464
367 1224
368 466
369 703
370 965
371 368
372 34
373 1349
374 1404
375 1558
376 76
377 710
378 1136
379 1338
380 823
381 137
382 1582
383 120
384 892
385 1663
386 775
387 352
388 1596
389 295
390 1477
391 905
392 49
393 1199
394 713
395 1090
396 1142
397 819
398 949
399 763
400 581
401 652
402 758
403 262
404 1043
405 853
406 588
407 1295
408 515
409 527
410 746
411 1383
412 1330
413 743
414 447
415 1028
416 318
417 1517
418 629
419 644
420 1355
421 59
422 746
423 986
424 366
425 900
426 223
427 913
428 1088
429 1664
430 40
431 713
432 702
433 1244
434 1243
435 863
436 24
437 381
438 1547
439 958
440 621
441 1180
442 352
443 148
444 382
445 1085
446 776
447 681
448 354
449 740
450 19
451 624
452 782
453 1162
454 1686
455 975
456 846
457 78
458 1241
459 195
460 865
461 1213
462 886
463 1189
464 1209
465 996
466 714
467 51
468 1379
469 1183
470 310
471 1343
472 780
473 989
474 1256
475 195
476 651
477 1066
478 991
479 1445
480 1046
481 1564
482 1423
483 921
484 1531
485 791
486 1206
487 1605
488 1600
489 1216
490 895
491 389
492 1424
493 1366
494 1540
495 1016
496 1333
497 246
498 1643
499 764
500 1045
501 1068
502 67
503 103
504 428
505 1624
506 1322
507 718
508 1062
509 815
510 688
511 590
512 1203
513 1419
514 188
515 322
516 577
517 626
518 1032
519 1377
520 1319
521 1560
522 414
523 172
524 1541
525 1589
526 1566
527 894
528 1309
529 1680
530 258
531 633
532 1605
533 143
534 320
535 598
536 818
537 1644
538 1534
539 597
540 1565
541 421
542 256
543 933
544 988
545 1624
546 80
547 1197
548 902
549 714
550 1688
551 657
552 1167
553 122
554 1427
555 1605
556 881
557 803
558 1687
559 647
560 1
561 1570
562 670
563 78
564 1044
565 1157
566 1068
567 1132
568 1271
569 56
570 1606
571 1432
572 1334
573 215
574 286
575 1015
576 1351
577 1559
578 1336
579 1681
580 115
581 1551
582 1323
583 1445
584 609
585 1111
586 1469
587 140
588 1185
589 509
590 573
591 1242
592 685
593 1340
594 457
595 1142
596 384
597 1042
598 1457
599 1480
600 282
601 758
602 1542
603 1403
604 1204
605 1682
606 669
607 1143
608 1242
609 592
610 1269
611 1562
612 1085
613 729
614 1035
615 1323
616 4
617 412
618 1536
619 910
620 326
621 1398
622 157
623 193
624 1552
625 127
626 1351
627 86
628 757
629 125
630 635
631 413
632 1394
633 1533
634 746
635 410
636 798
637 172
638 1652
639 1682
640 761
641 184
642 180
643 1607
644 800
645 40
646 404
647 1443
648 1039
649 1618
650 1418
651 55
652 1573
653 348
654 375
655 1296
656 1433
657 239
658 1102
659 1552
660 412
661 1245
662 1187
663 1240
664 551
665 1153
666 375
667 966
668 1167
669 287
670 1114
671 864
672 1656
673 1406
674 951
675 1045
676 49
677 575
678 1068
679 240
680 1427
681 1692
682 31
683 745
684 871
685 1482
686 852
687 299
688 140
689 236
690 443
691 1239
692 535
693 1148
694 1672
695 1159
696 48
697 224
698 310
699 554
700 280
701 943
702 1437
703 296
704 80
705 753
706 260
707 1029
708 839
709 1040
710 478
711 1147
712 1092
713 165
714 921
715 413
716 859
717 408
718 1413
719 3
720 613
721 369
722 77
723 1621
724 585
725 1357
726 1587
727 1318
728 282
729 1578
730 499
731 976
732 1085
733 714
734 1252
735 225
736 219
737 760
738 1409
739 434
740 1360
741 1181
742 262
743 1506
744 853
745 209
746 268
747 647
748 257
749 316
750 930
751 143
752 271
753 561
754 1644
755 582
756 1242
757 1118
758 1580
759 431
760 312
761 1015
762 479
763 829
764 276
765 79
766 1085
767 311
768 120
769 1332
770 463
771 1624
772 1305
773 651
774 664
775 1527
776 850
777 1480
778 776
779 526
780 40
781 1251
782 859
783 839
784 54
785 465
786 1601
787 845
788 194
789 1031
790 1230
791 626
792 1022
793 1569
794 184
795 1464
796 344
797 1652
798 1369
799 1142
800 1563
801 1493
802 827
803 510
804 781
805 158
806 272
807 987
808 783
809 253
810 678
811 1435
812 813
813 1397
814 288
815 580
816 663
817 1393
818 1507
819 1016
820 1496
821 578
822 45
823 1563
824 376
825 112
826 322
827 1493
828 490
829 1692
830 291
831 205
832 350
833 679
834 1463
835 1522
836 1224
837 1017
838 14
839 527
840 1164
841 1354
842 1562
843 145
844 366
845 1344
846 1618
847 1662
848 994
849 1637
850 1477
851 1308
852 175
853 464
854 335
855 1436
856 419
857 715
858 1461
859 742
860 767
861 1147
862 542
863 1027
864 495
865 1052
866 560
867 861
868 547
869 1692
870 1063
871 412
872 1692
873 256
874 1511
875 80
876 1439
877 1387
878 623
879 154
880 1474
881 7
882 956
883 1138
884 623
885 550
886 947
887 1489
888 1283
889 1050
890 429
891 1456
892 1366
893 1666
894 90
895 749
896 131
897 1358
898 825
899 957
900 1584
901 1271
902 159
903 740
904 1148
905 754
906 155
907 1462
908 758
909 1425
910 421
911 916
912 1235
913 914
914 1638
915 1579
916 731
917 75
918 1380
919 1519
920 16
921 1060
922 553
923 831
924 880
925 1660
926 1285
927 194
928 1640
929 329
930 214
931 1574
932 642
933 8
934 445
935 1444
936 51
937 86
938 749
939 776
940 222
941 1259
942 1355
943 1209
944 188
945 1394
946 327
947 453
948 1107
949 751
950 825
951 851
952 1507
953 1335
954 280
955 317
956 139
957 981
958 1240
959 1526
960 1600
961 1112
962 800
963 1270
964 1166
965 892
966 506
967 855
968 1561
969 1419
970 1208
971 1338
972 1388
973 175
974 12
975 1208
976 377
977 96
978 660
979 349
980 1297
981 378
982 299
983 989
984 171
985 443
986 1205
987 1053
988 818
989 285
990 634
991 31
992 1278
993 929
994 1558
995 683
996 1390
997 687
998 879
999 1631
1000 38
1001 53
1002 1660
1003 1125
1004 1690
1005 494
1006 1495
1007 1030
1008 1472
1009 184
1010 78
1011 1470
1012 889
1013 240
1014 1337
1015 1184
1016 58
1017 1625
1018 1280
1019 1672
1020 646
1021 1685
1022 1054
1023 523
1024 577
1025 491
1026 671
1027 1367
1028 1195
1029 87
1030 207
1031 1163
1032 928
1033 15
1034 306
1035 1487
1036 124
1037 1558
1038 1285
1039 1193
1040 721
1041 1351
1042 1612
1043 599
1044 775
1045 902
1046 272
1047 747
1048 1286
1049 902
1050 401
1051 190
1052 899
1053 1680
1054 194
1055 1669
1056 649
1057 1435
1058 284
1059 289
1060 484
1061 439
1062 112
1063 549
1064 979
1065 740
1066 910
1067 1294
1068 716
1069 1323
1070 1151
1071 1559
1072 1316
1073 1366
1074 1197
1075 1015
1076 1335
1077 1547
1078 314
1079 1550
1080 513
1081 303
1082 345
1083 213
1084 1090
1085 313
1086 562
1087 947
1088 816
1089 331
1090 172
1091 13
1092 1397
1093 1150
1094 245
1095 1282
1096 1518
1097 1582
1098 1093
1099 749
1100 117
1101 966
1102 1
1103 855
1104 95
1105 533
1106 457
1107 796
1108 1234
1109 272
1110 1480
1111 122
1112 420
1113 335
1114 718
1115 1346
1116 1655
1117 1569
1118 1140
1119 877
1120 1341
1121 644
1122 771
1123 1263
1124 791
1125 1243
1126 405
1127 185
1128 562
1129 408
1130 794
1131 332
1132 713
1133 1536
1134 1290
1135 914
1136 53
1137 689
1138 1477
1139 247
1140 604
1141 1514
1142 1443
1143 1231
1144 272
1145 1567
1146 1372
1147 1221
1148 1251
1149 884
1150 1490
1151 1357
1152 1610
1153 1072
1154 593
1155 973
1156 895
1157 1449
1158 427
1159 623
1160 260
1161 749
1162 1365
1163 1670
1164 1562
1165 1330
1166 1368
1167 1605
1168 744
1169 1483
1170 170
1171 1611
1172 1008
1173 191
1174 906
1175 1646
1176 883
1177 484
1178 1005
1179 452
1180 1041
1181 705
1182 983
1183 1490
1184 1648
1185 571
1186 503
1187 621
1188 1511
1189 36
1190 20
1191 556
1192 1612
1193 1368
1194 13
1195 285
1196 51
1197 655
1198 783
1199 184
1200 325
1201 74
1202 1086
1203 845
1204 626
1205 27
1206 321
1207 1466
1208 1442
1209 530
1210 673
1211 2
1212 969
1213 815
1214 1688
1215 1651
1216 599
1217 86
1218 426
1219 710
1220 154
1221 1424
1222 1266
1223 917
1224 60
1225 374
1226 1534
1227 1650
1228 1364
1229 454
1230 351
1231 1287
1232 409
1233 123
1234 1190
1235 867
1236 284
1237 1456
1238 1171
1239 1410
1240 1291
1241 1494
1242 1200
1243 964
1244 1348
1245 1129
1246 649
1247 1649
1248 1055
1249 1463
1250 1555
1251 268
1252 1427
1253 1584
1254 989
1255 1523
1256 550
1257 34
1258 1497
1259 100
1260 1112
1261 1520
1262 1193
1263 1589
1264 72
1265 563
1266 1024
1267 1539
1268 1023
1269 1467
1270 677
1271 1370
1272 579
1273 840
1274 835
1275 1078
1276 1449
1277 676
1278 351
1279 1578
1280 1575
1281 1671
1282 1017
1283 459
1284 647
1285 1072
1286 660
1287 1246
1288 625
1289 703
1290 1566
1291 1635
1292 616
1293 400
1294 604
1295 452
1296 294
1297 521
1298 772
1299 1560
1300 748
1301 1353
1302 994
1303 676
1304 399
1305 1012
1306 1510
1307 901
1308 428
1309 1020
1310 1264
1311 559
1312 333
1313 428
1314 877
1315 403
1316 1351
1317 988
1318 338
1319 1003
1320 868
1321 1033
1322 1183
1323 244
1324 828
1325 17
1326 332
1327 1494
1328 2
1329 334
1330 1094
1331 1316
1332 1322
1333 749
1334 1442
1335 207
1336 1227
1337 520
1338 1426
1339 1296
1340 1501
1341 726
1342 144
1343 879
1344 14
1345 1412
1346 1612
1347 616
1348 1038
1349 443
1350 1693
1351 1050
1352 54
1353 1477
1354 1637
1355 657
1356 1688
1357 1379
1358 884
1359 210
1360 845
1361 450
1362 26
1363 1673
1364 80
1365 1162
1366 569
1367 57
1368 950
1369 5
1370 1018
1371 919
1372 1517
1373 642
1374 1567
1375 1190
1376 866
1377 1192
1378 174
1379 1337
1380 288
1381 1574
1382 645
1383 1350
1384 735
1385 1629
1386 1034
1387 1336
1388 44
1389 181
1390 1579
1391 541
1392 599
1393 761
1394 1464
1395 952
1396 956
1397 1510
1398 1127
1399 1204
1400 1550
1401 175
1402 1039
1403 185
1404 1336
1405 725
1406 1658
1407 773
1408 1124
1409 300
1410 1414
1411 1347
1412 169
1413 1530
1414 1455
1415 1474
1416 1289
1417 1062
1418 313
1419 786
1420 24
1421 888
1422 95
1423 544
1424 1038
1425 616
1426 790
1427 29
1428 1417
1429 1212
1430 286
1431 650
1432 637
1433 232
1434 611
1435 104
1436 357
1437 111
1438 325
1439 1312
1440 272
1441 1544
1442 175
1443 813
1444 969
1445 1216
1446 573
1447 1630
1448 1631
1449 403
1450 1161
1451 445
1452 143
1453 615
1454 733
1455 1038
1456 1456
1457 1315
1458 868
1459 129
1460 712
1461 600
1462 1257
1463 1683
1464 1079
1465 1238
1466 479
1467 310
1468 1236
1469 1012
1470 215
1471 427
1472 844
1473 485
1474 872
1475 494
1476 1532
1477 156
1478 917
1479 553
1480 956
1481 431
1482 1460
1483 162
1484 1633
1485 228
1486 385
1487 1432
1488 799
1489 556
1490 1029
1491 1373
1492 1387
1493 1579
1494 448
1495 1635
1496 1276
1497 1418
1498 122
1499 892
1500 730
1501 243
1502 366
1503 930
1504 1426
1505 307
1506 1238
1507 1089
1508 991
1509 263
1510 1426
1511 626
1512 1386
1513 1186
1514 1147
1515 545
1516 1187
1517 681
1518 1485
1519 476
1520 1634
1521 1271
1522 794
1523 1163
1524 1312
1525 74
1526 1254
1527 1426
1528 141
1529 1478
1530 162
1531 1066
1532 220
1533 302
1534 374
1535 468
1536 1418
1537 965
1538 1331
1539 1051
1540 206
1541 1540
1542 1419
1543 718
1544 819
1545 852
1546 817
1547 1018
1548 624
1549 1262
1550 592
1551 1176
1552 1273
1553 479
1554 1529
1555 464
1556 1210
1557 97
1558 1033
1559 1025
1560 982
1561 820
1562 1418
1563 120
1564 100
1565 348
1566 233
1567 1459
1568 1185
1569 733
1570 843
1571 1464
1572 428
1573 503
1574 1584
1575 1236
1576 286
1577 273
1578 161
1579 707
1580 514
1581 983
1582 1597
1583 308
1584 415
1585 995
1586 202
1587 330
1588 459
1589 1400
1590 844
1591 605
1592 1591
1593 1186
1594 895
1595 438
1596 489
1597 567
1598 667
1599 604
1600 318
1601 1598
1602 415
1603 1210
1604 891
1605 1668
1606 1205
1607 28
1608 1194
1609 172
1610 774
1611 749
1612 110
1613 180
1614 1439
1615 1600
1616 9
1617 1601
1618 1539
1619 630
1620 1529
1621 322
1622 948
1623 224
1624 1130
1625 1311
1626 1065
1627 1079
1628 941
1629 152
1630 368
1631 1254
1632 1114
1633 736
1634 615
1635 1018
1636 77
1637 88
1638 886
1639 1465
1640 1066
1641 1652
1642 977
1643 666
1644 287
1645 1187
1646 1201
1647 952
1648 537
1649 734
1650 890
1651 1286
1652 1071
1653 1372
1654 1513
1655 1204
1656 1495
1657 289
1658 395
1659 277
1660 125
1661 916
1662 725
1663 1442
1664 1030
1665 1308
1666 361
1667 331
1668 712
1669 475
1670 1170
1671 712
1672 1107
1673 774
1674 1078
1675 1635
1676 1269
1677 511
1678 447
1679 519
1680 1118
1681 947
1682 569
1683 297
1684 660
1685 845
1686 314
1687 408
1688 1290
1689 1459
1690 950
1691 461
1692 237
1693 1185
