0 45
1 2
2 23
3 25
4 14
5 10
6 0
7 25
8 10
9 33
10 30
11 29
12 28
13 45
14 15
15 20
16 42
17 16
18 0
19 14
20 11
21 3
22 44
23 19
24 4
25 45
26 21
27 11
28 12
29 17
30 14
31 24
32 36
33 3
34 12
35 33
36 9
37 41
38 23
39 39
40 38
41 17
42 30
43 17
44 4
45 38
0 16
1 2
2 23
3 25
4 13
5 10
6 16
7 25
8 30
9 1
10 29
11 29
12 28
13 45
14 15
15 20
16 29
17 16
18 0
19 14
20 11
21 23
22 22
23 19
24 3
25 39
26 21
27 11
28 2
29 44
30 24
31 43
32 36
33 31
34 12
35 33
36 9
37 20
38 23
39 31
40 38
41 17
42 11
43 17
44 4
45 6
