0 34
1 12
2 3
3 33
4 28
5 29
6 9
7 32
8 31
9 10
10 33
11 33
12 35
13 20
14 30
15 43
16 1
17 39
18 3
19 17
20 14
21 31
22 34
23 33
24 24
25 1
26 37
27 32
28 40
29 33
30 17
31 31
32 32
33 33
34 2
35 42
36 21
37 4
38 19
39 45
40 39
41 28
42 27
43 44
44 34
45 11
0 34
1 12
2 3
3 33
4 43
5 29
6 9
7 25
8 31
9 27
10 33
11 33
12 35
13 20
14 30
15 43
16 1
17 39
18 3
19 37
20 14
21 31
22 3
23 44
24 15
25 1
26 37
27 41
28 1
29 27
30 17
31 31
32 32
33 25
34 2
35 31
36 15
37 4
38 19
39 32
40 33
41 28
42 27
43 41
44 34
45 11
