0 40
1 44
2 40
3 11
4 27
5 39
6 33
7 34
8 29
9 1
10 34
11 14
12 18
13 43
14 1
15 25
16 1
17 43
18 15
19 22
20 32
21 8
22 21
23 30
24 41
25 17
26 5
27 23
28 26
29 32
30 18
31 30
32 40
33 44
34 20
35 11
36 39
37 35
38 26
39 23
40 30
41 22
42 8
43 40
44 10
45 30
0 37
1 44
2 40
3 34
4 37
5 39
6 33
7 15
8 29
9 19
10 34
11 14
12 12
13 43
14 1
15 25
16 2
17 43
18 15
19 32
20 38
21 8
22 18
23 31
24 14
25 17
26 5
27 23
28 26
29 32
30 18
31 30
32 40
33 44
34 20
35 11
36 39
37 12
38 29
39 23
40 0
41 45
42 8
43 22
44 25
45 41
