0 35
1 35
2 25
3 32
4 5
5 0
6 38
7 9
8 33
9 3
10 16
11 31
12 25
13 43
14 5
15 41
16 32
17 29
18 40
19 13
20 3
21 31
22 40
23 27
24 2
25 35
26 32
27 30
28 13
29 8
30 16
31 41
32 31
33 27
34 24
35 1
36 25
37 41
38 31
39 19
40 23
41 39
42 36
43 19
44 43
45 21
0 9
1 35
2 25
3 32
4 26
5 7
6 40
7 9
8 33
9 3
10 42
11 31
12 0
13 43
14 20
15 41
16 32
17 29
18 40
19 13
20 3
21 31
22 0
23 8
24 2
25 35
26 32
27 1
28 13
29 8
30 37
31 3
32 31
33 27
34 8
35 1
36 9
37 20
38 11
39 19
40 23
41 19
42 31
43 34
44 43
45 18
