0 31
1 44
2 28
3 44
4 6
5 17
6 9
7 16
8 28
9 42
10 23
11 30
12 41
13 39
14 34
15 11
16 10
17 44
18 21
19 23
20 21
21 15
22 32
23 23
24 13
25 6
26 24
27 40
28 4
29 22
30 7
31 19
32 20
33 18
34 2
35 27
36 33
37 33
38 39
39 28
40 26
41 17
42 20
43 21
44 18
45 35
0 0
1 44
2 19
3 14
4 39
5 17
6 24
7 16
8 28
9 42
10 23
11 30
12 41
13 28
14 34
15 11
16 10
17 44
18 21
19 18
20 19
21 5
22 32
23 19
24 40
25 6
26 24
27 40
28 4
29 22
30 33
31 19
32 20
33 37
34 33
35 27
36 39
37 34
38 19
39 45
40 41
41 19
42 20
43 21
44 23
45 23
