0 38
1 43
2 2
3 19
4 21
5 18
6 28
7 26
8 36
9 42
10 9
11 10
12 5
13 16
14 14
15 24
16 1
17 1
18 19
19 39
20 13
21 22
22 26
23 28
24 43
25 38
26 31
27 34
28 10
29 8
30 28
31 38
32 3
33 17
34 27
35 30
36 11
37 35
38 30
39 5
40 45
41 43
42 36
43 6
44 3
45 21
0 38
1 43
2 2
3 19
4 17
5 33
6 28
7 31
8 36
9 32
10 9
11 10
12 10
13 16
14 40
15 34
16 11
17 1
18 10
19 39
20 13
21 22
22 25
23 15
24 43
25 38
26 31
27 34
28 10
29 39
30 31
31 4
32 7
33 17
34 27
35 30
36 11
37 35
38 7
39 5
40 20
41 43
42 36
43 33
44 14
45 21
