0 25
1 43
2 42
3 38
4 20
5 39
6 20
7 28
8 2
9 13
10 6
11 7
12 6
13 3
14 31
15 20
16 18
17 30
18 41
19 28
20 30
21 39
22 44
23 7
24 37
25 5
26 8
27 5
28 0
29 3
30 16
31 41
32 0
33 41
34 24
35 37
36 20
37 4
38 22
39 28
40 42
41 16
42 18
43 3
44 30
45 42
0 15
1 44
2 42
3 32
4 20
5 39
6 12
7 26
8 2
9 34
10 6
11 7
12 6
13 2
14 31
15 44
16 18
17 30
18 17
19 28
20 30
21 39
22 42
23 36
24 37
25 5
26 8
27 5
28 0
29 3
30 23
31 26
32 0
33 34
34 8
35 37
36 11
37 3
38 22
39 28
40 42
41 16
42 35
43 3
44 30
45 42
