0 13
1 19
2 23
3 39
4 18
5 45
6 21
7 13
8 24
9 45
10 7
11 6
12 26
13 5
14 15
15 37
16 13
17 36
18 41
19 13
20 16
21 24
22 16
23 31
24 23
25 3
26 8
27 23
28 42
29 42
30 34
31 25
32 30
33 32
34 8
35 23
36 30
37 22
38 15
39 17
40 35
41 40
42 44
43 21
44 35
45 29
0 12
1 19
2 23
3 39
4 18
5 28
6 33
7 13
8 24
9 45
10 39
11 6
12 24
13 5
14 15
15 22
16 13
17 10
18 41
19 13
20 12
21 37
22 17
23 1
24 23
25 45
26 8
27 23
28 31
29 42
30 34
31 31
32 30
33 32
34 8
35 23
36 30
37 22
38 11
39 29
40 35
41 40
42 44
43 21
44 32
45 29
