0 24
1 45
2 40
3 32
4 9
5 22
6 25
7 17
8 20
9 26
10 11
11 13
12 17
13 13
14 35
15 9
16 1
17 44
18 36
19 15
20 20
21 16
22 7
23 43
24 20
25 13
26 3
27 8
28 15
29 8
30 21
31 0
32 42
33 14
34 39
35 31
36 45
37 35
38 15
39 6
40 30
41 16
42 21
43 14
44 22
45 0
0 6
1 45
2 40
3 18
4 30
5 27
6 25
7 45
8 20
9 0
10 11
11 41
12 12
13 13
14 35
15 9
16 19
17 44
18 45
19 15
20 43
21 16
22 29
23 43
24 20
25 13
26 3
27 8
28 15
29 8
30 27
31 0
32 4
33 1
34 39
35 31
36 45
37 40
38 15
39 6
40 30
41 1
42 21
43 11
44 13
45 0
