0 12
1 12
2 40
3 8
4 38
5 38
6 5
7 14
8 11
9 20
10 24
11 7
12 44
13 8
14 16
15 30
16 16
17 14
18 21
19 25
20 27
21 31
22 15
23 43
24 28
25 35
26 3
27 38
28 20
29 14
30 39
31 20
32 9
33 31
34 15
35 1
36 22
37 17
38 39
39 2
40 33
41 3
42 38
43 36
44 22
45 32
0 16
1 14
2 27
3 8
4 38
5 38
6 33
7 14
8 2
9 20
10 44
11 18
12 24
13 14
14 42
15 30
16 21
17 14
18 20
19 25
20 27
21 31
22 15
23 25
24 28
25 35
26 3
27 38
28 20
29 14
30 15
31 24
32 9
33 31
34 15
35 1
36 39
37 44
38 11
39 2
40 8
41 3
42 13
43 36
44 33
45 18
