0 152
1 104
2 117
3 107
4 122
5 121
6 141
7 124
8 66
9 30
10 1
11 31
12 116
13 57
14 100
15 140
16 115
17 44
18 0
19 135
20 134
21 120
22 59
23 150
24 49
25 45
26 49
27 145
28 58
29 148
30 65
31 122
32 28
33 45
34 108
35 41
36 127
37 76
38 22
39 14
40 28
41 3
42 110
43 126
44 133
45 17
46 58
47 100
48 73
49 41
50 109
51 50
52 108
53 102
54 17
55 131
56 52
57 0
58 74
59 100
60 10
61 30
62 101
63 18
64 2
65 130
66 43
67 95
68 124
69 57
70 121
71 62
72 47
73 26
74 116
75 59
76 17
77 116
78 55
79 107
80 112
81 118
82 97
83 81
84 136
85 78
86 7
87 88
88 97
89 100
90 28
91 103
92 23
93 137
94 123
95 92
96 42
97 117
98 98
99 34
100 84
101 84
102 113
103 86
104 70
105 112
106 55
107 30
108 75
109 116
110 154
111 20
112 120
113 74
114 61
115 4
116 42
117 103
118 80
119 117
120 155
121 88
122 112
123 146
124 27
125 133
126 119
127 38
128 59
129 37
130 128
131 132
132 44
133 135
134 117
135 89
136 152
137 90
138 44
139 27
140 77
141 53
142 30
143 29
144 38
145 38
146 120
147 148
148 81
149 139
150 66
151 53
152 149
153 141
154 53
155 68
156 118
157 87
0 131
1 38
2 117
3 107
4 122
5 121
6 141
7 124
8 66
9 86
10 154
11 69
12 116
13 84
14 146
15 151
16 115
17 97
18 0
19 150
20 134
21 10
22 119
23 150
24 29
25 45
26 49
27 77
28 26
29 148
30 7
31 122
32 130
33 146
34 101
35 41
36 127
37 76
38 93
39 156
40 28
41 3
42 110
43 126
44 133
45 17
46 58
47 111
48 13
49 112
50 109
51 152
52 78
53 140
54 99
55 112
56 52
57 0
58 74
59 100
60 10
61 30
62 117
63 18
64 64
65 130
66 147
67 95
68 28
69 85
70 121
71 62
72 47
73 22
74 116
75 134
76 17
77 116
78 55
79 107
80 112
81 118
82 16
83 157
84 136
85 141
86 7
87 155
88 97
89 100
90 28
91 30
92 143
93 78
94 107
95 92
96 157
97 142
98 98
99 34
100 0
101 84
102 113
103 86
104 70
105 112
106 55
107 30
108 75
109 43
110 90
111 76
112 40
113 52
114 61
115 156
116 154
117 147
118 80
119 62
120 39
121 10
122 112
123 124
124 27
125 79
126 119
127 38
128 122
129 37
130 101
131 132
132 44
133 135
134 117
135 89
136 63
137 90
138 44
139 27
140 80
141 53
142 107
143 41
144 38
145 105
146 99
147 148
148 56
149 139
150 66
151 53
152 71
153 4
154 28
155 68
156 118
157 87
