0 123
1 126
2 112
3 129
4 29
5 77
6 50
7 61
8 120
9 29
10 123
11 109
12 46
13 103
14 154
15 49
16 94
17 116
18 6
19 139
20 96
21 117
22 61
23 129
24 5
25 50
26 60
27 7
28 142
29 88
30 5
31 13
32 34
33 123
34 149
35 124
36 70
37 53
38 71
39 22
40 51
41 57
42 3
43 144
44 68
45 71
46 18
47 80
48 87
49 143
50 107
51 4
52 19
53 80
54 113
55 78
56 122
57 99
58 47
59 144
60 67
61 157
62 130
63 21
64 50
65 23
66 118
67 54
68 37
69 129
70 106
71 13
72 46
73 96
74 104
75 135
76 65
77 100
78 77
79 151
80 42
81 128
82 43
83 80
84 85
85 87
86 32
87 134
88 11
89 96
90 73
91 92
92 34
93 149
94 4
95 99
96 138
97 21
98 79
99 143
100 131
101 8
102 153
103 87
104 56
105 39
106 12
107 0
108 61
109 50
110 57
111 82
112 69
113 86
114 108
115 57
116 31
117 145
118 42
119 137
120 27
121 17
122 114
123 39
124 148
125 24
126 151
127 17
128 29
129 87
130 5
131 82
132 55
133 142
134 36
135 101
136 30
137 83
138 32
139 129
140 7
141 99
142 139
143 153
144 71
145 155
146 103
147 150
148 37
149 146
150 89
151 138
152 105
153 153
154 32
155 62
156 136
157 21
0 94
1 74
2 112
3 129
4 29
5 135
6 50
7 61
8 120
9 29
10 2
11 109
12 73
13 64
14 154
15 49
16 94
17 8
18 116
19 85
20 96
21 125
22 61
23 14
24 5
25 155
26 60
27 91
28 142
29 88
30 5
31 65
32 34
33 44
34 149
35 124
36 97
37 53
38 71
39 22
40 51
41 97
42 123
43 144
44 68
45 7
46 18
47 80
48 87
49 143
50 58
51 111
52 126
53 80
54 113
55 79
56 122
57 67
58 47
59 45
60 67
61 59
62 130
63 114
64 140
65 132
66 118
67 21
68 37
69 129
70 106
71 98
72 13
73 96
74 104
75 135
76 65
77 100
78 147
79 151
80 24
81 128
82 15
83 80
84 13
85 87
86 32
87 84
88 129
89 96
90 57
91 92
92 34
93 149
94 151
95 67
96 96
97 153
98 10
99 143
100 131
101 8
102 153
103 87
104 56
105 111
106 149
107 0
108 132
109 95
110 156
111 23
112 69
113 141
114 36
115 127
116 31
117 145
118 125
119 57
120 27
121 43
122 51
123 38
124 148
125 155
126 151
127 69
128 29
129 87
130 73
131 82
132 55
133 142
134 20
135 124
136 101
137 83
138 32
139 129
140 7
141 99
142 139
143 74
144 71
145 155
146 103
147 150
148 37
149 146
150 89
151 138
152 150
153 153
154 32
155 5
156 75
157 21
