0 149
1 3
2 46
3 63
4 32
5 31
6 52
7 146
8 93
9 124
10 21
11 6
12 111
13 128
14 7
15 18
16 118
17 126
18 95
19 73
20 72
21 40
22 9
23 99
24 113
25 4
26 90
27 84
28 115
29 140
30 7
31 149
32 1
33 44
34 39
35 43
36 4
37 104
38 98
39 141
40 86
41 108
42 117
43 40
44 6
45 103
46 15
47 121
48 22
49 154
50 50
51 153
52 139
53 121
54 112
55 129
56 136
57 7
58 62
59 80
60 10
61 121
62 43
63 28
64 126
65 3
66 60
67 143
68 115
69 144
70 22
71 7
72 33
73 25
74 77
75 38
76 147
77 22
78 2
79 98
80 88
81 23
82 129
83 156
84 53
85 69
86 10
87 127
88 22
89 113
90 46
91 112
92 94
93 138
94 21
95 67
96 26
97 67
98 157
99 38
100 113
101 99
102 17
103 27
104 108
105 20
106 58
107 148
108 32
109 126
110 117
111 25
112 82
113 91
114 115
115 73
116 73
117 99
118 113
119 25
120 79
121 86
122 96
123 41
124 43
125 88
126 9
127 141
128 110
129 129
130 84
131 110
132 16
133 62
134 89
135 124
136 127
137 131
138 69
139 24
140 53
141 109
142 82
143 19
144 50
145 28
146 12
147 52
148 76
149 42
150 45
151 28
152 118
153 74
154 25
155 115
156 52
157 137
0 59
1 138
2 0
3 6
4 32
5 66
6 52
7 146
8 93
9 25
10 118
11 6
12 142
13 128
14 121
15 18
16 59
17 126
18 96
19 73
20 72
21 41
22 20
23 99
24 113
25 155
26 90
27 84
28 69
29 127
30 7
31 149
32 1
33 44
34 39
35 43
36 133
37 104
38 90
39 141
40 86
41 145
42 117
43 56
44 6
45 85
46 13
47 101
48 109
49 91
50 25
51 140
52 139
53 121
54 8
55 98
56 92
57 60
58 101
59 80
60 18
61 121
62 67
63 28
64 126
65 3
66 60
67 143
68 66
69 113
70 22
71 7
72 33
73 150
74 77
75 70
76 147
77 22
78 2
79 98
80 47
81 23
82 88
83 54
84 53
85 69
86 6
87 103
88 6
89 144
90 2
91 112
92 94
93 22
94 128
95 67
96 26
97 67
98 5
99 38
100 145
101 99
102 85
103 27
104 108
105 32
106 64
107 148
108 32
109 126
110 117
111 25
112 82
113 91
114 115
115 63
116 73
117 140
118 113
119 25
120 79
121 112
122 96
123 16
124 43
125 88
126 9
127 141
128 110
129 9
130 36
131 110
132 151
133 62
134 89
135 144
136 127
137 131
138 92
139 24
140 53
141 109
142 85
143 44
144 101
145 28
146 60
147 19
148 76
149 25
150 131
151 137
152 125
153 121
154 111
155 115
156 77
157 137
