0 31
1 123
2 111
3 140
4 47
5 121
6 134
7 110
8 36
9 46
10 70
11 85
12 140
13 118
14 21
15 137
16 43
17 54
18 90
19 149
20 114
21 92
22 98
23 121
24 70
25 77
26 17
27 85
28 64
29 131
30 36
31 79
32 45
33 70
34 2
35 15
36 98
37 69
38 74
39 14
40 115
41 29
42 151
43 134
44 144
45 125
46 130
47 153
48 139
49 100
50 56
51 155
52 65
53 46
54 97
55 140
56 87
57 111
58 146
59 92
60 125
61 14
62 92
63 100
64 14
65 70
66 65
67 117
68 144
69 7
70 56
71 1
72 107
73 23
74 147
75 48
76 78
77 42
78 132
79 140
80 157
81 92
82 117
83 38
84 54
85 78
86 84
87 55
88 129
89 111
90 102
91 9
92 32
93 99
94 50
95 50
96 111
97 90
98 48
99 71
100 15
101 111
102 151
103 48
104 115
105 20
106 131
107 145
108 23
109 157
110 86
111 71
112 137
113 96
114 8
115 141
116 107
117 19
118 132
119 139
120 59
121 94
122 60
123 21
124 63
125 34
126 134
127 129
128 71
129 118
130 20
131 47
132 39
133 84
134 107
135 107
136 95
137 8
138 108
139 95
140 98
141 112
142 69
143 157
144 87
145 51
146 53
147 77
148 42
149 50
150 151
151 79
152 75
153 100
154 43
155 43
156 119
157 47
0 109
1 123
2 47
3 140
4 31
5 146
6 134
7 110
8 36
9 119
10 95
11 14
12 140
13 118
14 88
15 48
16 104
17 52
18 43
19 149
20 114
21 92
22 98
23 121
24 81
25 108
26 146
27 115
28 139
29 131
30 42
31 131
32 126
33 70
34 2
35 15
36 98
37 69
38 153
39 138
40 115
41 140
42 34
43 134
44 146
45 53
46 30
47 153
48 139
49 111
50 60
51 155
52 153
53 76
54 97
55 140
56 87
57 111
58 91
59 92
60 97
61 14
62 92
63 100
64 69
65 123
66 65
67 117
68 127
69 7
70 56
71 1
72 30
73 23
74 147
75 48
76 78
77 42
78 132
79 140
80 118
81 92
82 117
83 2
84 51
85 117
86 150
87 1
88 92
89 111
90 102
91 9
92 145
93 99
94 148
95 42
96 37
97 148
98 120
99 34
100 15
101 111
102 151
103 48
104 115
105 20
106 131
107 145
108 23
109 6
110 88
111 71
112 126
113 96
114 8
115 136
116 107
117 19
118 42
119 139
120 59
121 136
122 98
123 150
124 63
125 34
126 113
127 129
128 78
129 77
130 98
131 47
132 139
133 84
134 17
135 107
136 34
137 141
138 108
139 95
140 98
141 12
142 149
143 157
144 87
145 51
146 53
147 121
148 42
149 50
150 151
151 118
152 75
153 53
154 32
155 110
156 119
157 47
