0 62
1 83
2 25
3 31
4 74
5 119
6 92
7 124
8 94
9 93
10 139
11 126
12 155
13 67
14 136
15 108
16 74
17 127
18 34
19 145
20 141
21 71
22 71
23 71
24 8
25 73
26 17
27 142
28 89
29 9
30 29
31 146
32 120
33 155
34 132
35 2
36 82
37 91
38 84
39 26
40 73
41 128
42 99
43 37
44 75
45 129
46 146
47 30
48 112
49 46
50 16
51 3
52 25
53 19
54 2
55 41
56 121
57 123
58 98
59 68
60 103
61 25
62 76
63 32
64 12
65 134
66 14
67 37
68 44
69 20
70 86
71 83
72 98
73 100
74 19
75 44
76 153
77 102
78 116
79 140
80 109
81 106
82 122
83 54
84 3
85 60
86 38
87 77
88 103
89 115
90 145
91 13
92 145
93 45
94 155
95 110
96 58
97 38
98 35
99 57
100 47
101 141
102 150
103 99
104 141
105 130
106 52
107 48
108 28
109 30
110 60
111 135
112 137
113 11
114 22
115 150
116 19
117 126
118 125
119 112
120 21
121 46
122 32
123 115
124 125
125 74
126 115
127 25
128 42
129 148
130 148
131 138
132 146
133 27
134 75
135 141
136 156
137 3
138 33
139 81
140 119
141 146
142 156
143 39
144 21
145 32
146 62
147 14
148 148
149 53
150 129
151 79
152 127
153 125
154 139
155 71
156 113
157 37
0 7
1 83
2 62
3 149
4 74
5 119
6 92
7 86
8 146
9 4
10 81
11 126
12 116
13 67
14 16
15 45
16 74
17 107
18 34
19 145
20 141
21 89
22 117
23 71
24 8
25 73
26 143
27 53
28 82
29 141
30 29
31 146
32 120
33 115
34 132
35 2
36 2
37 91
38 130
39 84
40 73
41 128
42 99
43 37
44 18
45 129
46 32
47 130
48 106
49 108
50 2
51 20
52 17
53 78
54 2
55 41
56 121
57 85
58 98
59 69
60 78
61 25
62 18
63 32
64 12
65 111
66 14
67 8
68 44
69 20
70 72
71 83
72 98
73 100
74 19
75 39
76 99
77 19
78 66
79 36
80 96
81 127
82 14
83 54
84 148
85 71
86 38
87 77
88 147
89 115
90 145
91 95
92 145
93 45
94 155
95 110
96 58
97 47
98 117
99 49
100 150
101 145
102 72
103 120
104 141
105 128
106 52
107 48
108 98
109 30
110 72
111 135
112 137
113 11
114 22
115 132
116 19
117 112
118 1
119 112
120 78
121 46
122 32
123 115
124 125
125 74
126 83
127 25
128 83
129 118
130 148
131 138
132 146
133 27
134 125
135 22
136 156
137 129
138 33
139 81
140 132
141 146
142 30
143 1
144 154
145 32
146 62
147 14
148 148
149 32
150 129
151 78
152 61
153 125
154 139
155 111
156 47
157 8
