0 45
1 141
2 44
3 36
4 67
5 53
6 89
7 147
8 5
9 52
10 135
11 146
12 53
13 134
14 66
15 90
16 127
17 116
18 103
19 44
20 113
21 81
22 16
23 14
24 29
25 156
26 47
27 144
28 89
29 31
30 136
31 141
32 52
33 81
34 148
35 15
36 87
37 22
38 28
39 108
40 25
41 61
42 37
43 15
44 119
45 80
46 94
47 142
48 1
49 130
50 2
51 53
52 74
53 64
54 127
55 105
56 76
57 53
58 11
59 130
60 100
61 69
62 48
63 65
64 100
65 101
66 16
67 25
68 23
69 16
70 140
71 37
72 39
73 151
74 115
75 46
76 130
77 9
78 33
79 141
80 33
81 74
82 77
83 20
84 62
85 37
86 20
87 104
88 10
89 71
90 33
91 5
92 89
93 156
94 74
95 13
96 147
97 79
98 94
99 128
100 50
101 105
102 69
103 147
104 45
105 100
106 39
107 122
108 86
109 138
110 83
111 86
112 91
113 42
114 106
115 120
116 102
117 9
118 54
119 43
120 17
121 16
122 137
123 98
124 146
125 134
126 107
127 30
128 55
129 92
130 17
131 89
132 59
133 152
134 108
135 132
136 128
137 51
138 63
139 41
140 135
141 122
142 20
143 155
144 73
145 24
146 4
147 90
148 1
149 131
150 22
151 68
152 63
153 47
154 90
155 57
156 121
157 12
0 45
1 141
2 53
3 114
4 67
5 53
6 152
7 30
8 5
9 98
10 135
11 22
12 146
13 68
14 66
15 90
16 127
17 116
18 103
19 44
20 28
21 33
22 118
23 7
24 34
25 156
26 115
27 144
28 1
29 31
30 136
31 141
32 143
33 130
34 68
35 15
36 87
37 22
38 28
39 108
40 51
41 2
42 109
43 15
44 87
45 80
46 94
47 142
48 1
49 130
50 2
51 101
52 74
53 156
54 127
55 83
56 67
57 29
58 28
59 130
60 100
61 12
62 45
63 65
64 80
65 59
66 47
67 58
68 105
69 31
70 140
71 7
72 39
73 151
74 115
75 46
76 130
77 50
78 33
79 141
80 102
81 96
82 77
83 20
84 111
85 154
86 26
87 157
88 18
89 146
90 33
91 5
92 89
93 156
94 74
95 13
96 117
97 69
98 94
99 138
100 156
101 102
102 147
103 67
104 45
105 125
106 39
107 122
108 86
109 131
110 83
111 86
112 91
113 42
114 100
115 64
116 102
117 9
118 54
119 43
120 17
121 82
122 137
123 98
124 120
125 134
126 107
127 30
128 55
129 92
130 135
131 141
132 127
133 152
134 108
135 132
136 128
137 51
138 63
139 28
140 48
141 122
142 115
143 155
144 85
145 24
146 6
147 90
148 1
149 131
150 22
151 68
152 48
153 47
154 90
155 88
156 121
157 149
