0 87
1 87
2 53
3 107
4 124
5 42
6 153
7 7
8 117
9 22
10 86
11 90
12 78
13 12
14 81
15 146
16 155
17 65
18 81
19 43
20 75
21 83
22 89
23 108
24 122
25 0
26 69
27 92
28 114
29 129
30 126
31 81
32 55
33 98
34 99
35 93
36 82
37 11
38 90
39 138
40 125
41 4
42 72
43 149
44 54
45 41
46 19
47 84
48 0
49 72
50 51
51 18
52 35
53 85
54 141
55 137
56 116
57 25
58 11
59 111
60 103
61 84
62 139
63 130
64 20
65 57
66 128
67 37
68 118
69 46
70 106
71 91
72 21
73 71
74 149
75 68
76 61
77 102
78 38
79 105
80 71
81 19
82 42
83 26
84 104
85 155
86 87
87 17
88 46
89 137
90 38
91 154
92 28
93 139
94 104
95 43
96 64
97 120
98 8
99 116
100 57
101 86
102 44
103 63
104 39
105 60
106 44
107 124
108 62
109 59
110 32
111 7
112 89
113 98
114 124
115 72
116 91
117 8
118 55
119 15
120 147
121 25
122 139
123 156
124 62
125 54
126 36
127 46
128 31
129 22
130 87
131 113
132 48
133 91
134 20
135 12
136 51
137 106
138 86
139 95
140 81
141 72
142 106
143 91
144 71
145 149
146 103
147 40
148 48
149 74
150 67
151 90
152 20
153 38
154 0
155 105
156 78
157 72
0 26
1 87
2 53
3 107
4 5
5 42
6 153
7 7
8 117
9 22
10 86
11 90
12 78
13 43
14 81
15 146
16 155
17 65
18 81
19 135
20 82
21 83
22 102
23 108
24 12
25 15
26 69
27 83
28 114
29 129
30 126
31 81
32 55
33 98
34 106
35 142
36 149
37 11
38 118
39 138
40 121
41 51
42 72
43 97
44 127
45 41
46 87
47 146
48 14
49 129
50 51
51 18
52 35
53 36
54 145
55 12
56 12
57 135
58 11
59 111
60 53
61 84
62 139
63 130
64 20
65 57
66 128
67 45
68 33
69 46
70 63
71 91
72 76
73 71
74 149
75 23
76 61
77 119
78 24
79 74
80 71
81 19
82 10
83 87
84 145
85 155
86 87
87 16
88 46
89 137
90 32
91 154
92 83
93 139
94 104
95 0
96 2
97 74
98 8
99 116
100 80
101 124
102 147
103 63
104 39
105 2
106 99
107 124
108 62
109 59
110 73
111 137
112 89
113 98
114 123
115 131
116 91
117 8
118 142
119 148
120 147
121 102
122 96
123 156
124 68
125 54
126 36
127 133
128 31
129 22
130 87
131 18
132 71
133 91
134 20
135 12
136 51
137 42
138 107
139 95
140 81
141 87
142 54
143 15
144 71
145 149
146 81
147 40
148 48
149 61
150 67
151 7
152 20
153 19
154 0
155 104
156 78
157 101
