0 41
1 141
2 112
3 153
4 100
5 51
6 22
7 104
8 36
9 30
10 99
11 117
12 3
13 39
14 47
15 113
16 100
17 140
18 10
19 122
20 122
21 122
22 7
23 154
24 60
25 83
26 147
27 49
28 121
29 66
30 104
31 131
32 84
33 95
34 62
35 126
36 29
37 134
38 140
39 151
40 45
41 122
42 77
43 131
44 5
45 53
46 143
47 121
48 17
49 94
50 62
51 149
52 80
53 78
54 73
55 145
56 155
57 64
58 15
59 142
60 82
61 26
62 102
63 33
64 7
65 112
66 37
67 118
68 20
69 156
70 68
71 25
72 155
73 52
74 96
75 54
76 48
77 156
78 153
79 129
80 69
81 157
82 18
83 97
84 121
85 85
86 141
87 49
88 57
89 25
90 14
91 2
92 39
93 148
94 153
95 66
96 142
97 1
98 56
99 106
100 123
101 105
102 94
103 2
104 9
105 9
106 2
107 121
108 63
109 43
110 30
111 115
112 95
113 68
114 115
115 127
116 149
117 90
118 76
119 87
120 46
121 76
122 108
123 42
124 31
125 111
126 139
127 129
128 81
129 43
130 35
131 47
132 5
133 44
134 39
135 1
136 91
137 21
138 74
139 84
140 129
141 25
142 146
143 146
144 53
145 118
146 60
147 93
148 94
149 24
150 58
151 27
152 76
153 85
154 0
155 26
156 61
157 38
0 41
1 141
2 38
3 153
4 22
5 126
6 154
7 104
8 98
9 30
10 73
11 100
12 3
13 27
14 47
15 115
16 128
17 140
18 10
19 122
20 33
21 48
22 7
23 154
24 57
25 83
26 46
27 48
28 121
29 66
30 70
31 131
32 84
33 95
34 62
35 126
36 29
37 11
38 63
39 151
40 79
41 81
42 77
43 19
44 65
45 93
46 26
47 121
48 17
49 94
50 62
51 12
52 80
53 46
54 48
55 145
56 145
57 64
58 15
59 142
60 82
61 26
62 102
63 33
64 7
65 89
66 37
67 118
68 20
69 156
70 146
71 77
72 155
73 111
74 96
75 54
76 111
77 140
78 156
79 98
80 107
81 31
82 18
83 74
84 133
85 85
86 141
87 49
88 108
89 25
90 14
91 2
92 39
93 148
94 153
95 139
96 142
97 1
98 56
99 106
100 153
101 105
102 94
103 70
104 65
105 9
106 2
107 58
108 63
109 43
110 30
111 73
112 64
113 94
114 115
115 127
116 149
117 90
118 76
119 150
120 46
121 33
122 108
123 42
124 31
125 10
126 139
127 39
128 81
129 43
130 26
131 47
132 5
133 44
134 39
135 1
136 91
137 21
138 152
139 84
140 129
141 148
142 66
143 146
144 53
145 98
146 60
147 93
148 94
149 24
150 58
151 54
152 76
153 85
154 15
155 106
156 82
157 44
