0 117
1 75
2 117
3 45
4 33
5 127
6 112
7 102
8 55
9 31
10 147
11 127
12 81
13 13
14 13
15 21
16 26
17 72
18 24
19 145
20 50
21 65
22 91
23 6
24 101
25 70
26 65
27 13
28 126
29 78
30 88
31 89
32 117
33 20
34 64
35 49
36 123
37 81
38 63
39 10
40 35
41 142
42 63
43 65
44 10
45 131
46 27
47 147
48 83
49 6
50 54
51 31
52 99
53 142
54 22
55 120
56 100
57 129
58 28
59 42
60 140
61 67
62 128
63 11
64 2
65 147
66 126
67 22
68 24
69 30
70 92
71 128
72 150
73 17
74 126
75 140
76 91
77 113
78 27
79 49
80 37
81 54
82 64
83 123
84 37
85 100
86 157
87 78
88 152
89 133
90 10
91 55
92 101
93 133
94 96
95 28
96 106
97 116
98 26
99 68
100 60
101 149
102 83
103 34
104 29
105 132
106 32
107 29
108 99
109 57
110 18
111 24
112 149
113 147
114 156
115 134
116 99
117 67
118 10
119 17
120 2
121 157
122 119
123 46
124 64
125 3
126 117
127 124
128 7
129 59
130 7
131 111
132 82
133 107
134 97
135 34
136 127
137 112
138 66
139 151
140 51
141 8
142 99
143 70
144 114
145 147
146 124
147 145
148 31
149 25
150 131
151 11
152 44
153 126
154 60
155 96
156 154
157 152
0 117
1 49
2 36
3 45
4 67
5 127
6 23
7 102
8 55
9 31
10 52
11 118
12 81
13 13
14 153
15 21
16 21
17 72
18 24
19 145
20 156
21 15
22 91
23 6
24 101
25 70
26 44
27 13
28 126
29 78
30 118
31 89
32 117
33 20
34 103
35 154
36 123
37 35
38 84
39 10
40 35
41 142
42 63
43 75
44 10
45 4
46 27
47 119
48 83
49 112
50 54
51 31
52 44
53 34
54 115
55 120
56 100
57 129
58 110
59 42
60 140
61 67
62 87
63 11
64 145
65 147
66 126
67 22
68 24
69 13
70 92
71 71
72 131
73 17
74 120
75 140
76 81
77 113
78 2
79 49
80 145
81 54
82 64
83 123
84 37
85 100
86 84
87 78
88 152
89 127
90 10
91 55
92 118
93 133
94 96
95 33
96 106
97 153
98 19
99 68
100 95
101 12
102 83
103 9
104 114
105 82
106 32
107 22
108 5
109 39
110 3
111 24
112 149
113 147
114 156
115 4
116 99
117 67
118 23
119 17
120 75
121 131
122 32
123 46
124 64
125 3
126 101
127 99
128 7
129 136
130 12
131 46
132 82
133 107
134 97
135 34
136 67
137 96
138 106
139 147
140 51
141 8
142 99
143 96
144 30
145 144
146 124
147 90
148 1
149 25
150 106
151 11
152 44
153 87
154 68
155 96
156 95
157 152
