0 29
1 84
2 67
3 91
4 73
5 152
6 133
7 46
8 14
9 23
10 73
11 129
12 34
13 70
14 5
15 148
16 137
17 1
18 24
19 89
20 87
21 135
22 92
23 48
24 141
25 69
26 156
27 93
28 44
29 150
30 123
31 77
32 115
33 94
34 45
35 141
36 123
37 113
38 115
39 7
40 80
41 57
42 23
43 25
44 23
45 22
46 33
47 141
48 85
49 13
50 134
51 130
52 80
53 131
54 74
55 54
56 24
57 1
58 139
59 33
60 1
61 16
62 80
63 74
64 57
65 60
66 40
67 149
68 132
69 85
70 113
71 100
72 98
73 75
74 42
75 100
76 132
77 116
78 128
79 61
80 135
81 2
82 4
83 5
84 100
85 13
86 49
87 15
88 108
89 147
90 150
91 9
92 44
93 97
94 19
95 92
96 41
97 92
98 124
99 105
100 137
101 111
102 119
103 118
104 154
105 154
106 23
107 27
108 156
109 45
110 56
111 138
112 81
113 30
114 115
115 84
116 34
117 38
118 107
119 104
120 122
121 39
122 132
123 73
124 143
125 87
126 133
127 81
128 6
129 72
130 114
131 80
132 131
133 36
134 37
135 22
136 90
137 7
138 27
139 87
140 51
141 72
142 100
143 87
144 27
145 122
146 102
147 1
148 9
149 100
150 103
151 132
152 74
153 25
154 115
155 61
156 92
157 120
0 29
1 84
2 139
3 91
4 73
5 104
6 133
7 16
8 145
9 134
10 73
11 20
12 76
13 70
14 5
15 31
16 13
17 1
18 49
19 22
20 101
21 135
22 92
23 48
24 54
25 153
26 85
27 93
28 44
29 103
30 144
31 48
32 115
33 155
34 45
35 141
36 152
37 109
38 115
39 7
40 80
41 57
42 23
43 25
44 107
45 65
46 85
47 141
48 85
49 134
50 115
51 130
52 72
53 44
54 74
55 138
56 24
57 1
58 139
59 132
60 55
61 60
62 80
63 74
64 66
65 60
66 40
67 149
68 41
69 85
70 93
71 62
72 98
73 75
74 42
75 76
76 102
77 116
78 128
79 63
80 125
81 2
82 4
83 146
84 100
85 125
86 51
87 145
88 130
89 23
90 68
91 146
92 44
93 133
94 19
95 24
96 41
97 92
98 124
99 105
100 19
101 111
102 119
103 118
104 154
105 154
106 23
107 130
108 156
109 74
110 56
111 76
112 81
113 142
114 113
115 84
116 34
117 38
118 104
119 7
120 67
121 24
122 150
123 44
124 127
125 87
126 133
127 81
128 60
129 39
130 78
131 69
132 131
133 36
134 37
135 22
136 90
137 7
138 11
139 57
140 150
141 72
142 100
143 87
144 27
145 122
146 102
147 1
148 121
149 100
150 86
151 132
152 74
153 11
154 115
155 74
156 92
157 120
